2 0.1479669887278583 1.0403866666666666 0.008993558776167485 -0.24221333333333328
2 0.3858856682769726 1.7997333333333332 -0.47809983896940417 -1.8104533333333335
3 0.197914653784219 1.0176666666666667 -0.15272141706924314 -0.5734133333333332
2 0.3590217391304348 1.5155733333333334 -0.4278502415458937 -1.5719466666666666
2 0.35683574879227054 1.3494266666666666 -0.4288244766505636 -1.4494666666666665
3 0.10483494363929145 0.7984533333333332 0.017834138486312403 -0.36655999999999994
2 0.35802334943639286 1.3676266666666668 -0.45166666666666666 -1.5650666666666666
3 0.3119726247987118 1.1212399999999998 -0.3611111111111111 -1.19112
3 0.37378824476650563 1.4890933333333332 -0.5099597423510466 -1.9142933333333334
2 0.26915458937198067 0.9743466666666666 -0.25842190016103056 -0.8861866666666665
8 0.29043478260869565 1.0492133333333333 -0.31702093397745573 -1.07144
8 0.3230837359098229 1.17288 -0.4092914653784219 -1.3701866666666667
