0 0.33139741518578353 1.2364438502673796 -0.40285945072697904 -1.2056684491978609
0 0.33843699515347336 1.2673930481283422 -0.4226252019386107 -1.2717914438502673
0 0.24758077544426496 0.9677005347593581 -0.2369870759289176 -0.6449732620320855
1 0.3080694668820679 1.1078877005347592 -0.3535218093699516 -1.1106951871657753
8 0.42456381260096937 1.6177139037433153 -0.538626817447496 -1.6838235294117647
8 0.2793861066235864 1.0693582887700535 -0.29189014539579966 -1.0328877005347594
8 0.3528150242326333 1.26798128342246 -0.44545234248788373 -1.4356417112299467
8 0.4937924071082391 2.0443716577540108 -0.6334168012924071 -2.099438502673797
8 0.08134491114701131 0.5957620320855614 0.13776252019386107 0.29767379679144385
8 0.22064620355411954 0.8360294117647059 -0.1676898222940226 -0.4939839572192513
