2 0.3365861513687601 1.1893466666666666 -0.39161030595813207 -1.3246666666666667
4 0.08729066022544282 0.9697333333333332 -0.026900161030595823 -0.5887466666666668
2 0.3448792270531401 1.2521466666666667 -0.4124798711755233 -1.4095733333333333
2 0.07792270531400966 1.0136 0.15584541062801932 -0.0325333333333333
2 0.2722584541062802 0.977 -0.2516988727858293 -0.8592266666666667
6 0.30030193236714975 1.1162266666666665 -0.34516103059581327 -1.2270666666666665
8 0.28230676328502413 1.02816 -0.2878019323671498 -1.0004266666666666
8 0.4870410628019323 1.6629466666666666 -0.7169001610305957 -2.401466666666667
8 0.2621779388083736 0.92956 -0.2609742351046699 -0.9087733333333333
8 0.39640901771336556 1.3495199999999998 -0.5346537842190016 -1.7871999999999997
8 0.40364734299516913 1.3764666666666665 -0.5497584541062801 -1.8321866666666666
8 0.4212157809983897 1.4614666666666665 -0.587842190016103 -1.9937066666666665
8 0.4372222222222222 1.5190533333333331 -0.6184702093397746 -2.11
8 0.5081561996779388 1.7509466666666667 -0.7650080515297908 -2.573786666666667
8 0.5207528180354267 1.7984266666666666 -0.791988727858293 -2.6578666666666666
8 0.5319847020933978 1.84628 -0.8167069243156201 -2.7331999999999996
8 0.5455636070853461 1.8868933333333333 -0.8449436392914654 -2.839493333333333
8 0.41045893719806764 1.416573333333333 -0.5667632850241545 -1.904453333333333
8 0.3843317230273752 1.3133733333333333 -0.511658615136876 -1.7198133333333334
8 0.49756843800322065 1.6865733333333333 -0.7343317230273751 -2.43736
8 0.4771739130434782 1.6247333333333331 -0.6991143317230273 -2.321413333333333
8 0.45256441223832533 1.6170666666666667 -0.6568357487922705 -2.283786666666666
