2 0.33977858293075686 1.1954266666666666 -0.3985265700483092 -1.3449866666666666
4 0.040676328502415454 0.9570533333333332 0.045056360708534623 -0.4972
2 0.3513808373590982 1.2582799999999998 -0.4260789049919485 -1.4430133333333333
2 0.21709742351046699 1.1595333333333333 -0.14103864734299518 -0.7095733333333334
2 0.07368357487922705 0.8764933333333333 0.1473671497584541 0.01111999999999989
2 0.2679428341384863 0.9678 -0.2424074074074074 -0.8311199999999999
6 0.3015016103059582 1.1188533333333333 -0.3478824476650563 -1.2316799999999999
8 0.38277375201288244 1.4888266666666665 -0.5122463768115942 -2.0669866666666667
8 0.4772946859903382 1.8835199999999999 -0.7014492753623188 -2.8266666666666667
8 0.2646940418679549 0.9198266666666667 -0.2576167471819646 -0.8726666666666666
