2 0.31105072463768113 1.1795333333333333 -0.3368357487922706 -1.1465866666666664
2 0.19517713365539455 1.0115333333333334 -0.10115942028985508 -0.6167733333333334
2 0.23601851851851852 0.9914 -0.1883333333333333 -0.76264
2 0.24539452495974232 1.0082266666666668 -0.2112399355877617 -0.8520266666666666
2 0.25973027375201285 1.01336 -0.2432447665056361 -0.9394666666666666
3 0.2705434782608696 1.0390133333333333 -0.28852657004830917 -1.04576
0 0.47201288244766504 2.003693333333333 -0.6412077294685989 -2.01272
2 0.40793075684380037 1.88124 -0.5109822866344605 -2.014266666666667
2 0.37789452495974235 1.5320133333333332 -0.4573188405797102 -1.658213333333333
2 0.3579468599033817 1.4060666666666668 -0.4432528180354267 -1.5422133333333334
0 0.34898953301127217 1.2263066666666667 -0.4188808373590982 -1.3335199999999998
2 0.38153784219001613 1.45864 -0.4877616747181964 -1.788213333333333
2 0.07191626409017712 0.71136 0.14383252818035425 0.07381333333333343
2 0.14856280193236715 0.7783066666666667 -0.015499194847020933 -0.2673333333333333
2 0.3120772946859904 1.1248799999999999 -0.3476489533011272 -1.1598399999999998
2 0.18658212560386475 0.8109999999999999 -0.09036231884057973 -0.40152000000000004
3 0.41739130434782606 1.6749733333333332 -0.5850724637681161 -2.202
2 0.06863123993558776 0.46973333333333334 0.1372624798711755 0.34405333333333327
8 0.21018115942028986 0.7809466666666667 -0.16367954911433172 -0.5726666666666668
