0 0.11195880452342488 0.9391310160427807 0.07748788368336025 0.11639037433155072
0 0.4534006462035541 1.755802139037433 -0.6521324717285946 -1.963903743315508
0 0.16424071082390954 0.8397459893048128 -0.054135702746365116 0.13639037433155077
1 0.23527059773828757 1.0439973262032085 -0.19676090468497578 -0.5315775401069518
0 0.38924071082390954 1.4593181818181817 -0.5320840064620356 -1.5826470588235293
0 0.3020436187399031 1.1308689839572192 -0.3391276252019387 -0.9897058823529411
0 0.2788004846526656 1.0430213903743315 -0.2897657512116317 -0.8525133689839572
0 0.29302100161550887 1.0714973262032086 -0.31878836833602586 -0.943048128342246
0 0.34991922455573504 1.2718181818181817 -0.44502423263327945 -1.3562032085561495
8 0.31379240710823914 1.2096390374331552 -0.3657269789983845 -1.2911497326203207
