2 0.10851046698872786 1.0787733333333331 0.10549114331723027 -0.16287999999999994
2 0.08421900161030596 0.7634533333333333 0.16843800322061192 0.46775999999999995
1 0.5676529790660225 2.1533333333333333 -0.8136151368760064 -2.312
2 0.2680595813204509 1.0652933333333334 -0.23389694041867956 -0.8002933333333332
2 0.2889774557165861 1.0655866666666667 -0.27555555555555555 -0.92536
3 0.2893438003220612 1.0619466666666666 -0.30313204508856684 -0.9910399999999999
2 0.34222624798711754 1.3616 -0.39081320450885665 -1.4945066666666669
2 0.33890901771336557 1.3133066666666666 -0.3807487922705314 -1.4445333333333334
2 0.3292230273752013 1.2357066666666667 -0.3680434782608696 -1.3389333333333333
3 0.3009420289855072 1.0616133333333333 -0.32004830917874394 -1.0568266666666666
3 0.2208011272141707 1.0824666666666665 -0.1715700483091787 -0.6259466666666665
1 0.4535024154589372 1.7217466666666668 -0.6371980676328504 -2.0865333333333336
