2 0.2890257648953301 1.0267199999999999 -0.2647987117552335 -0.8833599999999999
3 0.30513687600644124 1.1009200000000001 -0.31106280193236713 -1.0325600000000001
6 0.22275362318840577 0.9158266666666667 -0.17809983896940418 -0.6937333333333332
8 0.14392109500805153 0.5976133333333333 0.00405797101449277 -0.028240000000000008
8 0.18543880837359097 0.6795599999999999 -0.08065217391304347 -0.2698933333333333
8 0.26175523349436397 0.98232 -0.23832528180354268 -0.8421333333333332
8 0.3295692431561997 1.17072 -0.3689130434782608 -1.2885333333333333
8 0.48653784219001606 1.6629733333333332 -0.6599355877616747 -2.1865866666666665
8 0.35036231884057967 1.2238666666666667 -0.4025281803542673 -1.3975466666666667
8 0.36787037037037035 1.2801066666666665 -0.4368035426731079 -1.5001066666666665
8 0.38386876006441223 1.34208 -0.46818840579710147 -1.6177066666666666
8 0.41287439613526566 1.4282000000000001 -0.518792270531401 -1.7709066666666666
8 0.4563285024154589 1.5522 -0.6010628019323672 -1.9902133333333334
8 0.5022584541062802 1.7382 -0.6919404186795491 -2.303066666666667
8 0.523671497584541 1.8208399999999998 -0.7320450885668277 -2.467813333333333
8 0.561207729468599 1.9477333333333335 -0.8144605475040257 -2.7173333333333334
8 0.4335748792270531 1.5011333333333332 -0.5658132045088566 -1.8940533333333331
8 0.3946940418679549 1.3962266666666667 -0.49916264090177137 -1.7087733333333333
8 0.45885668276972624 1.6420666666666666 -0.6207729468599034 -2.1004533333333333
8 0.5305595813204508 1.90872 -0.7675442834138486 -2.600426666666666
