1 0.43266908212560384 1.5985199999999997 -0.6145652173913043 -1.965253333333333
2 0.35772544283413843 1.2652266666666665 -0.43414653784219004 -1.4398399999999998
8 0.18360708534621578 0.7194 -0.07826086956521738 -0.29704
8 0.32013687600644125 1.13208 -0.36305958132045096 -1.2540799999999999
8 0.19604669887278584 0.7519466666666667 -0.10602254428341383 -0.41930666666666666
8 0.1943196457326892 0.7847733333333333 -0.11148953301127212 -0.49701333333333336
8 0.21440821256038645 0.8072400000000001 -0.14379227053140095 -0.5624266666666667
8 0.25856682769726247 0.9182533333333334 -0.2377938808373591 -0.8350666666666666
8 0.2819484702093398 0.98748 -0.28262479871175533 -0.95368
8 0.22737117552334943 0.8712266666666667 -0.1829710144927536 -0.7254400000000001
8 0.27643719806763284 0.96012 -0.2659983896940419 -0.9087733333333335
