2 0.48142109500805147 2.1533333333333333 -0.66902576489533 -2.312
2 0.21737117552334945 1.1253466666666667 -0.13599838969404188 -0.6800799999999999
0 0.41036231884057967 1.4681066666666664 -0.5633977455716587 -1.7554133333333333
2 0.401670692431562 1.5712133333333334 -0.5165136876006441 -1.8007733333333331
2 0.39396135265700477 1.47908 -0.5011916264090177 -1.7285066666666669
2 0.29693639291465374 1.1542133333333333 -0.3055636070853462 -1.0785066666666665
2 0.3127938808373591 1.1605599999999998 -0.3378582930756843 -1.1575466666666667
2 0.3875322061191626 1.4134399999999998 -0.488365539452496 -1.6530133333333332
2 0.3378019323671498 1.2151466666666666 -0.39322061191626406 -1.3414933333333334
8 0.3628220611916264 1.3184533333333333 -0.46226247987117564 -1.5810133333333332
8 0.1292431561996779 0.5309466666666667 0.04012882447665057 0.016240000000000008
8 0.3858856682769726 1.39484 -0.5100644122383253 -1.8115466666666666
8 0.42069243156199676 1.4851200000000002 -0.5746376811594204 -1.9976533333333333
