2 0.3094122383252818 1.1427599999999998 -0.33460547504025767 -1.1147466666666666
2 0.4242753623188406 2.1533333333333333 -0.5932367149758454 -2.312
2 0.4003945249597423 1.7871333333333332 -0.5159259259259259 -1.9619466666666667
2 0.37342592592592594 1.605 -0.46082930756843804 -1.8077066666666668
2 0.26956521739130435 0.9630666666666666 -0.24842190016103058 -0.8539733333333334
2 0.19781400966183574 0.87964 -0.0914412238325282 -0.4230133333333333
2 0.34464170692431556 1.3568933333333333 -0.40979871175523347 -1.5358666666666665
2 0.3360024154589372 1.2731999999999999 -0.3902979066022545 -1.4299199999999996
3 0.32530998389694044 1.2080666666666666 -0.38068438003220617 -1.35688
2 0.24550322061191623 0.8964133333333333 -0.2084138486312399 -0.72664
2 0.25488727858293075 0.9134933333333333 -0.2247504025764895 -0.7712000000000001
2 0.23764895330112717 0.84392 -0.18929146537842187 -0.6432533333333332
8 0.2793719806763285 1.0309466666666667 -0.2953623188405797 -1.0560266666666667
