2 0.07744363929146537 1.03508 0.15488727858293075 -0.07549333333333334
2 0.20683977455716585 1.32872 -0.1255314009661836 -0.6732266666666666
2 0.4567954911433172 2.1533333333333333 -0.59573268921095 -2.312
2 0.31150161030595813 1.3093866666666665 -0.3392995169082126 -1.2260266666666666
2 0.3663486312399356 1.33424 -0.46082930756843793 -1.5568533333333332
2 0.42787037037037035 1.5954533333333332 -0.5686070853462158 -1.9099466666666667
8 0.3881038647342995 1.3460266666666667 -0.5126489533011273 -1.710346666666667
8 0.41542673107890504 1.4410266666666667 -0.5533333333333333 -1.8446666666666667
8 0.3887962962962963 1.3450533333333334 -0.5135668276972624 -1.71096
8 0.39820853462157807 1.3662666666666667 -0.5350966183574879 -1.7786133333333334
