2 0.3993719806763285 2.06128 -0.5903864734299517 -2.4961066666666665
2 0.5340217391304348 1.90512 -0.8401207729468599 -2.8084266666666666
2 0.2102536231884058 0.9317733333333333 -0.13768921095008052 -0.53608
2 0.23798711755233493 1.0626 -0.20106280193236714 -0.7592266666666667
2 0.38629227053140097 1.54848 -0.5407648953301127 -2.0380800000000003
2 0.4471980676328503 1.6302933333333334 -0.6613204508856683 -2.2847999999999997
3 0.48993558776167473 1.8015199999999998 -0.7661191626409017 -2.6542933333333334
2 0.4626167471819646 1.68812 -0.6930917874396135 -2.4217866666666668
2 0.23597826086956525 0.9564666666666667 -0.18461352657004831 -0.6847733333333332
2 0.3315297906602255 1.2018133333333334 -0.39521739130434785 -1.3438399999999997
2 0.3104106280193237 1.10544 -0.34423510466988727 -1.1595733333333333
2 0.2912761674718196 1.0305066666666667 -0.3156602254428341 -1.09424
