0 0.2096417069243156 0.8457733333333332 -0.1486070853462158 -0.34552
1 0.5118317230273752 2.039093333333333 -0.7648228663446055 -2.54048
2 0.10854669887278583 0.7915599999999999 0.07071658615136875 -0.122
2 0.28907004830917876 1.1752 -0.2969967793880837 -1.2004266666666665
3 0.3978582930756844 1.5077600000000002 -0.5385185185185184 -1.9395200000000001
2 0.34960547504025763 1.2301733333333333 -0.42045088566827693 -1.4174666666666669
2 0.23151368760064409 0.9040266666666666 -0.1763929146537842 -0.6825066666666667
2 0.29814814814814816 1.0484666666666664 -0.3116425120772947 -1.0552799999999998
2 0.2805837359098229 0.9974399999999999 -0.27644927536231884 -0.9506666666666667
8 0.3330475040257649 1.1559466666666667 -0.3859339774557165 -1.3226666666666667
