2 0.17044685990338163 0.9148933333333332 -0.07528985507246376 -0.5069066666666666
2 0.19863929146537843 0.9373733333333333 -0.12122383252818035 -0.6466933333333333
2 0.38535024154589376 1.4250533333333333 -0.5251449275362319 -1.7978933333333333
2 0.4100885668276973 1.480133333333333 -0.5601610305958132 -1.9305066666666664
2 0.2213365539452496 0.9498800000000001 -0.16080515297906603 -0.74248
2 0.23116747181964575 0.9421866666666666 -0.17999999999999997 -0.7426133333333333
2 0.2302697262479871 0.9661466666666666 -0.19103864734299517 -0.8190666666666666
8 0.2790499194847021 1.0110533333333334 -0.28937198067632847 -1.0425333333333333
8 0.36710950080515303 1.2729199999999998 -0.4764734299516908 -1.6116
8 0.3238204508856683 1.1545466666666666 -0.3859339774557166 -1.3476533333333334
8 0.4286634460547504 1.5309599999999999 -0.6107085346215781 -2.1226666666666665
8 0.3125 1.0823333333333334 -0.36831723027375207 -1.1920799999999998
