2 0.38983091787439617 1.8591733333333331 -0.4891787439613527 -2.0940266666666667
2 0.07469001610305959 0.7614799999999998 0.14938003220611917 0.04248000000000002
2 0.37185587761674715 1.6644266666666667 -0.4469645732689211 -1.8436266666666667
2 0.09778582930756843 0.74152 0.08822866344605476 -0.07173333333333327
2 0.11280193236714978 0.7751333333333333 0.048228663446054754 -0.19960000000000006
2 0.14859098228663448 0.81096 -0.029098228663446066 -0.31413333333333326
2 0.1657085346215781 0.7872666666666667 -0.05876006441223834 -0.3786400000000001
2 0.2544404186795491 0.9294933333333333 -0.22132850241545893 -0.76992
8 0.5227053140096619 1.8551733333333333 -0.7391304347826086 -2.527093333333333
8 0.22797101449275362 0.78784 -0.1701127214170692 -0.5641600000000001
8 0.24545491143317233 0.8610933333333334 -0.2034057971014493 -0.6960533333333333
