2 0.312487922705314 1.2289199999999998 -0.3235104669887278 -1.1070666666666666
2 0.14880434782608695 0.7241466666666666 -0.0006038647342995169 -0.1648800000000001
1 0.42735104669887275 1.7153066666666665 -0.5760547504025765 -2.0086933333333334
3 0.33826892109500806 1.3321333333333332 -0.42278582930756836 -1.4060266666666665
0 0.2478180354267311 0.9744133333333332 -0.22425120772946858 -0.5705866666666666
3 0.20188808373590983 0.80936 -0.12042673107890496 -0.46432
2 0.23717793880837357 0.9970666666666665 -0.1843075684380032 -0.7568533333333332
2 0.2535346215780998 1.01708 -0.2098389694041868 -0.8587466666666665
2 0.2686634460547504 1.0245733333333333 -0.2449597423510467 -0.9188533333333333
2 0.28202898550724637 1.0309066666666666 -0.2739452495974235 -0.9912000000000001
2 0.3059460547504026 1.1241466666666666 -0.3207165861513687 -1.0721866666666668
2 0.20513687600644123 0.7919999999999999 -0.12103059581320451 -0.4853866666666666
8 0.2898550724637681 1.0531599999999999 -0.3146537842190016 -1.1004533333333333
8 0.31669082125603865 1.1364933333333334 -0.3683252818035426 -1.2615733333333334
