2 0.3872383252818035 1.9975466666666668 -0.4892592592592592 -2.000426666666667
2 0.07777777777777778 0.6818533333333333 0.15555555555555556 0.63096
2 0.07225040257648953 0.8175466666666668 0.14450080515297906 0.1808533333333333
2 0.06417471819645733 0.7975733333333334 0.12834943639291466 0.04661333333333323
2 0.11980676328502417 0.8201066666666665 0.059484702093397755 -0.18810666666666673
2 0.17486312399355877 0.9239733333333333 -0.04916264090177134 -0.47530666666666666
2 0.195 0.9541066666666667 -0.09787439613526573 -0.5902933333333333
2 0.20754025764895329 0.9391200000000001 -0.1254669887278583 -0.5897066666666667
2 0.20642512077294686 0.96112 -0.13196457326892108 -0.6951466666666665
2 0.23038647342995167 0.9595600000000001 -0.17454106280193235 -0.7491466666666666
2 0.24405394524959742 0.9850133333333333 -0.21419484702093394 -0.8385066666666667
1 0.30252415458937193 1.0407466666666665 -0.31915458937198066 -1.0228266666666666
2 0.3468921095008051 1.3138266666666667 -0.39748792270531397 -1.3551733333333331
2 0.36353462157809985 1.43364 -0.45024154589371984 -1.6844000000000001
2 0.3449597423510467 1.2828 -0.41260869565217384 -1.4735466666666668
2 0.3269565217391304 1.1438133333333333 -0.36561996779388084 -1.2274133333333335
8 0.2833856682769726 1.00164 -0.27569243156199674 -0.9602399999999999
8 0.3132085346215781 1.0568266666666666 -0.341328502415459 -1.1350933333333333
8 0.28859500805152977 1.0448266666666666 -0.29535426731078906 -1.0837866666666665
8 0.314597423510467 1.11428 -0.35574879227053136 -1.2115466666666665
