2 0.22619967793880838 0.92748 -0.13877616747181964 -0.5350133333333333
2 0.33716988727858294 1.2593866666666667 -0.3923590982286634 -1.3401066666666666
2 0.2448832528180354 0.9505333333333332 -0.18173107890499196 -0.6657599999999999
2 0.25986312399355876 0.9727733333333334 -0.22763285024154592 -0.78
2 0.26812399355877614 0.9777199999999999 -0.2434460547504026 -0.83192
3 0.4780917874396135 1.8006666666666666 -0.744718196457327 -2.633226666666667
2 0.08404589371980677 0.46742666666666666 0.16809178743961353 0.39261333333333337
2 0.09671900161030596 0.53952 0.13416264090177132 0.24005333333333334
8 0.2989291465378422 1.03228 -0.31417069243156204 -1.053146666666667
8 0.3227777777777778 1.11148 -0.3647181964573269 -1.2134133333333335
8 0.3110225442834138 1.0572133333333333 -0.3413848631239936 -1.1323466666666666
8 0.28873590982286634 0.9982266666666667 -0.28636070853462164 -0.9525600000000001
8 0.5351650563607085 1.8922666666666668 -0.8438405797101449 -2.82864
8 0.3523389694041868 1.32816 -0.45303542673107894 -1.7171199999999998
8 0.4106280193236715 1.421213333333333 -0.564573268921095 -1.8865333333333332
