2 0.49191223832528186 2.0217866666666664 -0.7447745571658615 -2.5750933333333337
2 0.07691626409017713 0.60396 0.15383252818035426 0.7867466666666666
2 0.07386070853462158 0.7221866666666666 0.14772141706924316 0.3786133333333333
2 0.06440821256038648 0.8471066666666666 0.12881642512077296 -0.09373333333333342
2 0.16102657004830917 0.9187066666666666 -0.054613526570048296 -0.5145333333333334
2 0.1820008051529791 0.9317733333333332 -0.07810789049919487 -0.5982133333333333
2 0.10897745571658615 0.8504533333333334 0.06475040257648954 -0.27871999999999997
2 0.25198067632850246 1.0066933333333332 -0.22317230273752015 -0.9195733333333331
2 0.46702898550724636 1.8374000000000001 -0.6735909822866345 -2.4727200000000003
2 0.3394766505636071 1.3150799999999998 -0.3974718196457327 -1.49784
8 0.31291867954911434 1.0892666666666666 -0.35741545893719806 -1.14488
