1 0.08105072463768115 0.71316 0.10485507246376813 0.3652533333333334
3 0.2272061191626409 1.0330266666666665 -0.22138486312399358 -0.8205600000000001
1 0.32648953301127215 1.2134533333333333 -0.37495974235104673 -1.2148
0 0.4762640901771336 1.7346933333333332 -0.6876972624798712 -2.1490666666666667
0 0.4405515297906602 1.5936 -0.6140982286634461 -1.9223999999999999
5 0.4086755233494364 1.4913466666666666 -0.5286553945249598 -1.7532
5 0.4051610305958132 1.4722000000000002 -0.5158454106280193 -1.7287199999999998
2 0.21281400966183575 0.8666533333333333 -0.13469404186795492 -0.60568
8 0.34479066022544286 1.2073333333333334 -0.42115942028985504 -1.4087466666666666
8 0.15734299516908215 0.7281733333333333 -0.03619967793880838 -0.27821333333333337
