2 0.3044681708299758 1.0980851063829786 -0.3218452860596293 -1.0708510638297872
2 0.0832836422240129 0.7620877659574469 0.1665672844480258 0.4705053191489362
2 0.17023771152296532 0.8201462765957447 -0.036220789685737324 -0.2893882978723403
2 0.22742949234488316 1.0288829787234042 -0.14765511684125704 -0.6107446808510638
2 0.2188275584206285 0.8776994680851063 -0.13970185334407736 -0.5451329787234043
2 0.260624496373892 0.9836303191489362 -0.22334407735697015 -0.7917287234042555
3 0.26952054794520547 1.0047739361702128 -0.2827800161160354 -0.9185372340425532
2 0.07577356970185334 0.5239760638297872 0.15154713940370668 0.3856648936170212
2 0.15900080580177275 0.7091356382978723 -0.015100725221595494 -0.1944946808510638
2 0.1888879935535858 0.7707712765957446 -0.08852538275584204 -0.3835638297872341
8 0.28662771958098304 1.0100265957446808 -0.29380338436744563 -0.9919148936170213
