2 0.40144927536231884 2.1533333333333333 -0.5058937198067632 -2.312
2 0.36859903381642506 1.6697199999999999 -0.4432528180354267 -1.6437066666666669
2 0.3471658615136876 1.40092 -0.407085346215781 -1.4234399999999998
2 0.26102657004830915 1.0308400000000002 -0.2349355877616747 -0.8174133333333334
2 0.3426127214170692 1.2825733333333331 -0.39646537842190016 -1.3469066666666667
2 0.3340700483091787 1.20956 -0.37938003220611916 -1.2746933333333332
2 0.3271054750402576 1.1608933333333333 -0.3682850241545894 -1.23496
7 0.3147181964573269 1.1512 -0.3809822866344606 -1.2431999999999999
8 0.3040378421900161 1.0441866666666666 -0.32500000000000007 -1.085173333333333
8 0.2955314009661836 1.0203866666666666 -0.3064573268921095 -1.0265333333333335
