2 0.096243961352657 0.7385066666666666 0.10701288244766508 0.0614399999999999
2 0.1962037037037037 0.8467866666666666 -0.0934219001610306 -0.43858666666666657
6 0.34531400966183573 1.2387466666666667 -0.44225442834138484 -1.47104
2 0.22612318840579707 0.8973999999999999 -0.169170692431562 -0.6146933333333332
2 0.2467914653784219 0.92204 -0.19793075684380032 -0.69864
2 0.2534098228663446 0.9490933333333333 -0.2201851851851852 -0.77232
2 0.2727254428341385 0.9814799999999998 -0.25488727858293075 -0.8772533333333332
8 0.29362721417069243 1.0243733333333334 -0.3027777777777778 -1.0272533333333334
8 0.37120772946859903 1.276773333333333 -0.4823832528180354 -1.5698666666666667
8 0.3921739130434783 1.34344 -0.5209661835748792 -1.68656
