2 0.20871323529411764 1.0366891891891894 -0.1271486928104575 -0.5731081081081082
1 0.4960008169934641 1.904864864864865 -0.7801552287581699 -2.6541621621621623
1 0.4622916666666667 1.7211891891891893 -0.6993709150326798 -2.342864864864865
0 0.29444035947712416 1.1090945945945947 -0.3303839869281046 -0.9972162162162164
1 0.38584558823529413 1.390864864864865 -0.5193545751633988 -1.729189189189189
0 0.2287418300653595 0.8936621621621621 -0.20034313725490194 -0.5220810810810812
1 0.4126225490196078 1.4658243243243245 -0.5780065359477125 -1.8660810810810813
0 0.15264297385620917 0.6272162162162163 -0.015563725490196089 0.015567567567567544
0 0.15119281045751634 0.6162027027027027 -0.006633986928104579 0.047270270270270295
1 0.18448937908496732 0.8194054054054055 -0.09391339869281047 -0.3337297297297298
0 0.17106617647058822 0.6822837837837838 -0.05311274509803921 -0.09586486486486487
0 0.15660539215686275 0.657891891891892 -0.03090686274509803 0.004756756756756809
0 0.20310457516339872 0.795945945945946 -0.14031045751633991 -0.3254594594594594
2 0.5207924836601306 1.8930810810810814 -0.8168464052287582 -2.8246486486486484
2 0.48196895424836605 1.8147702702702704 -0.7162091503267974 -2.6246756756756757
8 0.32107434640522875 1.1169324324324326 -0.3774101307189543 -1.2925675675675676
8 0.26134395424836604 0.9326756756756758 -0.2506127450980392 -0.8318378378378379
