2 0.37632447665056357 1.5756266666666667 -0.46008856682769733 -1.6790933333333335
2 0.3130394524959742 1.1660933333333334 -0.3476247987117552 -1.2761866666666668
0 0.2650080515297906 0.9564133333333332 -0.2549919484702094 -0.76712
1 0.40923510466988733 1.515453333333333 -0.54256038647343 -1.83656
2 0.3876892109500805 1.4129866666666666 -0.5069726247987119 -1.79728
2 0.45337359098228663 1.6583333333333332 -0.6428824476650564 -2.3078133333333333
3 0.5327616747181964 1.90724 -0.8137520128824476 -2.8041866666666664
2 0.22539049919484702 0.8659733333333334 -0.16282608695652176 -0.6392
2 0.17237520128824477 0.67932 -0.05310789049919483 -0.2625333333333334
2 0.3080676328502415 1.0696933333333332 -0.3337037037037037 -1.1237066666666669
2 0.29348631239935585 1.0265866666666665 -0.30466988727858296 -1.0362666666666667
8 0.3564009661835749 1.21016 -0.43628019323671496 -1.4514133333333334
8 0.347451690821256 1.1715333333333333 -0.4198309178743962 -1.3963999999999999
8 0.08437600644122384 0.4698533333333333 0.12986312399355876 0.23288000000000003
