2 0.3018840579710145 1.13856 -0.3122705314009662 -1.0625600000000002
2 0.07984299516908214 1.0332533333333334 0.15968599033816427 -0.07183999999999999
2 0.18609098228663445 1.0804133333333332 -0.06140901771336552 -0.3933066666666665
2 0.13184782608695653 0.8365466666666665 0.0483816425120773 -0.07533333333333334
2 0.16285426731078903 0.8577466666666665 -0.02491948470209341 -0.2968799999999999
2 0.21075684380032206 0.9173066666666667 -0.1280515297906602 -0.59344
2 0.22093397745571658 0.9375466666666668 -0.1568438003220612 -0.6704533333333333
2 0.24248792270531397 0.9476933333333333 -0.19429951690821257 -0.7590666666666666
2 0.2831924315619968 1.0385199999999999 -0.2751932367149758 -0.9457866666666666
2 0.25477858293075684 0.97628 -0.2277375201288245 -0.8720799999999999
2 0.4037600644122383 2.1533333333333333 -0.5097423510466988 -2.312
2 0.33543478260869564 1.2546133333333334 -0.382061191626409 -1.3066666666666666
4 0.30872383252818036 1.2257200000000001 -0.4119243156199678 -1.33224
0 0.36399758454106285 1.2882666666666667 -0.45873590982286633 -1.4392533333333333
2 0.10328099838969404 0.5830933333333334 0.09160225442834138 0.07114666666666668
2 0.3064533011272142 1.1071466666666667 -0.32904186795491147 -1.0981866666666669
2 0.18869967793880837 0.7389466666666666 -0.0909742351046699 -0.37698666666666675
8 0.28146940418679545 0.9920666666666668 -0.29116747181964575 -0.9949066666666667
