2 0.18435990338164254 0.8594933333333333 -0.077512077294686 -0.48144
2 0.20774959742351046 0.8878133333333333 -0.12242351046698874 -0.5880533333333333
1 0.5028703703703704 1.9815333333333331 -0.7889130434782609 -2.6065866666666664
1 0.4561513687600644 1.6998533333333332 -0.6690338164251208 -2.1648799999999997
1 0.442463768115942 1.5716 -0.6244927536231885 -1.963573333333333
2 0.416731078904992 1.4490399999999999 -0.5713365539452496 -1.9154666666666664
8 0.3087640901771337 1.06652 -0.33604669887278577 -1.1214666666666668
8 0.28692028985507245 1.03372 -0.303743961352657 -1.0726666666666667
8 0.371207729468599 1.3906666666666667 -0.4807085346215781 -1.7865600000000001
8 0.4815016103059582 1.74624 -0.7163848631239936 -2.4976533333333335
