1 0.4163808373590982 1.7622666666666664 -0.6201529790660225 -1.9264
1 0.37197262479871174 1.33968 -0.4808373590982287 -1.5045333333333335
0 0.3833011272141707 1.35004 -0.49526570048309176 -1.5728799999999998
0 0.39120772946859905 1.3724133333333333 -0.5121739130434784 -1.62136
7 0.39566022544283413 1.366213333333333 -0.4971497584541063 -1.6258666666666663
1 0.3588083735909823 1.2441333333333333 -0.4424154589371981 -1.4144533333333331
8 0.48459339774557164 1.877293333333333 -0.6992512077294686 -2.7832266666666667
8 0.5446819645732689 1.95348 -0.7671578099838969 -2.70616
8 0.33053140096618355 1.28232 -0.3926409017713366 -1.597653333333333
8 0.40811191626409016 1.4892666666666667 -0.5377375201288244 -1.9115466666666665
8 0.30704911433172305 1.0892933333333332 -0.3322624798711756 -1.2004533333333336
8 0.2651127214170692 0.9239999999999999 -0.24671497584541063 -0.84768
