2 0.29562399355877617 1.2551066666666666 -0.3163526570048309 -1.0632266666666665
2 0.4613526570048309 2.1533333333333333 -0.6424959742351046 -2.312
2 0.385414653784219 1.8630933333333333 -0.5181561996779389 -2.0805333333333333
2 0.3822141706924315 1.63896 -0.48463768115942024 -1.8660266666666665
2 0.06754830917874395 0.6011466666666667 0.1350966183574879 0.2006933333333333
3 0.27959742351046696 0.99396 -0.2890499194847021 -0.9711200000000002
0 0.3572866344605475 1.2734799999999997 -0.4473752012882449 -1.40456
0 0.45189210950080516 1.571853333333333 -0.6438486312399356 -2.0431199999999996
0 0.44857890499194847 1.5363333333333333 -0.6268679549114331 -2.00728
8 0.26202495974235107 0.9151466666666667 -0.243695652173913 -0.8083733333333333
