2 0.37386070853462156 1.8506933333333333 -0.4571900161030596 -1.8146133333333334
1 0.1681119162640902 0.9150799999999999 -0.06364734299516907 -0.06210666666666672
2 0.1384500805152979 0.88416 0.03867149758454106 -0.1094399999999999
2 0.3261916264090177 1.3819333333333335 -0.3890177133655395 -1.3827466666666666
2 0.18069645732689213 0.8822266666666667 -0.06400161030595813 -0.3588533333333333
2 0.30453703703703705 1.1458133333333334 -0.32704508856682774 -1.1251733333333331
2 0.23657809983896938 0.8932533333333333 -0.17719806763285026 -0.6247466666666667
2 0.29528180354267314 1.0681066666666665 -0.30772946859903383 -1.03648
0 0.23256843800322063 0.8306266666666666 -0.1900644122383253 -0.5762933333333333
0 0.22973429951690819 0.8206933333333333 -0.1773913043478261 -0.53264
1 0.21288244766505635 0.96796 -0.14434782608695654 -0.35784
8 0.2780716586151369 0.9718800000000001 -0.2869001610305958 -0.9368266666666667
8 0.25230676328502416 0.8988133333333334 -0.22247181964573265 -0.7748533333333332
8 0.2659541062801932 0.94484 -0.2534219001610306 -0.8782133333333334
