2 0.33191223832528177 1.1805333333333332 -0.3660628019323671 -1.2331199999999998
3 0.2472302737520129 1.0029466666666667 -0.21626409017713366 -0.8734133333333333
2 0.22892512077294686 0.9767866666666667 -0.1554830917874396 -0.7174133333333332
2 0.21822866344605477 0.95432 -0.13869565217391305 -0.6547733333333333
2 0.16366747181964575 0.9022266666666666 -0.020378421900161033 -0.4106933333333333
2 0.07821256038647344 0.8479733333333334 0.15642512077294687 -0.07701333333333332
2 0.36236714975845413 1.8679866666666667 -0.4400322061191626 -1.7413066666666666
2 0.08734702093397745 1.0156266666666667 0.1746940418679549 -0.03658666666666674
4 0.3202375201288245 1.15116 -0.3646779388083736 -1.2182666666666666
8 0.3148470209339775 1.0808133333333334 -0.34103059581320455 -1.1370933333333333
8 0.292085346215781 1.0345199999999999 -0.2963929146537842 -1.0256266666666667
