2 0.18532608695652172 1.0186 -0.06105475040257648 -0.42376
2 0.10129227053140097 0.8194266666666665 0.1287842190016103 0.08493333333333324
2 0.32877616747181965 1.1954133333333334 -0.3730756843800322 -1.25504
2 0.24322463768115946 0.99796 -0.1819887278582931 -0.6764533333333332
2 0.3705072463768116 1.4764266666666666 -0.47818035426731076 -1.85008
2 0.3617109500805153 1.42424 -0.47673913043478255 -1.7653866666666667
3 0.4544766505636071 1.7332133333333335 -0.6899194847020934 -2.505253333333333
8 0.3169806763285024 1.07516 -0.3491626409017713 -1.1541066666666668
8 0.2747061191626409 1.0261733333333334 -0.26338969404186796 -0.9529866666666666
8 0.3068800322061192 1.0468666666666668 -0.3298148148148148 -1.1027466666666668
8 0.41859500805152977 1.5934399999999997 -0.5972866344605474 -2.22544
8 0.3405958132045088 1.2156533333333333 -0.4127697262479872 -1.4309866666666664
8 0.3586312399355877 1.3309466666666667 -0.4387761674718197 -1.6115466666666665
