2 0.31247181964573273 1.2355733333333332 -0.339194847020934 -1.1484799999999997
2 0.269194847020934 1.077 -0.2650080515297906 -0.9220533333333333
2 0.3178059581320451 1.1885733333333333 -0.36309983896940423 -1.21176
2 0.5329186795491143 1.9270666666666665 -0.851280193236715 -2.7645333333333335
2 0.48568438003220615 1.9155199999999997 -0.7527858293075684 -2.7730133333333336
8 0.09269726247987117 0.4186933333333333 0.12389694041867955 0.34373333333333334
8 0.12345410628019322 0.5990666666666666 0.06066022544283414 -0.08885333333333331
8 0.2383695652173913 0.8520266666666666 -0.19384057971014493 -0.6873066666666666
8 0.3561111111111111 1.256 -0.44549114331723033 -1.5588799999999998
8 0.4588848631239935 1.67044 -0.6755152979066023 -2.3795999999999995
8 0.1640499194847021 0.7045466666666667 -0.03619967793880836 -0.33656
