2 0.3045205479452055 1.0911702127659575 -0.32138597904915395 -1.0686702127659575
2 0.07351732473811443 0.7163563829787234 0.14703464947622885 0.12829787234042564
7 0.1678928283642224 0.8934042553191489 0.03854149879129735 -0.03723404255319149
2 0.1832876712328767 0.9794414893617021 -0.05916196615632555 -0.3882446808510639
2 0.18393634165995162 0.8106117021276594 -0.05918614020950847 -0.34489361702127663
2 0.24831587429492347 0.9795212765957445 -0.1975181305398872 -0.7136170212765958
2 0.22657534246575342 0.8771941489361702 -0.16177276390008058 -0.5841755319148936
2 0.26469782433521355 0.9818882978723404 -0.23424657534246573 -0.8123936170212763
2 0.2788033843674456 0.9974867021276596 -0.25900886381950033 -0.8797074468085109
7 0.2826067687348912 1.0045478723404255 -0.2904673650282031 -0.9508510638297873
3 0.1692385173247381 0.7525 -0.06112006446414182 -0.30728723404255315
