2 0.3164975845410628 1.2385199999999998 -0.31132045088566823 -1.0582666666666667
2 0.1100925925925926 0.67704 0.09422705314009662 0.07626666666666665
1 0.4815338164251207 2.049933333333333 -0.6565942028985507 -2.3339999999999996
3 0.34733494363929146 1.42536 -0.4335426731078905 -1.45536
0 0.2288647342995169 0.9708399999999999 -0.1693558776167472 -0.32370666666666664
3 0.17953703703703705 0.78384 -0.05754428341384865 -0.29557333333333335
2 0.22596215780998388 1.00468 -0.14440418679549114 -0.6456266666666667
2 0.23829710144927538 1.0131999999999999 -0.15825281803542673 -0.7071466666666665
2 0.25040660225442835 1.0336533333333333 -0.18479066022544283 -0.7903466666666665
2 0.27044685990338163 1.0440800000000001 -0.2276086956521739 -0.8621866666666668
2 0.28424718196457327 1.0480266666666667 -0.2589935587761675 -0.9485866666666667
2 0.351670692431562 1.2911733333333333 -0.3869645732689211 -1.3225066666666665
2 0.31238727858293075 1.1446133333333333 -0.31483896940418676 -1.0485333333333333
2 0.19746376811594202 0.7844666666666666 -0.08766505636070854 -0.3878133333333333
8 0.29572463768115936 1.0503866666666666 -0.299549114331723 -1.0337866666666666
8 0.32382447665056363 1.1865066666666666 -0.35742351046698867 -1.29488
