0 0.1736473429951691 0.6643466666666666 -0.08797101449275364 -0.22058666666666665
2 0.1587721417069243 0.6864533333333334 -0.07113526570048309 -0.27738666666666667
2 0.1846779388083736 0.7525600000000001 -0.10425120772946861 -0.4237866666666667
2 0.2094243156199678 0.8406133333333333 -0.15443639291465378 -0.6321066666666666
3 0.2767270531400966 1.0639599999999998 -0.30163446054750404 -1.0857333333333332
2 0.2950402576489533 1.0828533333333332 -0.3269565217391305 -1.15568
2 0.3115499194847021 1.1426933333333333 -0.36314814814814816 -1.2797333333333334
2 0.3261231884057971 1.1895466666666665 -0.3836956521739131 -1.3772266666666664
2 0.34147342995169083 1.2183066666666666 -0.41339774557165865 -1.4311733333333334
2 0.35019726247987115 1.2538666666666667 -0.4310386473429952 -1.5093333333333332
2 0.35833735909822867 1.2918933333333333 -0.4503301127214171 -1.5921066666666666
3 0.37127616747181963 1.3468533333333332 -0.48946054750402584 -1.7059199999999997
2 0.38483494363929144 1.3702266666666667 -0.5061272141706924 -1.7664799999999998
2 0.393768115942029 1.3881333333333332 -0.5240418679549115 -1.81152
8 0.11582528180354269 0.9128933333333332 0.014967793880837361 -0.8476533333333334
8 0.40475442834138486 1.5114799999999997 -0.5545169082125603 -2.0393333333333334
8 0.47939613526570046 1.8797866666666665 -0.7172141706924315 -2.853706666666667
