2 0.4902093397745572 2.1533333333333333 -0.7050080515297907 -2.312
2 0.3851932367149758 1.9376533333333332 -0.48613526570048304 -1.9794133333333332
2 0.3601851851851852 1.4509466666666666 -0.43795491143317233 -1.5148533333333332
2 0.20157004830917877 0.91172 -0.09439613526570051 -0.42429333333333336
2 0.2678019323671498 0.9712 -0.23755233494363925 -0.8122666666666667
2 0.3278341384863124 1.1640533333333332 -0.3764251207729468 -1.2647466666666665
2 0.273756038647343 0.9805333333333333 -0.2517632850241546 -0.8610133333333333
8 0.29413848631239936 1.07072 -0.3191948470209339 -1.13008
8 0.32000805152979067 1.0919466666666666 -0.36214170692431563 -1.1994133333333332
8 0.29075281803542674 1.0040933333333333 -0.29318035426731076 -0.9945866666666665
8 0.33640499194847023 1.1656666666666666 -0.40438808373590984 -1.3754399999999998
8 0.37708132045088566 1.3226266666666666 -0.49747987117552334 -1.6837600000000001
