0 0.35961755233494364 1.2499733333333334 -0.4332930756843801 -1.3783466666666664
7 0.09873993558776167 0.4758 0.1056280193236715 0.27053333333333335
2 0.15198872785829307 0.6976266666666667 -0.002222222222222238 -0.14522666666666662
2 0.13650161030595814 0.63876 0.027850241545893724 -0.04616000000000001
2 0.22810789049919486 0.8460933333333334 -0.16020933977455717 -0.5816800000000001
8 0.3376610305958132 1.1684533333333333 -0.3934863123993559 -1.2810133333333333
8 0.36575684380032203 1.3934399999999998 -0.4496779388083736 -1.74768
8 0.40140096618357485 1.6114933333333332 -0.5008373590982287 -1.956
8 0.34982286634460547 1.20872 -0.4127697262479871 -1.344853333333333
8 0.307890499194847 1.0642933333333333 -0.3289049919484702 -1.1226666666666667
