2 0.3768478260869565 1.9737466666666665 -0.4716183574879227 -1.9528266666666665
2 0.0821658615136876 0.5705733333333334 0.1643317230273752 0.6301066666666667
2 0.35476247987117554 1.4782000000000002 -0.43501610305958127 -1.5291466666666664
2 0.19793075684380032 0.97364 -0.08637681159420292 -0.4301066666666666
2 0.23121175523349438 0.98464 -0.17767310789049917 -0.6436799999999999
2 0.3400684380032206 1.296 -0.39973429951690825 -1.3662399999999997
2 0.25618357487922705 1.0057333333333331 -0.2214170692431562 -0.7641599999999998
2 0.3379227053140097 1.2570666666666666 -0.3895008051529791 -1.3477333333333334
3 0.31840177133655395 1.21852 -0.40013687600644127 -1.3188533333333334
2 0.324633655394525 1.13316 -0.3599114331723028 -1.2067466666666669
2 0.2870330112721417 1.0077866666666666 -0.27818840579710147 -0.9450133333333333
8 0.29404186795491144 1.0730266666666666 -0.3065056360708534 -1.1058400000000002
