2 0.4463003220611917 2.1533333333333333 -0.5383011272141708 -2.312
2 0.33595410628019323 1.2995333333333334 -0.39047504025764895 -1.3348
2 0.17427133655394525 0.8998933333333334 -0.052004830917874396 -0.4584533333333334
2 0.18536231884057972 0.9406666666666667 -0.07512077294685991 -0.58064
2 0.2263486312399356 0.9796933333333333 -0.1727294685990338 -0.76232
2 0.3338083735909823 1.2102 -0.37320450885668277 -1.2554933333333334
0 0.10906199677938809 0.49582666666666664 0.05419484702093399 0.3172
7 0.17807971014492754 0.87832 -0.010008051529790642 -0.19232000000000002
7 0.14961755233494364 0.8154266666666665 0.03646537842190015 0.11250666666666666
7 0.1902536231884058 0.8870266666666666 -0.06280998389694044 -0.32690666666666673
7 0.20815619967793877 0.9030799999999999 -0.0953462157809984 -0.3963466666666668
7 0.10450483091787441 0.7077466666666665 0.10256843800322063 0.31880000000000003
7 0.40120370370370373 1.8073866666666665 -0.45727053140096613 -1.7293866666666666
8 0.2765740740740741 1.0213733333333332 -0.26875201288244766 -0.9851466666666666
8 0.2986231884057971 1.0538133333333333 -0.3189533011272142 -1.1178666666666663
8 0.32100644122383254 1.1295199999999999 -0.35370370370370374 -1.1884799999999998
