2 0.30755636070853465 1.08192 -0.3322946859903382 -1.1037333333333332
2 0.2609219001610306 1.0341733333333334 -0.22805958132045087 -0.8036
2 0.40262479871175516 2.1533333333333333 -0.5068438003220612 -2.312
2 0.3598188405797102 1.6473333333333333 -0.4386876006441224 -1.6074133333333331
2 0.3489210950080515 1.4231599999999998 -0.42173913043478256 -1.4236533333333332
2 0.33628824476650565 1.2666933333333332 -0.38595813204508855 -1.3187733333333331
2 0.32770531400966185 1.1682266666666667 -0.3698872785829308 -1.23544
2 0.33190418679549116 1.22104 -0.37963768115942026 -1.2755199999999998
2 0.22074074074074077 0.8619333333333333 -0.14734299516908214 -0.60936
2 0.18167471819645734 0.7463066666666667 -0.06908212560386474 -0.37154666666666664
2 0.32291867954911435 1.12664 -0.36242351046698873 -1.2103466666666665
0 0.3827012882447665 1.4236133333333334 -0.5123752012882448 -1.5445066666666667
