1 0.4344158496732026 1.6276891891891894 -0.5716584967320262 -1.7852162162162162
1 0.1774795751633987 1.1878243243243245 -0.07258986928104577 -0.3810540540540541
1 0.3632924836601307 1.3643243243243244 -0.4252941176470589 -1.3108108108108107
0 0.20068627450980392 0.7519324324324326 -0.11475490196078432 -0.28824324324324335
0 0.2100449346405229 0.7751891891891892 -0.1268545751633987 -0.349081081081081
1 0.34727124183006536 1.2476621621621622 -0.39611111111111114 -1.299648648648649
0 0.2630841503267974 0.9537027027027027 -0.23682189542483661 -0.703135135135135
0 0.26067401960784314 0.9392702702702702 -0.22495915032679742 -0.6894594594594595
0 0.35913807189542485 1.2596216216216216 -0.42477941176470585 -1.3341621621621622
0 0.3708864379084968 1.3122297297297298 -0.434812091503268 -1.3921351351351352
8 0.38520016339869284 1.3535135135135137 -0.4580147058823529 -1.4901621621621624
8 0.46077205882352945 1.5799054054054054 -0.6041258169934641 -1.9707297297297297
8 0.47462826797385615 1.6424189189189191 -0.635187908496732 -2.0790540540540543
8 0.4093790849673203 1.4736216216216218 -0.5163235294117647 -1.8013513513513515
