2 0.4552938808373591 2.1533333333333333 -0.5718599033816425 -2.312
2 0.09457326892109501 0.8294400000000001 0.18914653784219002 0.3357866666666666
2 0.13340579710144929 1.0134666666666667 0.05882447665056361 -0.05429333333333337
2 0.20881239935587764 1.0153066666666666 -0.1030998389694042 -0.48784
2 0.3800805152979066 1.91728 -0.46347826086956523 -1.8949866666666664
2 0.36105877616747184 1.481853333333333 -0.4335829307568438 -1.53128
2 0.44771336553945257 1.8160266666666667 -0.6568438003220612 -2.4444266666666663
2 0.3298268921095008 1.1990533333333333 -0.3726972624798712 -1.27192
2 0.310426731078905 1.1060533333333333 -0.3277938808373591 -1.1292266666666668
2 0.2942270531400966 1.0542666666666667 -0.30000000000000004 -1.0568
1 0.2703381642512077 0.9461333333333334 -0.2532206119162641 -0.8183466666666667
