3 0.2909339774557166 1.0544 -0.31507246376811593 -1.0353599999999998
1 0.2969645732689211 1.1847866666666667 -0.32307568438003226 -0.9335200000000001
2 0.488268921095008 2.1533333333333333 -0.6608212560386474 -2.312
2 0.0819927536231884 0.69956 0.1639855072463768 0.5955466666666667
3 0.09190418679549114 0.89892 0.10184380032206118 0.0026399999999998725
2 0.35855877616747184 1.7481466666666665 -0.44764895330112725 -1.6985333333333335
2 0.336731078904992 1.42792 -0.392109500805153 -1.4236266666666664
2 0.18376409017713366 0.893 -0.060668276972624814 -0.3307466666666666
0 0.4852616747181964 2.002693333333333 -0.7293478260869565 -2.3361066666666663
2 0.21427133655394526 0.89232 -0.12917069243156198 -0.49770666666666663
2 0.32776570048309184 1.2660399999999998 -0.3655797101449275 -1.2661066666666665
8 0.2318679549114332 0.9463333333333332 -0.20895330112721416 -0.8194399999999998
8 0.2709863123993559 0.9990133333333333 -0.26516103059581325 -0.8921066666666665
8 0.2844041867954912 0.9767866666666667 -0.29871175523349436 -0.9976799999999999
