2 0.5494162640901772 2.1533333333333333 -0.8545813204508855 -2.312
2 0.09180756843800322 0.6556799999999999 0.18361513687600645 0.6833066666666666
2 0.3539090177133655 1.4995466666666664 -0.41363123993558776 -1.5017599999999998
2 0.23481078904991948 0.98292 -0.15830112721417067 -0.6070133333333334
2 0.3366183574879227 1.26636 -0.37932367149758456 -1.29048
2 0.25463768115942026 0.9935600000000001 -0.21605475040257652 -0.7606133333333334
2 0.27367552334943634 0.9938 -0.25221417069243157 -0.8523999999999999
1 0.3010628019323672 1.0321333333333333 -0.31202898550724645 -1.0043733333333333
1 0.30386473429951694 1.03968 -0.31834138486312397 -1.0270933333333334
2 0.32630837359098225 1.1722666666666668 -0.36406602254428344 -1.2202666666666666
8 0.31673107890499197 1.085 -0.3480998389694041 -1.1657866666666667
8 0.2865740740740741 1.0124533333333332 -0.2817471819645732 -0.9625599999999999
8 0.0847181964573269 0.6487733333333333 0.1694363929146538 0.6917866666666667
8 0.31334138486312396 1.0754 -0.3381320450885668 -1.1059999999999999
