2 0.523202614379085 1.97222972972973 -0.7440032679738563 -2.6663513513513513
2 0.49669526143790843 1.8784594594594595 -0.693031045751634 -2.4996756756756757
2 0.46345996732026146 1.7609324324324327 -0.6297303921568628 -2.254621621621622
2 0.3165849673202614 1.134472972972973 -0.3513725490196078 -1.1728378378378381
0 0.4600245098039215 1.8682972972972973 -0.6731209150326798 -1.973405405405405
0 0.4752287581699347 1.891108108108108 -0.6808006535947713 -2.0682162162162165
0 0.3152083333333333 1.2889864864864864 -0.3745833333333333 -1.0511621621621623
0 0.17207516339869283 0.7127567567567569 -0.08941176470588233 -0.20464864864864857
0 0.19455065359477125 0.7630405405405406 -0.1335294117647059 -0.30916216216216214
0 0.1965236928104575 0.8027162162162162 -0.1335375816993464 -0.35948648648648646
0 0.19755310457516342 0.8228648648648649 -0.13829248366013072 -0.30800000000000005
0 0.22180555555555556 0.9003918918918918 -0.17839869281045753 -0.48748648648648646
0 0.15229575163398693 0.6569054054054054 -0.05147058823529412 -0.03343243243243245
0 0.17073529411764707 0.7126081081081082 -0.08619281045751637 -0.14808108108108106
0 0.18769607843137256 0.7544054054054055 -0.10857843137254902 -0.23816216216216218
0 0.1832638888888889 0.7394594594594596 -0.1065441176470588 -0.22659459459459455
8 0.2831781045751634 1.0188108108108107 -0.29428104575163405 -1.0151891891891893
