2 0.35635777598710716 1.411622340425532 -0.40899274778404504 -1.4327127659574468
2 0.08118049959709911 0.9048404255319149 0.16236099919419822 0.185
2 0.22246172441579373 1.0061702127659573 -0.15143432715551974 -0.5961170212765957
2 0.33231265108783237 1.1960638297872341 -0.3740692989524577 -1.2631382978723404
2 0.137232070910556 0.7702393617021277 0.02587429492344884 -0.13345744680851065
2 0.255825946817083 1.0075132978723405 -0.21548751007252212 -0.7684840425531912
2 0.212030620467365 0.8603191489361702 -0.1222723609991942 -0.491595744680851
2 0.23756244963738918 0.8940159574468084 -0.17791297340854148 -0.6377127659574469
3 0.24895245769540691 0.912220744680851 -0.2144399677679291 -0.7222074468085105
2 0.2836019339242546 1.0060771276595746 -0.2730378726833199 -0.9224202127659575
3 0.26015310233682515 0.9411303191489362 -0.23711522965350523 -0.8074202127659575
2 0.3096172441579371 1.0862632978723403 -0.32911361804995976 -1.0903457446808509
2 0.3231788879935536 1.1079388297872341 -0.3543996776792909 -1.1694946808510638
8 0.29251813053988723 1.0142021276595743 -0.29380338436744563 -0.9891489361702126
8 0.3038799355358582 1.0544813829787234 -0.3165269943593875 -1.0585904255319147
