2 0.1643075684380032 1.1154133333333331 -0.042850241545893716 -0.3692266666666666
2 0.3713204508856683 2.1533333333333333 -0.4873590982286635 -2.312
2 0.23289452495974236 1.0948933333333335 -0.16860708534621577 -0.7018933333333334
2 0.33919082125603867 1.2575733333333334 -0.3883494363929147 -1.32256
2 0.35933977455716587 1.5607066666666667 -0.4302576489533011 -1.5713333333333332
0 0.2321014492753623 0.9093866666666666 -0.19563607085346216 -0.47744000000000003
0 0.23982286634460548 0.9027333333333333 -0.20684380032206118 -0.5302666666666667
2 0.2939653784219002 1.0580533333333333 -0.3037600644122383 -1.01376
2 0.33267713365539453 1.1934266666666666 -0.3791062801932367 -1.2733066666666666
0 0.24135668276972624 0.9146266666666667 -0.20826892109500805 -0.5412533333333334
8 0.3217230273752013 1.1212133333333332 -0.3599355877616747 -1.21432
