2 0.442463768115942 2.1533333333333333 -0.5462157809983896 -2.312
2 0.2345330112721417 1.1467599999999998 -0.17975845410628022 -0.7379466666666665
2 0.3059380032206119 1.14036 -0.33644927536231883 -1.1418933333333334
2 0.37246779388083734 1.4236533333333332 -0.45583735909822864 -1.5288533333333332
1 0.34014895330112727 1.1767466666666666 -0.40414653784219007 -1.2877333333333332
2 0.37344605475040255 1.3759733333333333 -0.45104669887278576 -1.52048
8 0.3530072463768116 1.2298266666666664 -0.4322302737520129 -1.4293066666666667
8 0.3298228663446055 1.13852 -0.3901771336553945 -1.28552
8 0.06668679549114331 1.0987733333333332 0.13337359098228663 -0.20821333333333328
8 0.322145732689211 1.1476133333333334 -0.35574074074074075 -1.206
