2 0.03902173913043479 0.9913733333333332 0.07804347826086958 0.011920000000000073
2 0.2368518518518518 0.9334533333333334 -0.1835265700483092 -0.62696
2 0.3187117552334944 1.21644 -0.3486151368760065 -1.185093333333333
2 0.3092592592592593 1.1580933333333334 -0.32837359098228663 -1.1156533333333334
4 0.2354549114331723 0.9324933333333333 -0.2262882447665056 -0.7382666666666667
2 0.30196457326892107 1.0814266666666665 -0.3144122383252818 -1.0539466666666666
3 0.288707729468599 1.0204666666666666 -0.2998470209339774 -0.9997066666666666
2 0.32679549114331724 1.3415466666666667 -0.36463768115942036 -1.28832
8 0.26804750402576494 0.9448266666666665 -0.2509098228663446 -0.8893333333333332
8 0.28482286634460546 0.9851066666666667 -0.2844605475040257 -0.9643466666666666
