2 0.31944847020933975 1.2358799999999999 -0.35672302737520123 -1.1922933333333334
2 0.3996779388083736 1.8081733333333332 -0.52 -2.014853333333333
2 0.08665458937198067 0.8699066666666667 0.1353381642512077 -0.04978666666666671
2 0.2789291465378422 1.0408133333333331 -0.2818840579710145 -0.9686133333333332
2 0.14898550724637682 0.77916 -0.002028985507246385 -0.23234666666666665
2 0.23900161030595815 0.9408266666666666 -0.1844122383252818 -0.7254933333333332
2 0.3396658615136876 1.2215333333333334 -0.40453301127214175 -1.3963466666666666
2 0.35461755233494363 1.2278666666666667 -0.4340338164251208 -1.4549866666666667
2 0.07582125603864734 0.57924 0.15164251207729468 0.19661333333333336
8 0.3671819645732689 1.2594933333333334 -0.45829307568438005 -1.5243733333333331
8 0.378756038647343 1.324 -0.47400161030595817 -1.6643199999999996
