2 0.29676470588235293 1.1223005319148935 -0.3057614826752619 -1.0223670212765958
2 0.07495165189363416 0.6069281914893617 0.14990330378726832 0.5280585106382979
2 0.08458501208702658 1.0583111702127659 0.11821112006446413 -0.12194148936170218
2 0.1775906526994359 0.8275132978723404 -0.06917002417405319 -0.3569946808510638
2 0.25473005640612406 1.028630319148936 -0.22251410153102336 -0.7837500000000002
2 0.23238517324738112 0.8876861702127659 -0.17079774375503626 -0.6211702127659574
2 0.16701450443190974 0.7229521276595745 -0.037864625302175645 -0.24744680851063836
2 0.2744923448831587 1.0080452127659574 -0.25530217566478647 -0.8717819148936169
2 0.2851732473811442 1.0105585106382977 -0.2771635777598711 -0.9357978723404256
2 0.218190975020145 0.8216356382978723 -0.14439161966156325 -0.5309308510638298
2 0.07582191780821917 0.564813829787234 0.15164383561643835 0.24281914893617015
