2 0.30592995169082127 1.2063466666666667 -0.3333252818035427 -1.1148799999999999
2 0.4786996779388084 2.1533333333333333 -0.7136473429951691 -2.312
3 0.3595410628019324 1.65568 -0.49159420289855077 -1.8603733333333334
2 0.34928341384863126 1.4124933333333332 -0.42743961352657006 -1.6079733333333333
2 0.3362721417069243 1.2548533333333334 -0.4010950080515298 -1.443893333333333
2 0.33220611916264087 1.1992533333333333 -0.3904186795491143 -1.3656533333333334
2 0.10838566827697263 0.6860666666666666 0.06583735909822866 -0.03880000000000003
3 0.14023752012882448 0.8922 -0.08801127214170694 -0.4321866666666667
2 0.17142914653784222 0.7697599999999999 -0.055869565217391316 -0.31493333333333323
2 0.20778180354267312 0.8227066666666666 -0.1225523349436393 -0.49895999999999996
2 0.2456682769726248 0.9011199999999998 -0.2084219001610306 -0.7421866666666667
2 0.25367149758454105 0.9159733333333333 -0.23235104669887283 -0.7876266666666667
2 0.26646537842190016 0.9481333333333334 -0.2547504025764895 -0.8785066666666664
2 0.500096618357488 1.8961733333333335 -0.7093558776167472 -2.6356
2 0.14133252818035427 0.63008 0.007302737520128819 -0.07626666666666672
8 0.2813566827697263 0.9874933333333331 -0.2876409017713366 -0.9793066666666665
