2 0.313146655922643 1.2384574468085108 -0.3422481869460113 -1.1493617021276594
2 0.07695004029008864 0.5245877659574468 0.1539000805801773 0.6332712765957447
2 0.1304149879129734 0.9670744680851063 0.04377921031426268 -0.19739361702127667
7 0.17533843674456084 1.028470744680851 -0.207856567284448 -0.7297606382978723
7 0.26707493956486705 1.0105718085106383 -0.3048025785656729 -0.9702925531914893
2 0.09761482675261886 0.6143882978723404 0.10541498791297342 0.08260638297872341
3 0.15463738920225625 0.7221143617021276 -0.04518130539887187 -0.27066489361702123
2 0.3392465753424657 1.198563829787234 -0.3827316680096696 -1.2842021276595745
2 0.3625785656728445 1.2599867021276596 -0.4309427880741337 -1.4599734042553192
8 0.13471796937953262 0.5919813829787234 0.0016035455278001684 -0.07247340425531915
8 0.07449234488315873 0.5432047872340425 0.14898468976631746 0.6028457446808511
