2 0.15659822866344605 0.7282933333333333 -0.0006199677938808228 -0.12597333333333335
2 0.27321658615136873 0.99284 -0.2702012882447665 -0.9058399999999999
3 0.24161030595813204 0.9120133333333333 -0.2206924315619968 -0.7591199999999999
2 0.23121175523349433 0.8933599999999999 -0.16661030595813206 -0.6068266666666667
2 0.20275764895330112 0.8110933333333332 -0.1041143317230274 -0.42512000000000005
1 0.19378824476650564 0.779 -0.1030193236714976 -0.28184000000000003
0 0.2613123993558776 0.9070933333333334 -0.23628019323671495 -0.7437333333333332
2 0.48001610305958126 1.9836933333333333 -0.7276650563607086 -2.65128
2 0.18983091787439613 0.73844 -0.08734299516908212 -0.40530666666666676
8 0.2852415458937198 1.0253866666666667 -0.29032206119162635 -0.9948799999999998
8 0.45969001610305954 1.5850933333333332 -0.6660628019323671 -2.22544
