2 0.30753623188405793 1.14148 -0.33265700483091787 -1.1270133333333332
2 0.07130032206119163 0.8135066666666668 0.14260064412238327 0.19949333333333333
2 0.1776328502415459 0.8845066666666667 -0.06064412238325279 -0.42410666666666663
2 0.25868357487922705 1.0781999999999998 -0.2154991948470209 -0.7876000000000001
2 0.27367149758454107 1.0793599999999999 -0.2559098228663446 -0.9017066666666668
2 0.22721417069243155 0.9605733333333334 -0.178743961352657 -0.7637066666666666
2 0.3911634460547504 1.9766266666666665 -0.4704589371980677 -1.9585866666666667
4 0.30399758454106274 1.4936266666666667 -0.49556360708534625 -1.635573333333333
0 0.41640096618357486 1.594933333333333 -0.5779066022544284 -1.7330666666666665
2 0.33252415458937196 1.2109199999999998 -0.3866747181964573 -1.30504
4 0.30846618357487926 1.15 -0.39214975845410627 -1.2642133333333332
2 0.1865499194847021 0.74492 -0.08897745571658615 -0.38904000000000005
2 0.3041867954911433 1.0949866666666666 -0.3293397745571659 -1.0987733333333332
2 0.0988929146537842 0.5656666666666667 0.09073268921095007 0.09378666666666671
8 0.27349838969404183 1.0059466666666668 -0.28361513687600637 -0.9948799999999999
