2 0.3070772946859903 1.1626533333333333 -0.3344605475040258 -1.1375733333333333
2 0.07460547504025765 0.6658533333333333 0.1492109500805153 0.66296
2 0.0937842190016103 0.8581333333333332 0.1190660225442834 0.06544000000000005
2 0.18166264090177134 0.8822933333333334 -0.08338969404186797 -0.4526933333333334
2 0.24529790660225445 1.0783333333333334 -0.19091787439613528 -0.7635466666666666
2 0.26582528180354265 1.05524 -0.24485507246376811 -0.842
2 0.23530595813204508 0.95216 -0.18322061191626407 -0.7395200000000001
3 0.3589049919484702 2.1533333333333333 -0.7178099838969404 -2.312
0 0.425756843800322 1.7203333333333333 -0.5657487922705313 -1.6319733333333333
2 0.3681723027375201 1.6820799999999998 -0.4490660225442834 -1.7027199999999998
2 0.35367552334943636 1.4390133333333333 -0.41496779388083743 -1.5034666666666665
2 0.34174718196457327 1.3109733333333333 -0.4127858293075684 -1.40792
2 0.3282608695652174 1.1710266666666667 -0.3787761674718196 -1.2770933333333334
4 0.3106682769726248 1.1632933333333333 -0.39964573268921094 -1.3008799999999998
3 0.05434782608695652 0.5848133333333333 0.10869565217391304 0.39272
2 0.3074436392914654 1.1154266666666668 -0.33822061191626407 -1.1290933333333333
2 0.14731884057971018 0.6527333333333333 -0.013059581320450885 -0.17805333333333342
8 0.29565619967793877 1.0352533333333331 -0.3137761674718196 -1.0302933333333333
