2 0.08723429951690821 0.58436 0.17446859903381642 0.8259466666666667
2 0.2504589371980676 0.9523333333333333 -0.20206119162640904 -0.7748533333333334
8 0.281352657004831 1.0336533333333333 -0.2701449275362319 -1.0316266666666665
8 0.3196658615136876 1.09536 -0.34401771336553943 -1.14992
8 0.32751207729468595 1.1088133333333332 -0.3660547504025765 -1.2132533333333333
8 0.35242753623188405 1.37152 -0.43549919484702093 -1.7780266666666666
8 0.4077938808373591 1.4564666666666666 -0.5526247987117552 -1.994
8 0.432938808373591 1.6796933333333333 -0.6194524959742351 -2.4049866666666664
8 0.30830515297906597 1.0698266666666667 -0.33309983896940415 -1.1282400000000001
8 0.2663687600644123 0.98928 -0.23916264090177136 -0.8948799999999999
8 0.18417874396135267 0.7226133333333333 -0.07141706924315622 -0.1893333333333334
