2 0.15662640901771335 0.77816 -0.012012882447665069 -0.29152000000000006
3 0.0680354267310789 0.5032 0.1360708534621578 0.26666666666666666
0 0.4726771336553945 1.82648 -0.6988647342995169 -2.0895466666666667
2 0.24652576489533012 0.9820666666666665 -0.20408212560386477 -0.8055199999999998
2 0.22463365539452496 0.8898 -0.15780193236714976 -0.6452533333333333
2 0.2854106280193237 1.0388 -0.28927536231884055 -1.0098133333333332
3 0.3149718196457327 1.1053866666666667 -0.35033011272141706 -1.1702933333333334
2 0.3024597423510467 1.11004 -0.31670692431562 -1.1198133333333333
2 0.3627737520128824 1.2564133333333332 -0.44136070853462156 -1.4861066666666665
8 0.37416666666666665 1.294093333333333 -0.47094202898550724 -1.5779466666666666
8 0.387475845410628 1.34524 -0.4991545893719807 -1.6575199999999999
8 0.3286795491143317 1.1471333333333333 -0.3806602254428341 -1.28008
8 0.40599033816425123 1.6139999999999999 -0.5547342995169082 -2.2549866666666665
8 0.49816827697262483 1.88196 -0.7336151368760064 -2.80664
8 0.3489814814814815 1.20872 -0.4161272141706925 -1.4282133333333331
