2 0.4357924836601307 1.6955540540540541 -0.6347385620915034 -2.3604594594594595
2 0.28251225490196075 1.0253108108108109 -0.2802205882352941 -0.9518648648648651
1 0.33212826797385625 1.1774729729729732 -0.38814542483660136 -1.2875945945945946
1 0.30802696078431374 1.096108108108108 -0.34353758169934645 -1.1359459459459462
1 0.22886846405228758 0.8378243243243244 -0.1672957516339869 -0.5253783783783784
0 0.2992769607843137 1.0447162162162162 -0.3200898692810458 -1.0126216216216215
0 0.2547549019607843 0.9060810810810811 -0.22302287581699348 -0.694
8 0.40067401960784316 1.4179864864864864 -0.5316911764705883 -1.8680270270270274
8 0.42172794117647067 1.4951891891891893 -0.5932107843137255 -2.023513513513514
8 0.5287745098039216 1.8534864864864864 -0.8324836601307191 -2.8178378378378377
