2 0.08546296296296296 0.6241333333333333 0.17092592592592593 0.6925333333333333
2 0.5095410628019323 2.1196266666666665 -0.8551690821256039 -2.3794133333333334
7 0.41990338164251206 2.1164 -0.49180354267310783 -2.385866666666667
2 0.3930072463768116 1.85456 -0.5152737520128825 -2.22784
1 0.07113526570048309 0.6591999999999999 0.14227053140096618 0.6762666666666667
2 0.360012077294686 1.5147066666666666 -0.4304911433172303 -1.6966666666666665
7 0.37682367149758456 1.5750799999999998 -0.4610547504025766 -1.76744
7 0.4256119162640902 1.5880933333333336 -0.6089855072463767 -2.0669066666666667
2 0.2556078904991948 1.0198 -0.20277777777777778 -0.7616799999999999
2 0.21642109500805148 0.8519199999999999 -0.12437198067632847 -0.42698666666666657
4 0.19381642512077293 0.8428666666666668 -0.14465378421900163 -0.4377866666666667
8 0.19330515297906603 0.6902133333333332 -0.09345410628019322 -0.29898666666666657
8 0.14871175523349436 0.6343066666666667 0.009967793880837355 -0.15543999999999997
8 0.18196859903381643 0.6626666666666666 -0.06540257648953303 -0.24720000000000003
8 0.24642914653784218 0.8685333333333333 -0.1728743961352657 -0.5955733333333333
