2 0.12960144927536232 0.9446666666666667 0.05260064412238324 -0.13045333333333323
2 0.44656199677938807 2.1533333333333333 -0.5810305958132046 -2.312
2 0.20641304347826087 0.9620266666666666 -0.11176328502415457 -0.5150399999999999
2 0.3884581320450886 1.7118266666666664 -0.48266505636070856 -1.7997066666666666
2 0.23581320450885668 0.9833866666666666 -0.17391304347826086 -0.6912533333333334
2 0.36283816425120774 1.4669999999999999 -0.4402657004830917 -1.5687733333333331
2 0.2777173913043478 1.0135066666666666 -0.2673671497584541 -0.9129866666666666
2 0.35535024154589373 1.35584 -0.4265136876006441 -1.46576
2 0.35126811594202895 1.2976266666666667 -0.4204106280193237 -1.4235733333333331
2 0.3468800322061192 1.262 -0.4096537842190016 -1.3902399999999997
8 0.297926731078905 1.0925466666666668 -0.3204106280193237 -1.182
8 0.3317874396135266 1.1670533333333333 -0.3901288244766506 -1.3115466666666664
