2 0.4501972624798712 2.1533333333333333 -0.6027616747181964 -2.312
2 0.20379227053140098 0.9262133333333334 -0.10296296296296298 -0.45680000000000004
2 0.3644202898550724 1.5744533333333333 -0.4431561996779388 -1.6153066666666667
2 0.3514935587761675 1.3962533333333333 -0.41651368760064417 -1.4609866666666667
2 0.23574476650563603 0.9437066666666666 -0.1671417069243156 -0.6055999999999999
0 0.36516505636070856 1.3051866666666665 -0.4741143317230274 -1.46504
0 0.3701771336553945 1.3237999999999999 -0.48473429951690816 -1.50536
2 0.3493921095008051 1.3074666666666666 -0.40849436392914656 -1.3948800000000001
8 0.07642109500805154 0.626 0.15284219001610308 0.05845333333333337
8 0.4055958132045089 1.4795466666666663 -0.5528341384863124 -1.9031999999999998
