2 0.09500402576489533 0.7023733333333333 0.19000805152979067 0.58992
2 0.4670813204508857 2.1533333333333333 -0.6117149758454107 -2.312
2 0.3320169082125604 1.2635333333333332 -0.3840016103059582 -1.3395466666666667
2 0.30419887278582924 1.1082933333333334 -0.3212479871175523 -1.1205866666666666
2 0.40228663446054747 1.6610533333333333 -0.5229790660225443 -2.014426666666667
2 0.48632850241545894 1.9843333333333333 -0.6922866344605475 -2.65
2 0.28584943639291466 1.04328 -0.29110305958132043 -1.0421333333333331
1 0.25805958132045087 0.9255866666666667 -0.23272141706924312 -0.7257333333333332
2 0.31802737520128826 1.15632 -0.3593880837359098 -1.27392
8 0.3582125603864734 1.34484 -0.4496779388083736 -1.6782133333333333
