2 0.08837359098228664 0.66432 0.17674718196457329 0.6660266666666667
2 0.3854307568438003 1.8211733333333333 -0.48198872785829305 -1.9001066666666666
2 0.1713888888888889 0.91624 -0.037705314009661844 -0.3464533333333334
2 0.35853059581320446 1.4808266666666667 -0.42975040257648955 -1.56544
2 0.24879227053140096 0.9570799999999999 -0.21178743961352653 -0.7478133333333333
2 0.34110708534621575 1.2933466666666666 -0.4013446054750403 -1.38376
2 0.3371537842190016 1.24524 -0.39395330112721416 -1.343173333333333
2 0.2617270531400966 0.965 -0.23656199677938813 -0.8069066666666664
8 0.06878019323671497 0.5987466666666666 0.13756038647342994 0.06394666666666671
8 0.3506642512077294 1.224 -0.4446457326892109 -1.4587733333333333
8 0.3812721417069243 1.3614933333333332 -0.5075523349436393 -1.756
