2 0.0797584541062802 0.9733999999999999 0.1595169082125604 0.047866666666666634
2 0.33685185185185185 1.3569466666666667 -0.3879549114331723 -1.3751200000000001
2 0.10904186795491144 1.0536266666666667 0.08093397745571658 -0.11258666666666674
0 0.10951288244766505 0.6935733333333334 0.03171497584541064 0.4442133333333333
0 0.1545289855072464 0.73928 -0.041473429951690836 0.13050666666666666
2 0.27526167471819646 1.0285733333333333 -0.2714251207729469 -0.9134666666666666
2 0.3251167471819646 1.2088933333333332 -0.3720209339774558 -1.2689866666666667
0 0.1675644122383253 0.77996 -0.059267310789049905 0.09138666666666662
2 0.28753220611916264 1.0276666666666667 -0.28752818035426725 -0.9690400000000001
2 0.31907407407407407 1.1358 -0.363719806763285 -1.2015733333333334
8 0.31543880837359095 1.0976133333333333 -0.3440016103059581 -1.1726666666666665
