2 0.2963929146537842 1.2250933333333334 -0.31600644122383253 -1.0601600000000002
2 0.45479066022544284 2.1533333333333333 -0.6461835748792271 -2.312
2 0.39733494363929145 1.8062266666666666 -0.5114331723027375 -1.9743199999999999
2 0.36274557165861515 1.6108799999999996 -0.4592431561996779 -1.8189333333333333
2 0.3643317230273752 1.4949466666666666 -0.4468921095008051 -1.7025866666666667
2 0.07176328502415459 0.6083466666666666 0.14352657004830918 0.2605333333333334
2 0.11644122383252818 0.67792 0.04175523349436394 -0.060906666666666595
3 0.28452898550724637 0.9992533333333332 -0.2924557165861514 -0.9796266666666666
0 0.3410466988727859 1.2104266666666668 -0.4072141706924316 -1.2849066666666666
0 0.08778985507246377 0.4056133333333334 0.09128019323671498 0.4509066666666667
0 0.4317592592592593 1.4952 -0.6045974235104671 -1.9223999999999999
0 0.43442028985507253 1.4867866666666665 -0.6018840579710145 -1.9343733333333333
8 0.26259661835748793 0.9309333333333334 -0.2433574879227053 -0.8226666666666667
