2 0.3010112812248186 1.0925531914893618 -0.32129734085414985 -1.069627659574468
2 0.07788879935535857 0.945625 0.15577759871071714 0.10343085106382975
2 0.1170467365028203 0.7409441489361702 0.06798549556809025 -0.06545212765957435
2 0.2201651893634166 0.958005319148936 -0.13878323932312647 -0.5724999999999999
2 0.19622481869460112 0.8183909574468086 -0.09955680902497986 -0.4286968085106383
2 0.24038678485092665 0.948816489361702 -0.19179693795326347 -0.6965691489361701
7 0.25842465753424654 0.9887367021276595 -0.25615632554391615 -0.8392819148936168
3 0.2616559226430298 0.9942686170212764 -0.26842062852538273 -0.8853989361702127
3 0.2845850120870266 1.0011037234042552 -0.29979049153908144 -0.98125
2 0.0726873489121676 0.562406914893617 0.1453746978243352 0.2671542553191489
