2 0.16988325281803543 0.7372266666666667 -0.037624798711755246 -0.18176000000000006
3 0.14642109500805153 0.6493066666666667 -0.008446054750402561 -0.09066666666666666
2 0.37420692431561997 1.3378666666666665 -0.4608132045088566 -1.5774933333333334
7 0.41109098228663443 1.4091600000000002 -0.5444202898550724 -1.7887199999999999
8 0.11077294685990337 0.50708 0.1007890499194847 0.18749333333333335
8 0.43997584541062806 1.57124 -0.6177777777777778 -2.1429066666666667
8 0.20216988727858293 0.7802266666666667 -0.09533816425120775 -0.3741066666666667
8 0.2290499194847021 0.8156933333333333 -0.1532850241545894 -0.5543733333333333
8 0.42698067632850245 1.4656666666666667 -0.5821900161030596 -1.9032266666666666
8 0.39553140096618356 1.399 -0.5075523349436394 -1.7698933333333333
8 0.4731078904991949 1.6476 -0.6694041867954911 -2.2948266666666672
