2 0.07760869565217392 0.7283866666666666 0.15521739130434783 0.08274666666666675
2 0.11838566827697262 0.8062133333333332 0.06971819645732691 -0.1726933333333333
2 0.2008132045088567 0.9097333333333333 -0.12180354267310789 -0.6046933333333332
2 0.2566505636070853 0.9681066666666667 -0.22096618357487927 -0.8329066666666667
1 0.40095410628019323 1.4400933333333332 -0.5394283413848632 -1.7324
1 0.389537037037037 1.3702933333333334 -0.5072061191626408 -1.633653333333333
1 0.3827777777777778 1.33532 -0.4889049919484702 -1.5777333333333334
8 0.3151086956521739 1.10076 -0.3437278582930757 -1.1588533333333335
8 0.339231078904992 1.2524133333333334 -0.3977697262479871 -1.5222133333333334
8 0.42569645732689215 1.6296266666666666 -0.5875442834138487 -2.2970666666666664
8 0.3007608695652174 1.0379066666666668 -0.31464573268921103 -1.07544
