2 0.30140096618357487 1.1418933333333332 -0.30563607085346217 -1.0397333333333332
2 0.0781682769726248 0.76312 0.1563365539452496 0.3297066666666667
2 0.13023752012882447 1.1217199999999998 0.08446859903381643 -0.24877333333333337
2 0.22417874396135265 1.06872 -0.14128824476650564 -0.54528
2 0.24764090177133655 1.0394266666666665 -0.1882608695652174 -0.6927733333333332
2 0.20041062801932366 0.9105333333333334 -0.09384863123993559 -0.4881066666666667
2 0.28583735909822866 1.02596 -0.2759420289855073 -0.9370933333333336
2 0.4552455716586151 2.1533333333333333 -0.5785748792270532 -2.312
2 0.3821376811594203 1.9556133333333334 -0.4402657004830917 -1.91656
2 0.352914653784219 1.47016 -0.4167632850241546 -1.45728
2 0.32721014492753625 1.1935466666666665 -0.3569645732689211 -1.2169066666666668
4 0.3065780998389694 1.1786666666666665 -0.38468599033816425 -1.2504533333333334
0 0.35027375201288247 1.22516 -0.4197906602254428 -1.3277599999999998
2 0.15286634460547505 0.6703733333333333 -0.005314009661835744 -0.15807999999999992
2 0.30397745571658613 1.10172 -0.3133494363929147 -1.04568
2 0.0772463768115942 0.51732 0.150402576489533 0.2591733333333333
