0 0.3974313408723748 1.72701871657754 -0.5486106623586431 -1.477941176470588
0 0.12321890145395802 0.8376336898395721 -0.0016235864297253792 0.31938502673796787
0 0.06289983844911148 0.6539304812834223 0.12579967689822297 0.6867914438502674
0 0.5379886914378029 2.1524064171122994 -0.8826009693053312 -2.3101604278074865
0 0.3047334410339257 1.1829144385026737 -0.36757673667205165 -1.096524064171123
0 0.39039176090468497 1.5773262032085562 -0.5215751211631665 -1.3898930481283422
0 0.3602019386106624 1.4548262032085562 -0.4633279483037157 -1.2992245989304811
0 0.3523909531502423 1.3823529411764706 -0.4484652665589661 -1.2683957219251338
0 0.37806946688206783 1.5012299465240642 -0.5133441033925686 -1.5793582887700532
0 0.37241518578352184 1.432754010695187 -0.48171243941841685 -1.3585561497326202
0 0.37800484652665595 1.4463368983957217 -0.5190145395799677 -1.609572192513369
2 0.2819345718901454 1.0699465240641712 -0.3037883683360259 -1.0404812834224597
8 0.06042810985460421 0.5848529411764706 0.12085621970920842 0.7028074866310161
8 0.3343537964458804 1.2054679144385025 -0.408529886914378 -1.3272994652406416
