1 0.41493961352657005 1.6717333333333333 -0.5801690821256038 -1.7556800000000001
0 0.36937600644122387 1.3852133333333334 -0.4823752012882448 -1.4209333333333334
5 0.5395410628019324 2.065773333333333 -0.7349436392914653 -2.3557599999999996
5 0.5681481481481482 2.0977466666666666 -0.7795813204508857 -2.423173333333333
0 0.5495732689210949 2.0656266666666667 -0.8586151368760065 -2.487413333333333
0 0.4559983896940419 1.7011866666666664 -0.6506602254428342 -1.9818399999999998
0 0.4466908212560386 1.6456266666666666 -0.6274074074074074 -1.9217600000000001
0 0.17901771336553945 0.7368933333333334 -0.08098228663446054 -0.14744000000000004
0 0.21018518518518514 0.8311733333333333 -0.14911433172302738 -0.3536533333333333
3 0.28319243156199675 1.0814666666666666 -0.319573268921095 -1.0924266666666664
8 0.08143719806763285 0.44482666666666665 0.13070048309178744 0.444
8 0.1573389694041868 0.6670533333333334 -0.014388083735909827 -0.08376000000000007
8 0.2718236714975846 1.0170533333333331 -0.2668357487922705 -0.8893066666666667
8 0.39636876006441224 1.4364933333333332 -0.49244766505636073 -1.6059999999999999
8 0.4106280193236715 1.4406666666666665 -0.5293558776167472 -1.7087999999999999
8 0.23785426731078907 0.9934399999999999 -0.21065217391304347 -0.9254399999999998
