2 0.522577614379085 1.9711891891891893 -0.7438970588235295 -2.668432432432432
2 0.4968218954248365 1.878094594594595 -0.6931862745098039 -2.498621621621622
2 0.46347630718954247 1.7608648648648648 -0.6299264705882353 -2.2551351351351356
2 0.3166176470588235 1.1344864864864865 -0.35127450980392155 -1.1723243243243244
0 0.14174428104575165 0.5562567567567568 -0.0346813725490196 -0.0337027027027027
0 0.17442401960784315 0.6832297297297297 -0.09366830065359479 -0.2073243243243243
1 0.3007679738562091 1.1452702702702704 -0.3470261437908497 -1.0702702702702704
0 0.16417892156862746 0.6309324324324325 -0.07629901960784315 -0.17764864864864863
0 0.22868872549019612 0.9523108108108109 -0.20090686274509803 -0.5054864864864866
0 0.24997549019607845 0.9972027027027028 -0.24127450980392157 -0.6126216216216217
0 0.2554452614379085 1.0622567567567567 -0.25504084967320256 -0.6993783783783784
0 0.33408496732026144 1.3671486486486488 -0.4205392156862745 -1.1177027027027029
0 0.3447875816993464 1.3627162162162163 -0.431797385620915 -1.1769459459459461
0 0.26143790849673204 1.113837837837838 -0.2614705882352941 -0.6174594594594596
0 0.27618464052287583 1.171256756756757 -0.2970098039215687 -0.7916486486486488
0 0.29648692810457516 1.2024594594594595 -0.326437908496732 -0.9068648648648648
0 0.22873774509803924 0.9714864864864865 -0.20123366013071897 -0.48475675675675683
8 0.3537132352941177 1.4271351351351351 -0.44038398692810454 -1.281837837837838
