2 0.2880233494363929 1.1863066666666666 -0.2935668276972625 -0.9837066666666664
2 0.2967471819645732 1.1623866666666667 -0.3260869565217391 -1.0724
2 0.3527495974235105 1.4496933333333333 -0.42880032206119156 -1.4846666666666666
2 0.33844605475040257 1.30856 -0.39247987117552335 -1.3481066666666668
2 0.32916666666666666 1.2243333333333333 -0.37796296296296295 -1.2725600000000001
2 0.2122262479871176 0.8062400000000001 -0.13522544283413848 -0.53072
2 0.16704911433172304 0.66616 -0.03722222222222221 -0.22160000000000005
8 0.24254830917874395 0.8420533333333332 -0.2003462157809984 -0.67184
8 0.14954106280193238 0.5677866666666667 -0.006199677938808388 -0.06410666666666665
8 0.08187600644122384 0.41098666666666667 0.13083735909822866 0.2620266666666667
