2 0.3390660225442834 1.3574266666666668 -0.39956521739130435 -1.3815733333333333
2 0.12979066022544283 0.8574399999999999 0.034412238325281785 -0.27344000000000007
2 0.15039452495974234 0.9153333333333333 -0.007504025764895324 -0.4545600000000001
2 0.18212157809983898 0.9220533333333333 -0.06511272141706925 -0.5154666666666666
2 0.21048711755233496 0.9652133333333334 -0.14775362318840582 -0.7125066666666666
2 0.2119122383252818 0.9319333333333334 -0.136610305958132 -0.6202399999999999
2 0.3282890499194847 1.1669733333333334 -0.3668357487922705 -1.23256
2 0.33489130434782616 1.2292533333333333 -0.37823671497584543 -1.27744
7 0.09818840579710145 0.7874933333333333 0.17603864734299518 0.31429333333333337
7 0.1255595813204509 0.8137866666666667 0.07694847020933977 0.05194666666666671
7 0.16106280193236713 0.8425333333333335 0.009500805152979075 -0.0957866666666667
7 0.477890499194847 2.1533333333333333 -0.5551529790660226 -2.312
8 0.264219001610306 1.0103199999999999 -0.2599838969404187 -0.9578666666666668
8 0.2918719806763285 1.0390533333333332 -0.3161594202898551 -1.0651466666666667
8 0.3139049919484702 1.0753333333333333 -0.3506280193236715 -1.1618133333333334
8 0.31051529790660226 1.0448666666666668 -0.3378743961352657 -1.1246133333333332
8 0.3187882447665056 1.13788 -0.3540660225442834 -1.2087733333333333
