2 0.07144122383252818 0.7477066666666666 0.14288244766505637 0.2826666666666667
2 0.05966988727858293 0.8150799999999999 0.11933977455716586 -0.0392799999999999
1 0.25902173913043475 0.9857199999999999 -0.23214975845410632 -0.6806666666666665
2 0.48357487922705306 2.138453333333333 -0.6661996779388083 -2.3417600000000003
2 0.4243800322061192 2.0738666666666665 -0.5521900161030596 -2.45504
2 0.39401368760064415 1.80864 -0.48810789049919484 -2.1294399999999998
2 0.382512077294686 1.6774533333333335 -0.49119162640901765 -1.9563466666666667
2 0.19091384863123995 0.9163466666666666 -0.08775362318840581 -0.5809066666666667
2 0.21000402576489532 0.9331466666666667 -0.1282367149758454 -0.6555733333333333
2 0.326670692431562 1.2064266666666668 -0.3626811594202899 -1.2389333333333334
2 0.32013285024154586 1.1334399999999998 -0.3547906602254428 -1.1873066666666667
3 0.30989935587761674 1.0748666666666666 -0.34997584541062804 -1.1509066666666667
8 0.26828099838969405 1.0166133333333331 -0.2655314009661836 -0.9789866666666667
8 0.3026207729468599 1.0262533333333332 -0.32395330112721415 -1.0883999999999998
8 0.30663043478260865 1.0642933333333333 -0.33644927536231883 -1.13376
