3 0.04649355877616747 0.9975466666666667 0.09298711755233494 -0.00042666666666673334
2 0.3991425120772947 2.1533333333333333 -0.4972705314009661 -2.312
2 0.3801731078904992 1.5718800000000002 -0.4694605475040258 -1.62792
3 0.04985104669887278 0.6767199999999999 0.09970209339774556 0.05103999999999996
2 0.3763446054750403 1.505213333333333 -0.4942995169082125 -1.7111199999999998
3 0.3073590982286635 1.1259866666666667 -0.3536392914653784 -1.1657866666666667
3 0.38428743961352657 1.58992 -0.5421175523349436 -2.0833066666666666
2 0.2554710144927536 0.9504266666666665 -0.22625603864734298 -0.79152
2 0.22534219001610306 0.8800800000000001 -0.1843719806763285 -0.65072
2 0.3577375201288245 1.2970666666666666 -0.44336553945249596 -1.5278933333333333
3 0.3269806763285024 1.1635333333333333 -0.41199677938808377 -1.3550666666666666
4 0.3070571658615137 1.1134666666666666 -0.3909742351046699 -1.252106666666667
8 0.2881763285024155 1.0281599999999997 -0.306256038647343 -1.0226666666666664
