2 0.08049114331723027 0.9258533333333333 0.14201288244766505 0.08407999999999992
1 0.2516304347826087 0.98712 -0.2277697262479871 -0.6617066666666667
1 0.2664734299516909 1.0163066666666667 -0.25438003220611916 -0.7426933333333333
2 0.238743961352657 0.9601999999999999 -0.18301127214170693 -0.6905866666666667
1 0.2805595813204509 1.0077733333333334 -0.2827133655394525 -0.8814666666666668
2 0.27547101449275363 1.0031199999999998 -0.25909017713365534 -0.9065599999999999
2 0.3288768115942029 1.1636533333333332 -0.3735346215780998 -1.2517866666666668
2 0.38999194847020935 2.1533333333333333 -0.4976167471819645 -2.312
8 0.3183695652173913 1.1031733333333333 -0.36496779388083733 -1.2282133333333334
8 0.33807971014492755 1.2406666666666666 -0.4111030595813205 -1.3643733333333334
