2 0.3662842190016103 1.73596 -0.45078099838969404 -1.7201866666666665
2 0.07971417069243156 0.6387733333333333 0.15942834138486311 0.3385599999999999
2 0.5293478260869565 2.1533333333333333 -0.742914653784219 -2.312
2 0.35090982286634465 1.4185466666666666 -0.42597423510466986 -1.47896
2 0.21401771336553946 0.9762666666666667 -0.12296296296296298 -0.5207466666666667
2 0.23946859903381643 0.9882133333333333 -0.19565217391304351 -0.6925866666666667
2 0.3381521739130435 1.2737733333333334 -0.3949838969404187 -1.3443999999999998
2 0.26078099838969404 1.0072933333333334 -0.23505636070853467 -0.8037600000000001
2 0.335780998389694 1.2409999999999999 -0.38811594202898547 -1.3398133333333335
3 0.3183695652173913 1.2094133333333335 -0.40028180354267306 -1.31968
2 0.32274557165861517 1.12492 -0.36275362318840576 -1.2156
2 0.28730273752012886 1.0069733333333333 -0.28264090177133655 -0.9597600000000002
8 0.3057890499194847 1.0684399999999998 -0.3364573268921095 -1.1199199999999998
8 0.2965660225442834 1.0476133333333333 -0.3112962962962963 -1.0782133333333332
