1 0.07933977455716587 0.7692933333333334 0.15867954911433174 0.45608
2 0.08415056360708535 0.8505333333333335 0.1357085346215781 -0.15221333333333328
2 0.13999597423510468 0.8950533333333333 0.021360708534621554 -0.35751999999999995
2 0.1906280193236715 0.89592 -0.08281803542673107 -0.48506666666666665
2 0.3397222222222222 1.3401999999999998 -0.38744766505636064 -1.3562933333333334
2 0.23098228663446055 0.9541999999999999 -0.17059581320450884 -0.7315466666666668
2 0.3289492753623188 1.1887866666666667 -0.37308373590982286 -1.2537333333333331
3 0.3156038647342995 1.1013333333333333 -0.36413848631239937 -1.1982399999999997
8 0.26762882447665054 1.00732 -0.2567713365539453 -0.9476533333333331
8 0.28398550724637683 1.03928 -0.29787439613526573 -1.0782399999999999
8 0.3095652173913044 1.0767866666666666 -0.3389694041867955 -1.1698933333333332
8 0.5263687600644122 2.1506666666666665 -0.8279388083735911 -2.312
