0 0.13310789049919483 0.56036 -0.007439613526570055 0.01250666666666666
2 0.12221014492753625 0.5870266666666666 -0.005112721417069238 -0.07432000000000001
2 0.15440418679549112 0.66616 -0.044911433172302735 -0.2368533333333334
2 0.1811634460547504 0.75952 -0.10012077294685989 -0.46341333333333323
3 0.25511272141706925 0.9986666666666666 -0.26247987117552335 -0.9577066666666667
2 0.27444847020933977 1.0197466666666668 -0.28673913043478255 -1.02632
2 0.29189613526570046 1.0824133333333332 -0.32585346215780997 -1.1597600000000001
2 0.3076650563607085 1.1316666666666666 -0.3463446054750403 -1.2563466666666667
2 0.3232286634460547 1.1604133333333333 -0.3789049919484702 -1.3182666666666667
2 0.3317270531400966 1.1947733333333332 -0.3945008051529791 -1.3897599999999999
2 0.34050322061191624 1.2348266666666667 -0.4154186795491144 -1.4776
3 0.3526570048309179 1.28664 -0.4572141706924315 -1.5984533333333335
2 0.36640499194847026 1.3093866666666665 -0.4712157809983897 -1.6497066666666669
2 0.3766425120772947 1.3314799999999998 -0.4892592592592592 -1.6953333333333334
8 0.4806441223832528 1.6711733333333334 -0.7197101449275363 -2.43088
8 0.07682769726247987 0.8420666666666666 0.08289855072463768 -0.7004533333333334
8 0.3867270531400966 1.4615066666666667 -0.5167713365539452 -1.94488
8 0.45843397745571657 1.8698266666666667 -0.6803140096618358 -2.8559733333333335
