2 0.0754669887278583 0.8026666666666666 0.1509339774557166 0.25184000000000006
2 0.07240338164251207 0.8105199999999999 0.14480676328502415 -0.01389333333333343
2 0.3596698872785829 1.4497999999999998 -0.4121578099838969 -1.4645066666666668
2 0.13595008051529792 0.8900399999999999 0.022930756843800314 -0.3037066666666666
3 0.1627777777777778 0.9062266666666667 -0.04723027375201288 -0.41538666666666674
2 0.19538244766505639 0.9175066666666666 -0.10416264090177137 -0.5459466666666667
2 0.37741143317230275 1.5017733333333332 -0.45268115942028986 -1.7566133333333334
2 0.2180716586151369 0.9497199999999999 -0.17888083735909824 -0.7363466666666666
3 0.320829307568438 1.1745333333333332 -0.37940418679549115 -1.2522133333333334
2 0.24832528180354269 0.9759333333333332 -0.20835748792270528 -0.84296
2 0.25714170692431565 0.9940133333333333 -0.23360708534621577 -0.8913333333333333
3 0.31715378421900164 1.13168 -0.37084541062801935 -1.2150933333333334
8 0.29027375201288247 1.0406666666666666 -0.305426731078905 -1.0310400000000002
8 0.30620772946859903 1.0864933333333333 -0.33729468599033813 -1.1615733333333333
