2 0.3059911361804996 1.1065691489361702 -0.32414987912973403 -1.0788297872340424
2 0.07840451248992747 0.975252659574468 0.15680902497985494 0.04417553191489365
2 0.07686140209508462 0.7091090425531915 0.15372280419016923 0.2761436170212766
2 0.1966317485898469 0.8545744680851064 -0.09129734085414988 -0.42680851063829783
2 0.24637792103142625 1.0296675531914892 -0.18892022562449637 -0.7135372340425531
2 0.2316559226430298 0.8969281914893616 -0.16837228041901692 -0.622845744680851
2 0.2679895245769541 0.9942819148936171 -0.2385414987912973 -0.8332978723404255
3 0.27507252215954875 1.0131117021276597 -0.2909991941982272 -0.9451595744680851
2 0.07620467365028202 0.47432180851063827 0.15240934730056405 0.5215691489361701
2 0.0990934730056406 0.6349468085106383 0.10423045930701048 0.07712765957446809
2 0.18420628525382754 0.7562101063829787 -0.06844480257856567 -0.3340159574468085
