2 0.4688446054750403 2.1533333333333333 -0.6142270531400966 -2.312
2 0.1360950080515298 0.7753599999999999 0.023140096618357496 -0.2074666666666667
0 0.2297584541062802 0.88148 -0.18908212560386473 -0.5073333333333333
1 0.4608212560386474 1.8320533333333333 -0.6564573268921094 -2.287626666666667
2 0.29603059581320446 1.1581866666666667 -0.31644122383252815 -1.2019199999999997
2 0.38928341384863124 1.4666266666666667 -0.5069243156199678 -1.8712266666666666
3 0.49365136876006444 1.8370533333333334 -0.7347906602254429 -2.62264
2 0.29725040257648955 1.11392 -0.31348631239935587 -1.14288
2 0.17120772946859902 0.7398666666666666 -0.053397745571658634 -0.3397333333333333
2 0.29961755233494364 1.0492799999999998 -0.315547504025765 -1.0669866666666667
2 0.2829871175523349 1.0010933333333334 -0.2811272141706924 -0.9637333333333332
8 0.3598872785829308 1.224 -0.44632850241545885 -1.48656
8 0.33849838969404183 1.15872 -0.40355072463768116 -1.33376
