2 0.2953180354267311 1.2791066666666666 -0.31243961352657 -1.05176
2 0.4568236714975845 2.1533333333333333 -0.6577053140096617 -2.312
2 0.4160426731078905 1.9139466666666667 -0.5489613526570047 -2.1120533333333333
2 0.069573268921095 0.4268799999999999 0.13914653784219 0.6050666666666665
3 0.2714734299516908 0.9868533333333332 -0.26795491143317224 -0.9075200000000001
0 0.3786674718196457 1.3626 -0.4910386473429952 -1.54808
0 0.4417673107890499 1.5316133333333333 -0.6126972624798712 -1.9576799999999999
0 0.4747020933977455 1.6603999999999999 -0.689549114331723 -2.1810666666666663
0 0.4650966183574879 1.5988133333333332 -0.65829307568438 -2.1072266666666666
2 0.10496376811594203 0.5108533333333333 0.09480676328502416 0.15119999999999997
8 0.06920289855072465 0.4334799999999999 0.1384057971014493 0.5945333333333332
8 0.25504830917874394 0.9212133333333332 -0.22826086956521738 -0.7809866666666666
