2 0.3986916264090177 2.1533333333333333 -0.5346135265700483 -2.312
2 0.07803542673107891 0.74412 0.15607085346215782 0.4297866666666666
2 0.36598228663446053 1.6273733333333333 -0.43373590982286636 -1.6353866666666665
2 0.34072061191626407 1.3202533333333333 -0.4054991948470209 -1.3729333333333333
2 0.1797463768115942 0.9318266666666667 -0.07403381642512079 -0.5656266666666667
2 0.20192834138486312 0.9133466666666666 -0.13963768115942027 -0.6107466666666665
2 0.23595008051529792 0.9628133333333333 -0.1869404186795491 -0.77928
2 0.25920289855072465 0.9879066666666667 -0.2557326892109501 -0.9401866666666666
2 0.3320692431561997 1.19644 -0.3803381642512077 -1.2824266666666666
2 0.32120772946859905 1.1124 -0.36486312399355875 -1.2209066666666668
8 0.2902737520128824 1.03372 -0.3188405797101449 -1.08376
8 0.30830515297906597 1.0906666666666667 -0.3448389694041868 -1.2032
