2 0.08258856682769726 0.7053733333333333 0.16517713365539452 0.58392
2 0.1056682769726248 1.0444666666666664 0.0937037037037037 -0.11112000000000004
2 0.5342512077294685 1.9955466666666668 -0.834573268921095 -2.6275733333333333
2 0.4701650563607086 1.8891200000000001 -0.6818438003220612 -2.4400533333333336
2 0.4380072463768116 1.7284533333333332 -0.6142592592592593 -2.186026666666667
2 0.42090579710144926 1.6474533333333332 -0.5789452495974234 -2.09384
2 0.40628824476650566 1.5830666666666666 -0.5497906602254428 -1.9947199999999998
2 0.3967512077294686 1.5342266666666666 -0.5200563607085347 -1.9190133333333332
2 0.35270531400966176 1.4440133333333334 -0.4255072463768116 -1.4826933333333332
2 0.34832528180354266 1.3218133333333333 -0.4060386473429951 -1.40016
2 0.24349033816425122 1.0236933333333333 -0.20029790660225444 -0.7449333333333331
3 0.25727053140096623 1.0366133333333334 -0.2497101449275362 -0.8605866666666667
2 0.3639855072463768 1.3720266666666665 -0.46330112721417066 -1.6651200000000002
4 0.30335346215780995 1.1646666666666665 -0.3812801932367149 -1.2566933333333332
8 0.08018115942028985 0.36705333333333334 0.15838164251207731 0.46066666666666667
8 0.08765297906602254 0.6709999999999999 0.17530595813204508 0.6473333333333333
8 0.28650161030595817 1.0420666666666665 -0.29284219001610307 -0.96712
