3 0.30075281803542675 2.1533333333333333 -0.6015056360708535 -2.312
2 0.06651771336553945 0.7960666666666666 0.1330354267310789 0.1505866666666666
2 0.07008454106280193 0.8511333333333332 0.14016908212560386 -0.16087999999999994
2 0.16229871175523347 0.9225333333333333 -0.05185990338164251 -0.5474133333333332
2 0.22162238325281802 0.9713466666666666 -0.1658856682769726 -0.7844533333333332
3 0.20214975845410627 0.9851333333333333 -0.178743961352657 -0.8128266666666668
2 0.33739935587761677 1.2635733333333334 -0.3900483091787439 -1.3367466666666667
2 0.3620410628019323 1.3635066666666666 -0.4419726247987118 -1.5963999999999998
8 0.31795088566827695 1.10316 -0.36580515297906596 -1.2226399999999997
8 0.2730797101449275 1.0531599999999999 -0.28277777777777774 -1.0726666666666664
8 0.3087278582930757 1.0865066666666667 -0.3473590982286634 -1.2115733333333334
