2 0.309512882447665 1.10044 -0.33593397745571657 -1.1163466666666666
2 0.39611111111111114 2.1533333333333333 -0.49624798711755225 -2.312
2 0.3685990338164251 1.6264133333333333 -0.4526086956521739 -1.6411466666666668
0 0.36414653784219 1.2990266666666666 -0.45898550724637677 -1.4284533333333336
2 0.3393397745571659 1.2743866666666666 -0.3957165861513688 -1.3528266666666664
2 0.3341264090177134 1.2199333333333333 -0.38419484702093404 -1.2853066666666666
2 0.3274597423510467 1.1595199999999999 -0.37770531400966184 -1.2537599999999998
2 0.22283011272141706 0.8881733333333333 -0.14216586151368762 -0.54888
2 0.2368438003220612 0.9091999999999999 -0.17945249597423513 -0.6442666666666667
2 0.25202898550724634 0.9337866666666667 -0.21235104669887278 -0.7440533333333332
