2 0.3793840579710145 1.5984666666666665 -0.4540821256038647 -1.6710666666666665
2 0.5454186795491143 2.0079866666666666 -0.8384541062801931 -2.6026933333333333
2 0.36397342995169085 1.4203066666666666 -0.43424315619967796 -1.5093066666666666
2 0.2648631239935588 1.0225733333333333 -0.2343156199677939 -0.8345866666666667
2 0.4635869565217392 1.9234666666666664 -0.651231884057971 -2.56896
2 0.2751811594202898 1.03468 -0.2571900161030596 -0.898
2 0.5103502415458937 1.9935199999999997 -0.7459017713365539 -2.6316266666666666
2 0.34795491143317225 1.2299333333333333 -0.41508856682769724 -1.3755999999999997
2 0.1718317230273752 0.76116 -0.043550724637681164 -0.34242666666666666
8 0.3154347826086957 1.1420533333333331 -0.34568438003220614 -1.2338133333333332
8 0.2911111111111111 1.0587199999999999 -0.29032206119162646 -0.9837866666666667
8 0.3343075684380032 1.1434399999999998 -0.3918035426731079 -1.3032
