2 0.08405797101449276 0.85564 0.16811594202898553 0.20989333333333343
2 0.17717391304347826 0.89984 -0.03789049919484702 -0.3158933333333334
2 0.47195249597423505 1.9874133333333333 -0.7292512077294686 -2.64384
2 0.4536111111111111 1.9098000000000002 -0.6898309178743961 -2.57608
2 0.42413446054750403 1.7755599999999998 -0.6159822866344605 -2.3481866666666664
2 0.40251610305958135 1.6450399999999998 -0.5568357487922706 -2.1250133333333334
2 0.22828502415458934 0.94648 -0.15194847020933977 -0.6084266666666667
2 0.3522423510466989 1.4014133333333332 -0.4209742351046698 -1.4860266666666666
2 0.34348228663446057 1.3038933333333331 -0.4073671497584541 -1.3858666666666664
8 0.26511674718196454 1.0226266666666666 -0.2433574879227053 -0.9059999999999999
8 0.3041103059581321 1.07676 -0.3347745571658615 -1.1421066666666666
8 0.32843397745571656 1.2045466666666667 -0.3733574879227053 -1.2809866666666667
8 0.2554710144927536 0.9629066666666666 -0.2140016103059581 -0.7309866666666667
