2 0.08497987117552334 0.6957599999999999 0.1699597423510467 0.6031466666666667
2 0.19572061191626408 1.0620133333333333 -0.07817230273752013 -0.41117333333333334
2 0.10033816425120771 0.8703733333333332 0.11924315619967793 0.05530666666666669
1 0.4156843800322061 1.8341333333333332 -0.5337037037037037 -1.8663466666666666
1 0.45865539452495974 2.08904 -0.6179066022544284 -2.183413333333333
2 0.27045893719806763 1.0430799999999998 -0.24202898550724636 -0.8251466666666667
2 0.2882045088566828 1.04036 -0.2798228663446055 -0.9361866666666665
3 0.2892834138486312 1.04016 -0.30091787439613527 -0.9849066666666667
2 0.33315217391304347 1.298093333333333 -0.3729227053140097 -1.4046133333333333
2 0.3308011272141707 1.2632266666666665 -0.36844605475040254 -1.38112
2 0.3227294685990338 1.2002933333333334 -0.35438003220611913 -1.2817600000000002
3 0.2984943639291466 1.0442 -0.3117391304347827 -1.03272
3 0.2384380032206119 1.04996 -0.20296296296296298 -0.70664
8 0.3171135265700483 1.1017733333333333 -0.3440016103059581 -1.13656
