2 0.29576148267526187 1.1141489361702128 -0.3032393231265109 -1.0136170212765958
2 0.07218775181305398 0.9122872340425531 0.14437550362610796 0.17010638297872335
2 0.14974214343271552 0.7973936170212765 -0.013070104754230458 -0.2230851063829787
2 0.24543916196615634 1.0277925531914893 -0.20328767123287672 -0.7317021276595744
2 0.22091861402095087 0.8692154255319149 -0.147187751813054 -0.5574202127659574
2 0.14647864625302176 0.6875930851063828 0.004979854955680907 -0.13843085106382982
2 0.27034649476228845 1.002659574468085 -0.24818694601128122 -0.8525531914893615
2 0.2833239323126511 1.0087898936170212 -0.27346494762288476 -0.925505319148936
3 0.28554794520547944 1.0060771276595746 -0.3007655116841257 -0.9782712765957448
2 0.2064665592264303 0.7976063829787233 -0.12074939564867039 -0.4653191489361702
2 0.07693392425463336 0.46202127659574477 0.1538678485092667 0.5017021276595744
