2 0.5224632352941176 1.971 -0.7438807189542483 -2.668810810810811
2 0.4968504901960785 1.8780270270270272 -0.6932107843137256 -2.4984324324324323
2 0.4634763071895426 1.7608513513513515 -0.6299591503267974 -2.2552162162162164
2 0.3166217320261438 1.1344864864864865 -0.35124999999999995 -1.1722162162162164
0 0.14018790849673204 0.5502567567567568 -0.032630718954248364 -0.024135135135135155
0 0.16409313725490196 0.6586351351351352 -0.07655228758169934 -0.14116216216216215
1 0.3245138888888889 1.2738243243243246 -0.40185457516339873 -1.2439729729729732
0 0.1607230392156863 0.6197162162162162 -0.0703513071895425 -0.14613513513513512
0 0.24296160130718955 0.9994594594594596 -0.22964869281045755 -0.5603783783783785
0 0.25272467320261444 1.071945945945946 -0.2502532679738562 -0.7369729729729732
0 0.2743014705882353 1.127554054054054 -0.29696895424836606 -0.7962972972972974
0 0.3745710784313726 1.5467702702702706 -0.5047630718954248 -1.3935945945945947
0 0.3791666666666667 1.547756756756757 -0.5072222222222221 -1.467675675675676
0 0.29584150326797387 1.2671621621621623 -0.3298529411764706 -0.8271891891891893
0 0.3072140522875817 1.2908648648648648 -0.36070261437908496 -0.947783783783784
0 0.3318831699346405 1.334418918918919 -0.39981209150326796 -1.0975945945945946
0 0.25261029411764707 1.057054054054054 -0.2506127450980392 -0.600972972972973
8 0.17527777777777778 0.6590810810810811 -0.09359477124183006 -0.2457297297297297
