2 0.08799516908212561 0.7949999999999999 0.17599033816425122 0.4046666666666667
2 0.48275764895330114 2.1533333333333333 -0.658719806763285 -2.312
2 0.3512077294685991 1.4973333333333332 -0.4239291465378422 -1.5210666666666668
0 0.17624396135265702 0.8674533333333333 -0.04971819645732689 -0.02461333333333338
2 0.18972624798711754 0.9293333333333333 -0.10847020933977455 -0.5853866666666666
7 0.31244766505636073 1.3536933333333332 -0.447133655394525 -1.4492
3 0.3260104669887279 1.2436666666666667 -0.4036634460547504 -1.3419466666666666
2 0.289134460547504 1.0177999999999998 -0.2997665056360709 -1.0033866666666666
8 0.29950080515297905 1.0531733333333333 -0.3289049919484702 -1.1115733333333333
8 0.32172705314009664 1.1726266666666667 -0.37503220611916266 -1.2726666666666666
