2 0.30641821112006445 1.1115425531914895 -0.32639000805801766 -1.0864893617021278
2 0.07191780821917808 0.5669015957446808 0.14383561643835616 0.5948138297872341
2 0.13736905721192585 1.0325664893617021 0.029274778404512477 -0.20800531914893627
2 0.12700241740531829 0.7811835106382979 0.04692989524576952 -0.11492021276595739
2 0.21435938759065268 0.8775 -0.12912167606768732 -0.5234042553191489
2 0.2575100725221595 1.027433510638298 -0.2164705882352941 -0.7856117021276595
2 0.24165189363416598 0.9126196808510637 -0.19078162771958096 -0.6848670212765957
3 0.2784528605962933 1.0162632978723405 -0.2978404512489927 -0.9675797872340424
2 0.07639806607574537 0.6111968085106383 0.1432232070910556 0.15994680851063825
2 0.20075745366639808 0.7871675531914895 -0.10480257856567284 -0.4318351063829788
