0 0.12702898550724637 0.6305733333333333 0.03589371980676329 0.30242666666666673
0 0.06765700483091787 0.4293866666666667 0.132914653784219 0.5249066666666666
7 0.537950885668277 2.1533333333333333 -0.7324235104669888 -2.312
0 0.22771739130434782 0.8703333333333333 -0.1894122383252818 -0.50856
8 0.3632407407407407 1.3115066666666666 -0.4647745571658615 -1.4782133333333334
8 0.35485507246376813 1.2448266666666665 -0.4412882447665056 -1.3893333333333333
8 0.26888888888888884 0.9476266666666666 -0.2760708534621578 -0.8837866666666668
8 0.14811594202898548 0.8128933333333334 -0.01774557165861513 -0.4087733333333334
8 0.23701690821256038 0.9962266666666667 -0.21232689210950084 -0.87544
8 0.28859500805152977 1.1267733333333334 -0.3339371980676328 -1.2143466666666667
8 0.42656199677938805 1.5517733333333332 -0.5981320450885669 -1.8588000000000002
8 0.5015861513687601 1.8846933333333333 -0.6844283413848631 -2.1746133333333333
