0 0.31516558966074315 1.16475935828877 -0.35869951534733446 -1.065561497326203
0 0.3153109854604201 1.187072192513369 -0.37041195476575123 -1.0998663101604278
0 0.41512520193861063 1.8205882352941174 -0.583546042003231 -1.6465240641711227
0 0.495751211631664 2.1524064171122994 -0.8047011308562196 -2.3101604278074865
0 0.297140549273021 1.1516978609625668 -0.3284814216478191 -0.9436096256684494
2 0.21659127625201938 1.1061229946524063 -0.1950080775444265 -0.7463636363636362
3 0.26537964458804525 1.1040775401069518 -0.27747980613893375 -0.9327005347593583
5 0.43347738287560583 1.658716577540107 -0.5678109854604201 -1.7844919786096252
8 0.3691760904684976 1.3068582887700533 -0.4731502423263328 -1.5078877005347593
8 0.46903877221324725 1.7638101604278074 -0.6426655896607432 -2.016229946524064
8 0.4149151857835218 1.5277139037433154 -0.539442649434572 -1.6828609625668445
