1 0.4004003267973857 1.5647702702702702 -0.5599019607843136 -1.6835945945945945
0 0.3553145424836601 1.3901621621621623 -0.4464460784313726 -1.3004864864864867
7 0.19865196078431374 1.000027027027027 -0.1408823529411765 -0.3129189189189189
1 0.2681045751633987 1.0196351351351354 -0.26665032679738565 -0.8442432432432433
0 0.4221037581699346 1.554391891891892 -0.6034395424836602 -1.8378108108108109
0 0.3431454248366013 1.2223243243243245 -0.4276307189542484 -1.3294594594594595
0 0.34055964052287585 1.2100675675675676 -0.415890522875817 -1.3131621621621623
0 0.34484068627450987 1.2127972972972973 -0.4320016339869281 -1.3422972972972973
0 0.3528145424836602 1.2599864864864867 -0.45263888888888887 -1.4351081081081083
0 0.3561968954248366 1.2691351351351352 -0.46347222222222223 -1.4481621621621623
8 0.30332924836601305 1.0410135135135137 -0.34129901960784315 -1.1207297297297296
8 0.29283496732026143 1.0243648648648649 -0.3169444444444444 -1.0818108108108109
8 0.4658088235294118 1.652121621621622 -0.6796895424836602 -2.1873783783783787
