0 0.5003231017770597 2.1524064171122994 -0.8507754442649434 -2.3101604278074865
0 0.4704200323101777 2.1524064171122994 -0.8021647819063006 -2.3101604278074865
5 0.17985056542810987 0.985374331550802 -0.00023424878836835256 0.023903743315508014
0 0.25626009693053314 1.0883288770053476 -0.2565105008077544 -0.618529411764706
0 0.2421647819063005 1.0457085561497326 -0.21796445880452348 -0.5085294117647059
0 0.3117043618739903 1.1772994652406417 -0.3693214862681745 -1.0905347593582888
0 0.31299273021001617 1.15225935828877 -0.37121970920840064 -1.1587433155080213
0 0.3344143780290792 1.2357620320855613 -0.4127544426494346 -1.2133957219251337
0 0.35519386106623585 1.289144385026738 -0.4637641357027464 -1.4139572192513366
2 0.2926615508885299 1.0502941176470588 -0.31676090468497575 -1.069090909090909
0 0.23614701130856222 0.923542780748663 -0.20757673667205168 -0.5530213903743315
0 0.34625201938610667 1.2641844919786096 -0.43489499192245556 -1.3219518716577539
8 0.08224555735056542 0.809879679144385 0.16449111470113084 0.36954545454545457
8 0.19169628432956382 0.9610294117647059 -0.09300484652665589 -0.32729946524064163
