2 0.5059621578099839 2.02004 -0.774243156199678 -2.578586666666667
2 0.07376811594202899 0.67116 0.14753623188405798 0.6438666666666667
2 0.06260466988727859 0.8187199999999999 0.12520933977455717 0.0489066666666666
2 0.14611513687600644 0.9042266666666666 -0.028993558776167463 -0.46162666666666663
2 0.17088969404186796 0.9194533333333333 -0.05842995169082125 -0.5597066666666667
2 0.08636070853462156 0.8313733333333333 0.10829307568438003 -0.19512000000000004
2 0.24919082125603864 1.0039466666666665 -0.2169001610305958 -0.9057599999999999
2 0.4744484702093398 1.8864666666666665 -0.6874959742351047 -2.54616
2 0.3390056360708535 1.3221866666666666 -0.4024396135265701 -1.52288
2 0.3333212560386474 1.2969066666666667 -0.3999597423510467 -1.4915199999999997
8 0.31082125603864735 1.0948266666666668 -0.35658615136876004 -1.1393600000000002
8 0.27098228663446056 1.01288 -0.27019323671497586 -0.96432
