2 0.08481481481481482 0.7634666666666666 0.16962962962962963 0.46773333333333333
2 0.365780998389694 1.6352933333333333 -0.4506602254428342 -1.68264
2 0.14951288244766506 0.8767466666666666 0.019057971014492744 -0.19008000000000008
2 0.21684782608695652 0.93264 -0.14443639291465377 -0.5578133333333333
2 0.29313204508856683 1.0388400000000002 -0.29908212560386466 -1.0147466666666667
2 0.24038244766505637 0.9458666666666666 -0.19090982286634461 -0.6898666666666667
2 0.2636030595813204 0.9692666666666665 -0.23353462157809984 -0.8129866666666666
2 0.32797504025764895 1.1422533333333333 -0.3739855072463768 -1.2472266666666667
2 0.3486835748792271 1.2725866666666665 -0.42506441223832525 -1.5310933333333332
8 0.27937198067632846 0.9934533333333333 -0.2718679549114331 -0.91432
8 0.3078864734299517 1.0587199999999999 -0.3456763285024154 -1.1393066666666667
8 0.33262882447665054 1.6378933333333334 -0.4018760064412239 -2.2143466666666667
8 0.318792270531401 1.11984 -0.3590982286634461 -1.2449066666666666
