0 0.23131642512077297 1.0205066666666667 -0.17535426731078904 -0.3433066666666667
0 0.20853059581320452 0.9639733333333333 -0.1416666666666667 -0.21712000000000004
0 0.35952495974235105 1.37328 -0.46075684380032206 -1.3697599999999999
0 0.3749718196457327 1.4298666666666668 -0.4972705314009662 -1.4899733333333334
1 0.42604267310789046 1.53784 -0.5644847020933977 -1.7930666666666666
1 0.4335869565217391 1.5937333333333332 -0.5940177133655394 -1.9420799999999998
0 0.19752012882447664 0.8211466666666667 -0.12365539452495976 -0.2530133333333333
8 0.3271779388083736 1.1323333333333332 -0.3758695652173913 -1.2698933333333333
8 0.30998389694041867 1.07956 -0.33813204508856687 -1.1087733333333334
8 0.35066022544283415 1.2364933333333332 -0.40270531400966186 -1.3726666666666667
