2 0.3721618357487923 1.5216 -0.45326086956521744 -1.6309333333333331
2 0.32249194847020934 1.1922133333333333 -0.3670772946859903 -1.3366933333333335
0 0.2687962962962963 0.9628 -0.26253623188405795 -0.79024
1 0.4050281803542673 1.4914533333333335 -0.533341384863124 -1.8028000000000002
2 0.39438808373590983 1.4316 -0.520354267310789 -1.83792
2 0.4573107890499195 1.6685733333333335 -0.6505958132045089 -2.3308
3 0.5322423510466988 1.9067066666666665 -0.8120692431561997 -2.8052533333333334
2 0.22205314009661833 0.8543733333333333 -0.15565217391304348 -0.6199466666666666
2 0.17611916264090177 0.6868666666666666 -0.05998389694041868 -0.28152000000000005
2 0.3092391304347826 1.0725733333333334 -0.3359339774557166 -1.1306933333333333
2 0.2948510466988728 1.0299866666666666 -0.30727053140096616 -1.044293333333333
8 0.35611513687600643 1.2156799999999999 -0.4354186795491144 -1.4532266666666667
8 0.09653381642512077 0.4781733333333333 0.1055475040257649 0.16066666666666665
