2 0.3153502415458937 1.2313066666666665 -0.33812399355877615 -1.1576533333333332
0 0.5205958132045089 1.9566133333333333 -0.7843317230273753 -2.419093333333333
2 0.5336272141706924 1.9622000000000002 -0.7802334943639291 -2.6942666666666666
2 0.20892512077294687 0.8238533333333333 -0.12622383252818037 -0.4924533333333332
1 0.3798148148148148 1.4078266666666666 -0.48172302737520123 -1.6345333333333332
3 0.3306924315619968 1.2238533333333332 -0.39714975845410627 -1.3116533333333333
0 0.2760708534621578 1.0015200000000002 -0.27837359098228665 -0.8293866666666667
3 0.24680756843800325 0.89624 -0.20833333333333334 -0.7152
2 0.2631682769726248 1.0155333333333332 -0.2396537842190016 -0.9024266666666666
2 0.307902576489533 1.1330533333333332 -0.32350241545893715 -1.0813599999999999
8 0.23282608695652174 0.8587333333333332 -0.17877616747181965 -0.6448799999999999
8 0.2827254428341385 1.0712133333333334 -0.2920048309178744 -1.0310133333333333
