2 0.30714170692431564 1.1786666666666665 -0.33837359098228664 -1.1298133333333336
2 0.47839371980676326 2.1533333333333333 -0.6707487922705314 -2.312
2 0.41160225442834136 1.9109466666666666 -0.5474557165861513 -2.0782133333333332
2 0.3839935587761674 1.6670266666666667 -0.5102737520128824 -1.9033333333333333
3 0.34272141706924314 1.4412933333333333 -0.44106280193236713 -1.6520266666666665
2 0.3406803542673108 1.323 -0.4078341384863124 -1.5080799999999999
2 0.33222624798711753 1.2199466666666667 -0.39174718196457325 -1.396853333333333
2 0.16997584541062802 0.7715733333333334 -0.05956521739130434 -0.33519999999999994
3 0.24053140096618358 0.9601866666666667 -0.2413365539452496 -0.8187200000000001
2 0.20320048309178743 0.8206533333333333 -0.12169887278582929 -0.4854133333333333
2 0.22819645732689212 0.8607466666666665 -0.16586151368760066 -0.6169066666666666
2 0.2548148148148148 0.9207466666666666 -0.2288244766505636 -0.8042133333333332
2 0.176682769726248 0.7067599999999999 -0.06653784219001609 -0.2859466666666666
8 0.28398148148148145 0.9976 -0.292842190016103 -1.0060266666666666
