2 0.4619001610305959 2.1533333333333333 -0.6568438003220612 -2.312
2 0.060853462157809984 0.8620666666666665 0.12170692431561997 0.0653066666666667
2 0.07181159420289855 0.6916666666666667 0.1436231884057971 0.6113333333333333
2 0.39198470209339775 1.9746933333333332 -0.4693961352657005 -1.9547199999999998
2 0.07258051529790661 0.8246266666666667 0.11810789049919485 -0.04541333333333326
2 0.13316022544283412 0.8830399999999999 0.027624798711755234 -0.2795733333333333
2 0.14677938808373592 0.9109733333333333 -0.0067471819645732655 -0.4142666666666667
2 0.2087117552334944 0.94864 -0.12636070853462159 -0.6591466666666665
2 0.2280475040257649 0.9690133333333333 -0.1769484702093398 -0.7412266666666667
2 0.3422101449275362 1.2776933333333333 -0.38672302737520126 -1.3188533333333332
2 0.3633816425120773 1.54344 -0.42616747181964576 -1.5242133333333334
2 0.3324838969404187 1.2041866666666665 -0.37730273752012883 -1.2638399999999999
2 0.2476086956521739 0.9883066666666667 -0.20586151368760064 -0.8374666666666665
8 0.28188808373590984 1.0295599999999998 -0.29033011272141707 -1.0310133333333333
8 0.316694847020934 1.099 -0.3549033816425121 -1.19768
8 0.30411433172302743 1.0573333333333332 -0.3280676328502416 -1.1143466666666668
8 0.32549919484702095 1.151773333333333 -0.3607729468599033 -1.2198666666666667
