2 0.3167673107890499 1.20356 -0.3356763285024154 -1.1413066666666667
0 0.41380032206119166 1.4764666666666668 -0.5536231884057972 -1.75144
2 0.46020128824476647 1.7298000000000002 -0.6382608695652173 -2.3398666666666665
2 0.23686392914653784 0.8794 -0.17384057971014494 -0.6201866666666667
1 0.3683977455716586 1.3235333333333332 -0.45600644122383255 -1.5352266666666665
3 0.32878824476650564 1.181973333333333 -0.3824718196457327 -1.2577066666666665
0 0.2897987117552335 1.0219466666666668 -0.2921739130434783 -0.8994133333333332
2 0.30950080515297906 1.1315066666666664 -0.3244122383252818 -1.0832799999999998
8 0.2542109500805153 0.9670533333333334 -0.21652173913043474 -0.8615733333333334
8 0.2986634460547504 1.0587199999999999 -0.3171658615136876 -1.056
