2 0.30253827558420626 1.182566489361702 -0.3264302981466559 -1.0945478723404254
2 0.09744157937147462 0.7239760638297872 0.10788879935535858 0.0634840425531915
2 0.15853746978243352 1.0065425531914893 -0.029903303787268343 -0.3186702127659574
2 0.1886583400483481 0.8208377659574467 -0.08076551168412571 -0.39625
2 0.2405439161966156 0.9770345744680851 -0.19452860596293314 -0.7074734042553191
2 0.26504834810636585 0.9776063829787234 -0.23884770346494757 -0.825372340425532
2 0.27689363416599516 0.9977659574468084 -0.26384367445608375 -0.8987234042553192
7 0.2666317485898469 1.012061170212766 -0.2964383561643836 -0.9691755319148935
2 0.17825543916196615 0.7556382978723404 -0.05949234488315873 -0.321436170212766
8 0.33333601933924256 1.141968085106383 -0.3788074133763094 -1.2780319148936168
