0 0.07340064620355413 0.6216978609625667 0.09819063004846527 0.6460160427807486
0 0.26765751211631666 1.09951871657754 -0.23920840064620355 -0.6627807486631015
0 0.41378836833602584 1.5277941176470586 -0.5607431340872375 -1.7131283422459893
0 0.2326373182552504 0.9455614973262031 -0.1826090468497577 -0.4099465240641711
0 0.27594103392568664 1.0618449197860962 -0.27277059773828755 -0.7613368983957219
0 0.37843699515347334 1.4004010695187166 -0.4955977382875606 -1.5241711229946522
0 0.3092043618739903 1.1343716577540106 -0.3434975767366721 -1.0292245989304813
0 0.3010420032310178 1.084585561497326 -0.3231179321486269 -0.9837700534759359
3 0.3526292407108239 2.1524064171122994 -0.7052584814216478 -2.3101604278074865
8 0.32428109854604203 1.2332486631016042 -0.36657512116316643 -1.3272994652406418
8 0.28861873990306947 1.0582486631016041 -0.2868497576736672 -0.9217379679144385
