2 0.2959508460918614 1.1167287234042553 -0.30327961321514907 -1.0138829787234043
2 0.07224012892828365 0.9867021276595744 0.1444802578565673 0.02127659574468085
2 0.16267526188557613 0.8110505319148935 -0.03864625302175665 -0.2827925531914894
2 0.2496696212731668 1.0286569148936169 -0.211361804995971 -0.7533244680851063
2 0.22592667203867847 0.8771808510638297 -0.1573811442385173 -0.5846808510638298
2 0.15543110394842866 0.7024999999999999 -0.01379532634971795 -0.18574468085106383
2 0.27232070910556005 1.0054388297872339 -0.25134568896051573 -0.8609308510638297
2 0.28408944399677677 1.0095212765957446 -0.27499597099113626 -0.9297340425531916
3 0.28601933924254636 1.006662234042553 -0.30138597904915393 -0.9802925531914891
2 0.21146253021756647 0.807779255319149 -0.1308219178082192 -0.49311170212765953
2 0.07644238517324738 0.5132579787234042 0.15288477034649475 0.3991755319148935
