2 0.5704951690821256 2.1533333333333333 -0.8286392914653785 -2.312
2 0.08280595813204508 0.9373333333333334 0.16561191626409016 0.12
2 0.15450080515297906 1.04652 0.03864734299516908 -0.2113866666666666
2 0.3683494363929147 1.7397066666666665 -0.4399355877616748 -1.7146133333333333
2 0.40326086956521734 1.69716 -0.5308856682769726 -2.142586666666667
2 0.25140901771336555 1.00128 -0.21201288244766509 -0.7601066666666666
2 0.34102657004830916 1.2892533333333334 -0.3940821256038647 -1.3461333333333334
3 0.25390901771336555 1.00164 -0.2464492753623188 -0.8240799999999999
2 0.334074074074074 1.2420799999999999 -0.38045088566827695 -1.3037866666666666
3 0.18189613526570048 0.8778133333333333 -0.11672302737520127 -0.6402666666666667
3 0.3062399355877617 1.08144 -0.34584541062801927 -1.1421866666666667
3 0.35308373590982284 1.3514133333333331 -0.4601610305958132 -1.6841599999999999
8 0.29320853462157814 1.0142666666666666 -0.3112962962962963 -1.0504533333333332
8 0.3238204508856683 1.1309333333333331 -0.3926489533011272 -1.2837866666666664
