3 0.003719806763285024 0.9953599999999999 0.007439613526570048 0.0039466666666667155
0 0.4000201288244767 1.4979466666666668 -0.5495571658615136 -1.6801599999999999
1 0.23270531400966182 0.9802 -0.1839452495974235 -0.4806133333333334
1 0.25503623188405794 0.9752 -0.2357729468599034 -0.6773333333333333
2 0.34999597423510465 1.422853333333333 -0.4183977455716586 -1.4516266666666666
2 0.334537037037037 1.3063466666666665 -0.39978260869565213 -1.3461333333333332
2 0.32875201288244765 1.24644 -0.39033816425120776 -1.3028000000000002
0 0.315048309178744 1.0998933333333332 -0.3643961352657005 -1.1597333333333333
0 0.3174194847020934 1.1058266666666665 -0.36598228663446053 -1.1652533333333333
2 0.2823389694041868 1.0000533333333332 -0.29243961352657005 -0.96736
2 0.26084541062801936 0.9660666666666666 -0.23769726247987116 -0.8126133333333334
2 0.13066827697262481 0.9229066666666668 0.0498389694041868 -0.14725333333333324
2 0.20087359098228663 0.9290133333333332 -0.10451690821256036 -0.46314666666666665
8 0.3011795491143317 1.0406666666666666 -0.33226247987117546 -1.0532266666666668
