2 0.2992707493956486 1.2051728723404254 -0.3206365834004835 -1.0785904255319148
2 0.0783279613215149 0.6126063829787233 0.1566559226430298 0.4354255319148936
2 0.07413779210314261 0.955997340425532 0.14827558420628523 0.08268617021276589
2 0.23086220789685735 0.957034574468085 -0.16410958904109588 -0.629281914893617
2 0.19360999194198228 0.831781914893617 -0.09734085414987914 -0.4378191489361702
2 0.257610797743755 0.985904255319149 -0.22693795326349717 -0.8045212765957448
7 0.24991539081385977 1.0152127659574468 -0.2829089443996777 -0.9286170212765956
7 0.2808662369057212 1.0189095744680852 -0.31622078968573725 -1.0148404255319148
2 0.07475825946817083 0.5785239361702128 0.14951651893634166 0.22614361702127667
2 0.1397904915390814 0.6700398936170213 0.013376309427880735 -0.1142819148936171
3 0.2225020145044319 0.8436037234042553 -0.16922643029814663 -0.6013563829787234
2 0.33987912973408535 1.1690691489361704 -0.38934730056406125 -1.3018617021276597
