2 0.35768331990330376 1.4162898936170212 -0.40682514101531025 -1.4240691489361703
2 0.08483883964544721 1.0206382978723403 0.14443996776792908 -0.046595744680851016
2 0.2369258662369057 1.0101994680851065 -0.17704270749395648 -0.657845744680851
2 0.33479452054794523 1.2093351063829787 -0.374085414987913 -1.2643085106382979
2 0.1638638195004029 0.8019015957446808 -0.024617244157937132 -0.24683510638297873
2 0.26311039484286863 1.0126728723404255 -0.2273327961321515 -0.7972074468085106
2 0.21988718775181304 0.8721675531914893 -0.13819500402900886 -0.5339627659574467
2 0.24325141015310234 0.9041755319148936 -0.18824335213537471 -0.6654787234042552
2 0.2874174053182917 1.014906914893617 -0.2740773569701853 -0.9229521276595744
3 0.2628646253021757 0.9466356382978723 -0.2382675261885576 -0.8094414893617021
2 0.31116035455277996 1.0892952127659574 -0.3269460112812248 -1.0823670212765955
2 0.32555600322320705 1.1181117021276596 -0.35352941176470587 -1.1664893617021277
8 0.29209911361804997 1.0267021276595742 -0.2963336019339242 -0.9919680851063829
8 0.3043029814665592 1.0586436170212765 -0.31400483481063657 -1.0447340425531917
