2 0.3085104669887278 1.1484133333333333 -0.3365539452495974 -1.12168
2 0.2214573268921095 0.8962133333333333 -0.1452657004830918 -0.5702933333333333
2 0.36956119162640905 1.5988666666666667 -0.4665780998389694 -1.8131999999999997
2 0.3476328502415459 1.3987599999999998 -0.4144283413848631 -1.57528
2 0.3470652173913043 1.3545333333333334 -0.41525764895330114 -1.534773333333333
2 0.3442512077294686 1.3208133333333334 -0.41750402576489537 -1.5084533333333332
3 0.32882045088566825 1.25948 -0.3947584541062802 -1.4278133333333332
2 0.3304186795491143 1.21984 -0.38288244766505636 -1.3766933333333333
2 0.22711755233494363 0.8633066666666667 -0.17246376811594205 -0.6268799999999999
3 0.27925925925925926 1.0033866666666666 -0.30161030595813204 -1.0042666666666666
2 0.24070048309178743 0.8864266666666667 -0.198743961352657 -0.6977599999999999
2 0.2674758454106281 0.9414266666666665 -0.25136070853462156 -0.8611466666666666
2 0.2194887278582931 0.8005333333333333 -0.15433977455716585 -0.5377066666666667
2 0.12222624798711755 0.4930266666666666 0.04227858293075685 0.10077333333333331
