0 0.3745476575121163 1.5707352941176471 -0.48193861066235866 -1.3041978609625668
0 0.3976373182552504 1.6716042780748663 -0.5416558966074313 -1.5296791443850266
0 0.07252423263327948 0.5873262032085561 0.12682552504038772 0.6989839572192513
0 0.21540387722132473 0.9231550802139037 -0.16147011308562198 -0.36914438502673796
0 0.33524636510500805 1.2478475935828877 -0.39981421647819065 -1.1915775401069517
0 0.4002342487883684 1.5902807486631014 -0.5460420032310178 -1.7201336898395718
0 0.49664378029079165 1.9682754010695185 -0.7655815831987076 -2.3597058823529413
0 0.4685096930533118 1.7778609625668451 -0.6942084006462036 -2.1041711229946523
0 0.24603796445880455 0.9590775401069518 -0.2108804523424879 -0.5870320855614974
7 0.2502544426494346 0.947754010695187 -0.17310985460420036 -0.5454010695187165
0 0.23226978998384493 0.9145855614973262 -0.18610662358642974 -0.4956951871657753
0 0.5232471728594509 2.0314973262032083 -0.8176090468497578 -2.5227807486631013
2 0.28248384491114703 1.0203475935828876 -0.293562197092084 -0.9709090909090907
2 0.23306138933764134 0.9727139037433155 -0.20925686591276255 -0.7270320855614972
3 0.2530654281098546 0.9779545454545454 -0.2415428109854604 -0.7989037433155078
8 0.07238691437802908 0.5489839572192514 0.13776252019386107 0.7180748663101604
8 0.3567609046849758 1.2860160427807488 -0.42473344103392574 -1.3249197860962565
8 0.2981663974151858 1.067927807486631 -0.3252504038772214 -1.0817914438502674
8 0.33567043618739906 1.1851737967914437 -0.37733441033925685 -1.154197860962567
8 0.3510339256865913 1.250681818181818 -0.4184814216478191 -1.257673796791444
