3 0.13439210950080516 0.6319466666666667 0.003164251207729474 -0.11477333333333331
7 0.17253220611916265 0.6724266666666666 -0.05962157809983898 -0.2329066666666666
2 0.2237842190016103 0.8308933333333333 -0.15384863123993558 -0.5742133333333334
3 0.20111111111111113 0.7689866666666667 -0.1214814814814815 -0.46922666666666674
8 0.2525322061191626 0.8865066666666667 -0.2198792270531401 -0.7449066666666667
8 0.2642753623188406 0.9670666666666665 -0.2467149758454106 -0.9226666666666666
8 0.33472222222222225 1.1684266666666667 -0.38425925925925924 -1.3143466666666666
8 0.31921095008051525 1.07956 -0.35154589371980677 -1.17544
8 0.30117954911433176 1.0184533333333334 -0.31380837359098235 -1.0421333333333336
8 0.34982286634460547 1.2489999999999999 -0.41780998389694046 -1.4976800000000003
