2 0.4454991948470209 2.1533333333333333 -0.6158776167471819 -2.312
2 0.08012479871175524 0.8972933333333334 0.16024959742351047 0.12354666666666662
2 0.3765257648953301 1.7737999999999998 -0.47099033816425123 -1.8558133333333335
2 0.23198067632850242 0.9384133333333332 -0.1800805152979066 -0.6653066666666666
2 0.3463405797101449 1.36876 -0.4178019323671498 -1.4653066666666665
2 0.3404066022544283 1.2902266666666666 -0.40640096618357485 -1.3985333333333332
2 0.25050322061191627 0.9495600000000001 -0.2161916264090177 -0.7494133333333334
8 0.1208574879227053 0.7128933333333333 0.018317230273752014 -0.24765333333333325
8 0.3489814814814815 1.2642799999999998 -0.45638486312399357 -1.48376
8 0.3863043478260869 1.411493333333333 -0.5293558776167472 -1.850453333333333
