2 0.1686513687600644 0.84168 -0.04234299516908213 -0.3978133333333334
2 0.19786634460547503 0.8758533333333333 -0.09972624798711756 -0.5326133333333333
1 0.5413123993558777 2.0030533333333334 -0.8661674718196457 -2.61256
1 0.4750201288244766 1.7974800000000002 -0.7103623188405797 -2.314106666666667
1 0.4628582930756844 1.6597333333333333 -0.6649114331723027 -2.1037333333333335
2 0.4221256038647343 1.476 -0.5821256038647343 -1.9620266666666666
8 0.3095652173913044 1.0642800000000001 -0.33729468599033824 -1.1226933333333333
8 0.5163083735909823 1.8281866666666664 -0.7792995169082126 -2.694933333333333
8 0.26637278582930757 0.949 -0.2509098228663446 -0.8754399999999999
8 0.36533816425120774 1.3837199999999998 -0.46729468599033824 -1.706
