2 0.22271739130434784 1.0114933333333334 -0.1396537842190016 -0.60096
2 0.15398953301127213 0.8432400000000001 0.008220611916264097 -0.18818666666666664
2 0.326219806763285 1.1754666666666667 -0.36854267310789046 -1.2362133333333334
2 0.2582890499194847 1.0018533333333333 -0.21567632850241547 -0.7658399999999999
2 0.36254025764895326 1.41804 -0.460780998389694 -1.7566666666666666
2 0.35677536231884055 1.38244 -0.4620692431561997 -1.6944800000000002
3 0.44133252818035423 1.6656933333333332 -0.6555152979066023 -2.36552
8 0.30285829307568435 1.0392933333333334 -0.3289049919484702 -1.0837600000000003
8 0.28146940418679545 1.0031733333333335 -0.27606280193236715 -0.9893333333333334
8 0.3317874396135266 1.2976 -0.40019323671497586 -1.5393066666666666
8 0.40307971014492755 1.5267866666666667 -0.5645813204508857 -2.07544
8 0.31417874396135265 1.1003866666666666 -0.34652173913043477 -1.1726666666666665
