2 0.08194041867954911 0.8568533333333332 0.16388083735909822 0.18373333333333328
2 0.22796698872785828 1.0396666666666667 -0.14432367149758454 -0.56728
2 0.16480676328502417 0.8961333333333332 -0.010322061191626403 -0.2212266666666666
1 0.3902777777777778 1.5899999999999999 -0.4882850241545894 -1.6670933333333335
2 0.5145330112721418 1.9999333333333333 -0.7811916264090177 -2.6188
1 0.40373993558776167 1.67564 -0.5194927536231884 -1.7557066666666663
0 0.14736312399355878 0.6507333333333333 0.0028582930756843893 0.1748
2 0.27397342995169083 1.0342 -0.24810789049919488 -0.8394933333333334
2 0.29177133655394527 1.03076 -0.28415458937198074 -0.94664
3 0.2922866344605475 1.02992 -0.30297906602254426 -0.99328
2 0.32788244766505636 1.2585199999999999 -0.36305958132045096 -1.35224
2 0.3191747181964573 1.1782133333333333 -0.3486392914653784 -1.25424
3 0.2499838969404187 1.0355733333333332 -0.2225442834138486 -0.7589866666666667
