2 0.3101570048309179 1.16 -0.3253381642512077 -1.10368
2 0.07586553945249597 0.7828933333333332 0.15173107890499193 0.42888000000000004
2 0.1248268921095008 0.9355466666666667 0.04316425120772948 -0.13712000000000005
2 0.20712962962962964 0.9832133333333333 -0.11968599033816424 -0.6330399999999999
2 0.22703301127214173 0.9913599999999999 -0.1628099838969404 -0.7051733333333334
2 0.24607085346215782 0.9937333333333332 -0.2021417069243156 -0.81328
3 0.24437198067632848 1.02904 -0.2384541062801932 -0.9210666666666667
2 0.45438003220611917 2.1533333333333333 -0.6540901771336554 -2.312
0 0.37032608695652175 1.3557466666666667 -0.4556119162640902 -1.4087733333333332
2 0.4390257648953301 1.8565466666666663 -0.595024154589372 -2.335546666666666
2 0.3113566827697262 1.1188666666666667 -0.33100644122383255 -1.10408
2 0.07492351046698874 0.6020666666666666 0.14984702093397748 0.40962666666666664
3 0.5011433172302737 2.006133333333333 -0.7695974235104669 -2.6064
2 0.13679146537842188 0.6594266666666666 0.006561996779388088 -0.14045333333333337
2 0.17584541062801934 0.71336 -0.059935587761674715 -0.3013866666666666
4 0.21983896940418676 0.8635466666666666 -0.18413848631239935 -0.6542399999999999
8 0.28692028985507245 1.0420533333333333 -0.295354267310789 -1.0226666666666666
