0 0.2610177705977383 1.2732486631016042 -0.268578352180937 -0.5518449197860962
0 0.26380452342487887 1.259398395721925 -0.257205169628433 -0.6496524064171123
0 0.21048869143780294 1.01 -0.14483844911147012 -0.1720320855614974
0 0.17194668820678516 0.8310828877005348 -0.06731825525040389 0.012219251336898376
0 0.25827140549273025 1.158475935828877 -0.2578190630048465 -0.7255080213903744
0 0.21718901453957998 0.9880080213903742 -0.14920840064620355 -0.283716577540107
0 0.24014943457189017 0.9822727272727272 -0.2212520193861066 -0.5288235294117646
0 0.24655088852988694 1.0639304812834223 -0.22846526655896607 -0.5404812834224599
2 0.22124798061389336 0.9879545454545454 -0.1569870759289176 -0.6121657754010695
0 0.33015347334410344 1.1881016042780748 -0.3990953150242326 -1.2340106951871657
0 0.29174071082390957 1.0511363636363635 -0.31244749596122784 -0.9543048128342247
8 0.19530290791599356 0.7774197860962566 -0.11432148626817448 -0.2974064171122995
8 0.1419184168012924 0.6257085561497325 0.0007835218093699506 -0.07671122994652413
