2 0.4397705314009661 2.1533333333333333 -0.5742431561996779 -2.312
1 0.3957367149758454 1.4539733333333333 -0.4883816425120772 -1.5180266666666666
2 0.2564975845410628 1.0586799999999998 -0.20296296296296298 -0.7121333333333332
2 0.3422705314009662 1.3547066666666665 -0.39491143317230276 -1.354213333333333
2 0.34161835748792274 1.2831866666666667 -0.37956521739130433 -1.2949066666666667
3 0.3322342995169082 1.2443066666666667 -0.37833333333333335 -1.2752266666666667
2 0.29092995169082125 1.0477333333333334 -0.2829710144927536 -0.9503466666666667
3 0.32832930756843803 1.1877333333333333 -0.37185990338164254 -1.2357333333333334
8 0.08570048309178743 0.8849866666666667 0.17140096618357487 0.21935999999999997
8 0.30411433172302743 1.1037466666666667 -0.32169082125603865 -1.1499466666666667
