2 0.42409017713365543 2.1533333333333333 -0.5669404186795491 -2.312
2 0.08519726247987118 0.7801066666666667 0.17039452495974236 0.4344533333333333
2 0.12884460547504026 0.9610133333333333 0.021392914653784213 -0.16778666666666656
2 0.35904186795491144 1.5381866666666664 -0.4413204508856683 -1.5905066666666665
2 0.2073107890499195 0.9773866666666666 -0.13420289855072465 -0.5389333333333333
2 0.3449959742351047 1.3647866666666666 -0.4130032206119163 -1.46376
3 0.3157568438003221 1.2792933333333334 -0.42035426731078906 -1.3894133333333332
2 0.3292149758454106 1.1959066666666665 -0.38210144927536227 -1.28904
2 0.3225523349436393 1.1373333333333333 -0.3633977455716586 -1.2190400000000001
2 0.27777375201288246 0.9869733333333334 -0.26595008051529784 -0.9063199999999998
2 0.3126650563607085 1.1124133333333333 -0.34853462157809983 -1.1838666666666666
2 0.30475442834138483 1.0664266666666666 -0.32710950080515294 -1.10848
8 0.2642753623188406 0.9398799999999999 -0.2524154589371981 -0.8429066666666667
8 0.2877093397745572 1.0226666666666666 -0.3013768115942029 -1.0361066666666665
