2 0.3822624798711755 1.9770133333333333 -0.4843639291465378 -1.9806933333333332
2 0.0821135265700483 0.8432 0.1642270531400966 0.1476266666666667
2 0.19368760064412238 0.9118133333333331 -0.09876006441223832 -0.4434666666666667
2 0.2883615136876006 1.0326933333333332 -0.28878421900161033 -0.9857600000000001
2 0.22725442834138487 0.9288133333333333 -0.1653623188405797 -0.6213599999999999
2 0.2569524959742351 0.958 -0.2194927536231884 -0.7725866666666668
2 0.32633655394524963 1.1399066666666666 -0.3723993558776168 -1.2420533333333332
2 0.34842190016103053 1.2797333333333334 -0.42563607085346217 -1.5415466666666666
3 0.40424718196457327 1.4674933333333335 -0.561328502415459 -1.9766933333333332
8 0.27625201288244766 0.9812799999999998 -0.2659661835748792 -0.88432
8 0.30619967793880837 1.0951333333333333 -0.33731078904991946 -1.1982666666666666
8 0.3382326892109501 1.17448 -0.4086714975845411 -1.35696
8 0.4528140096618357 1.6436666666666666 -0.650330112721417 -2.3746933333333335
8 0.3780756843800322 1.3495733333333333 -0.4977294685990338 -1.8002666666666667
