2 0.4330998389694042 2.1533333333333333 -0.5366022544283414 -2.312
2 0.35372383252818035 1.4960399999999998 -0.4306843800322061 -1.4999733333333334
2 0.09052334943639291 0.8722933333333334 0.10515297906602254 -0.21328000000000005
2 0.14031400966183574 0.8943333333333333 0.00020933977455718142 -0.37810666666666654
2 0.1524476650563607 0.8666266666666667 -0.04573268921095009 -0.3827999999999999
2 0.1811634460547504 0.8773466666666666 -0.07078099838969401 -0.47858666666666666
2 0.2112882447665056 0.9435466666666666 -0.1355394524959742 -0.66704
2 0.22396135265700481 0.9688133333333333 -0.16149758454106278 -0.7279733333333334
2 0.22638083735909825 0.9428133333333333 -0.17796296296296296 -0.7201333333333332
2 0.22721014492753622 0.9700933333333333 -0.17733494363929148 -0.7879733333333333
2 0.24844202898550724 0.9742666666666667 -0.23549919484702095 -0.8901333333333333
1 0.3009943639291466 1.0304399999999998 -0.32385668276972623 -1.0427466666666665
2 0.3381199677938808 1.2433066666666666 -0.38604669887278575 -1.3069333333333333
2 0.3226529790660225 1.1229333333333333 -0.364549114331723 -1.2213333333333334
8 0.28119967793880835 1.0106 -0.2935587761674718 -1.0015733333333332
8 0.30438003220611914 1.0804666666666665 -0.34616747181964574 -1.1792799999999999
