2 0.29767310789049917 1.1238133333333333 -0.3067149758454106 -1.0474133333333335
2 0.10663848631239935 0.8862 0.06722222222222221 -0.2033866666666666
2 0.21355072463768118 0.94248 -0.1403220611916264 -0.6678933333333334
2 0.23072463768115942 0.9574533333333332 -0.1722061191626409 -0.7372
2 0.2800563607085347 1.033 -0.27072463768115945 -0.9421599999999998
3 0.3199033816425121 1.3515733333333333 -0.42238325281803546 -1.4236799999999998
3 0.18529790660225443 0.8233066666666666 -0.11544283413848631 -0.47487999999999997
2 0.30414653784219003 1.1068666666666667 -0.32663446054750406 -1.0909066666666667
1 0.13543478260869565 0.54452 0.010708534621578109 0.03341333333333334
8 0.298389694041868 1.1641333333333332 -0.36127214170692434 -1.1810133333333332
