2 0.34031803542673106 1.295 -0.3906682769726248 -1.3368799999999998
2 0.08347020933977456 0.97416 0.16694041867954912 0.046346666666666654
2 0.41588969404186804 1.8204533333333333 -0.5656763285024154 -2.36304
2 0.39419484702093394 1.67628 -0.552061191626409 -2.148186666666667
7 0.23436795491143317 0.9053466666666666 -0.13675523349436391 -0.5322933333333334
2 0.23822866344605476 0.94256 -0.18003220611916262 -0.6473066666666666
2 0.18128421900161032 0.8811733333333333 -0.04842995169082124 -0.31173333333333325
2 0.377536231884058 1.5065733333333333 -0.4920128824476651 -1.8734133333333332
2 0.26213768115942027 0.9680799999999999 -0.22855877616747183 -0.7910933333333334
2 0.49005233494363926 1.8540666666666665 -0.7376409017713367 -2.67864
2 0.47303140096618357 1.7775333333333332 -0.6982045088566828 -2.5506933333333333
3 0.522512077294686 1.9140266666666665 -0.8327214170692432 -2.7906133333333334
8 0.2746900161030596 1.1520666666666668 -0.27012077294685993 -1.1809866666666666
8 0.34448067632850243 1.2745199999999999 -0.42116747181964564 -1.5398133333333333
