0 0.37643780290791606 1.640561497326203 -0.49182552504038773 -1.286470588235294
0 0.4078998384491115 1.7924064171122993 -0.574168012924071 -1.5901604278074866
0 0.14714458804523428 0.8602005347593582 -0.02693861066235864 0.25066844919786097
0 0.32614297253634894 1.241283422459893 -0.3871324717285945 -1.1149197860962567
0 0.35841680129240716 1.3336764705882351 -0.450080775444265 -1.3629144385026737
0 0.5098142164781907 1.9507754010695186 -0.7757350565428109 -2.47096256684492
0 0.5077463651050081 1.928783422459893 -0.784458804523425 -2.50879679144385
0 0.42832390953150246 1.582005347593583 -0.6044668820678514 -1.873903743315508
0 0.29206381260096936 1.0483021390374332 -0.30193053311793216 -0.9139304812834226
2 0.2567124394184168 1.0122459893048128 -0.24731825525040385 -0.8389839572192513
3 0.27203150242326335 1.0357085561497326 -0.2738691437802908 -0.9660695187165775
8 0.14113489499192247 0.623970588235294 0.022140549273021 0.1956951871657753
8 0.3442609046849758 1.2584224598930482 -0.400767366720517 -1.331764705882353
8 0.29972940226171246 1.0730882352941176 -0.3304604200323102 -1.1093850267379677
