2 0.372878421900161 1.8209733333333333 -0.5059661835748793 -2.2387466666666667
2 0.5164573268921094 1.9046533333333333 -0.8009661835748791 -2.80936
2 0.5014573268921094 1.9033866666666666 -0.7648470209339774 -2.8024533333333332
2 0.2296779388083736 0.9486133333333333 -0.164621578099839 -0.6037333333333333
2 0.2671739130434783 1.04948 -0.2466183574879227 -0.8611999999999997
2 0.3745410628019324 1.4708266666666665 -0.5083574879227053 -1.8919466666666667
2 0.43236312399355875 1.5615866666666667 -0.621328502415459 -2.1351199999999997
3 0.47122383252818034 1.7109866666666667 -0.7168599033816425 -2.4615466666666665
2 0.44841787439613523 1.6186533333333333 -0.649524959742351 -2.2530400000000004
2 0.2458132045088567 0.9655733333333334 -0.19544283413848632 -0.7114133333333333
2 0.3289452495974235 1.1842933333333334 -0.37714975845410625 -1.2835733333333332
2 0.3107085346215781 1.0990666666666666 -0.3327858293075684 -1.1177066666666666
8 0.3486513687600644 1.2158799999999998 -0.4117954911433172 -1.3742133333333333
