2 0.28243352135374694 0.9852659574468084 -0.2705721192586623 -0.9045212765957448
2 0.2967123287671233 1.1859441489361702 -0.3053182917002417 -1.0514095744680851
2 0.08071313456889605 0.7564494680851064 0.1614262691377921 0.42656914893617026
3 0.06608783239323127 0.5641755319148936 0.13217566478646253 0.34303191489361706
2 0.1486583400483481 0.8053723404255319 0.01082191780821916 -0.14984042553191498
2 0.25910556003223206 0.9901329787234041 -0.22670427074939567 -0.7579255319148935
2 0.19139403706688152 0.8155585106382978 -0.08512489927477838 -0.3791489361702128
2 0.14980660757453665 0.6934441489361702 -0.0014020950846091935 -0.14348404255319144
2 0.22296132151490733 0.841343085106383 -0.15056406124093472 -0.5375797872340426
3 0.17027397260273971 0.7217952127659574 -0.06607574536663981 -0.2879521276595744
2 0.23364222401289286 0.8529787234042552 -0.17207091055600324 -0.5967021276595744
3 0.2382675261885576 0.8684175531914893 -0.20477034649476228 -0.6639627659574469
7 0.2547381144238517 0.9395744680851065 -0.24800966962127313 -0.8028723404255319
