2 0.30226027397260274 1.1882712765957446 -0.3265511684125705 -1.0955851063829787
2 0.07765511684125705 0.6243218085106383 0.1553102336825141 0.4733244680851064
2 0.07294923448831588 0.9962898936170212 0.14589846897663175 0.0021010638297872886
2 0.16239726027397258 0.7894148936170212 -0.02560032232070909 -0.26553191489361705
2 0.2249879129734085 0.974029255319149 -0.1612409347300564 -0.623909574468085
2 0.25982675261885574 0.9754255319148936 -0.2274697824335213 -0.7954787234042551
2 0.27377115229653504 0.9975664893617022 -0.25779210314262685 -0.8836436170212766
7 0.26358581788879937 1.0136436170212766 -0.2954391619661563 -0.9668085106382978
2 0.16011281224818694 0.726063829787234 -0.02283642224012893 -0.23223404255319155
2 0.192856567284448 0.7691356382978723 -0.09035455278001608 -0.3806117021276596
3 0.23910153102336826 0.8744946808510639 -0.19887993553585817 -0.6848404255319149
8 0.338235294117647 1.169561170212766 -0.39408541498791294 -1.3196010638297875
