2 0.34911433172302736 1.2066666666666666 -0.41919484702093396 -1.3972266666666666
3 0.3612359098228663 1.2543333333333333 -0.4571417069243156 -1.5164000000000002
2 0.3120893719806763 1.1574 -0.3395410628019324 -1.19992
3 0.060950080515297905 0.6227466666666667 0.12190016103059581 0.21781333333333333
4 0.20886876006441227 1.0079466666666665 -0.21448470209339773 -0.8510933333333333
2 0.19756038647342997 1.1330133333333332 -0.0998389694041868 -0.6608533333333332
6 0.29530193236714974 1.0985866666666666 -0.33429146537842197 -1.1939733333333333
8 0.3400563607085346 1.1701733333333335 -0.40502415458937197 -1.338
8 0.3746900161030596 1.8935733333333333 -0.5107487922705313 -2.826186666666666
8 0.16321256038647344 0.6962266666666668 -0.019420289855072468 -0.2532
