0 0.24937802907915996 1.059211229946524 -0.20072697899838451 -0.4839839572192513
0 0.4204321486268175 1.5685695187165773 -0.574967689822294 -1.7562299465240638
0 0.22357835218093702 0.925254010695187 -0.16297253634894995 -0.3063903743315507
0 0.2668376413570275 1.0539304812834223 -0.25344911147011306 -0.7044385026737967
0 0.38007269789983844 1.4120855614973262 -0.4977221324717287 -1.5213903743315507
0 0.30968901453958 1.136831550802139 -0.34401453957996775 -1.0186898395721924
0 0.2978998384491115 1.0758957219251335 -0.3169143780290792 -0.9496524064171122
0 0.2969749596122779 1.0760294117647058 -0.3216558966074313 -0.9928074866310161
3 0.38515751211631666 1.7782620320855613 -0.7703150242326333 -1.5618716577540106
8 0.2843659127625202 1.048970588235294 -0.2924474959612279 -0.8887433155080213
8 0.31926494345718903 1.2248262032085562 -0.3705654281098546 -1.3093850267379679
8 0.38846930533117935 2.1497326203208553 -0.7769386106623587 -2.3101604278074865
