0 0.4503836833602585 2.1524064171122994 -0.6620436187399031 -2.3101604278074865
0 0.26646203554119546 1.089505347593583 -0.27726978998384494 -0.7489572192513367
0 0.4621486268174475 1.9243582887700534 -0.6506785137318255 -1.8540641711229948
0 0.3916316639741519 1.6666176470588236 -0.5190306946688207 -1.3385828877005346
0 0.34448707592891764 1.4503475935828876 -0.4180856219709208 -1.1310160427807485
0 0.41795234248788377 1.6843181818181816 -0.5860500807754444 -1.6861229946524063
0 0.37246768982229406 1.4678208556149732 -0.48535541195476567 -1.3979946524064168
0 0.39955169628432957 1.6258689839572193 -0.5253877221324718 -1.4376203208556149
0 0.38236268174474963 1.52475935828877 -0.5047415185783521 -1.5670588235294114
0 0.3902625201938611 1.6035695187165775 -0.5157269789983846 -1.540989304812834
2 0.28248384491114703 1.1129010695187165 -0.2875040387722132 -0.9978342245989306
8 0.3117084006462036 1.2403342245989304 -0.356502423263328 -1.1783689839572193
8 0.23384491114701134 0.8687967914438502 -0.19452342487883686 -0.59048128342246
