2 0.2973489121676067 1.1272606382978723 -0.30754230459307014 -1.0285106382978724
2 0.07451248992747783 0.6946143617021276 0.14902497985495566 0.3497074468085107
2 0.14901289282836422 1.0678590425531915 -0.010805801772763897 -0.27906914893617024
2 0.18806607574536666 0.8408643617021276 -0.08949234488315874 -0.4079521276595745
2 0.25913376309427877 1.0292287234042554 -0.23174053182917004 -0.808563829787234
2 0.23771555197421432 0.896781914893617 -0.18174858984689765 -0.6513297872340424
2 0.1769016921837228 0.7419946808510638 -0.05788074133763093 -0.29989361702127654
2 0.27622481869460114 1.0098537234042553 -0.2587671232876712 -0.8815159574468083
2 0.28609991941982266 1.0114361702127659 -0.27901692183722804 -0.9410106382978725
2 0.09695004029008863 0.6003324468085107 0.10821112006446415 0.1333776595744681
