2 0.2025805152979066 0.9453066666666666 -0.11047504025764894 -0.4780799999999999
1 0.2780716586151369 1.0085199999999999 -0.27625603864734294 -0.8518666666666664
1 0.2864331723027375 1.0290133333333333 -0.290756843800322 -0.9011733333333335
2 0.25685587761674716 0.9731199999999999 -0.21936392914653788 -0.7805333333333333
1 0.2896175523349437 1.01664 -0.2978824476650564 -0.94864
2 0.32628824476650564 1.1441199999999998 -0.3682286634460547 -1.2319733333333331
2 0.34942028985507245 1.4827466666666664 -0.4203381642512077 -1.4824533333333334
8 0.13074879227053138 0.5313599999999999 0.26149758454106276 0.9266133333333334
8 0.3184420289855072 1.0890933333333332 -0.35450080515297905 -1.17584
8 0.3387520128824476 1.1632666666666664 -0.4045088566827697 -1.3483466666666666
