2 0.0728341384863124 1.06856 0.1456682769726248 -0.14245333333333338
2 0.4051690821256038 2.1533333333333333 -0.5522705314009662 -2.312
2 0.1957246376811594 1.0963866666666668 -0.0989694041867955 -0.5455733333333334
2 0.33595410628019323 1.2688133333333333 -0.3894766505636071 -1.33816
2 0.3670531400966184 1.7953066666666666 -0.44521739130434784 -1.7506666666666666
2 0.23055555555555557 1.0268 -0.17697262479871176 -0.7041066666666669
0 0.20915458937198067 0.8664399999999999 -0.1547987117552335 -0.3212
0 0.22176731078904993 0.8671333333333333 -0.17619162640901773 -0.41682666666666657
2 0.2874718196457327 1.04364 -0.2957487922705314 -0.9877066666666666
2 0.3280152979066023 1.1873733333333332 -0.3789291465378422 -1.2768266666666666
0 0.2253703703703704 0.8822933333333334 -0.18106280193236718 -0.4289066666666666
2 0.3231320450885668 1.1392399999999998 -0.3720450885668277 -1.2316533333333333
8 0.30117954911433176 1.0420666666666665 -0.3238727858293076 -1.1004533333333333
8 0.31585346215780996 1.0906666666666667 -0.35826086956521735 -1.1921066666666664
