2 0.30051168412570506 1.2042021276595745 -0.3216035455278002 -1.0813297872340426
2 0.07753021756647864 0.6752792553191489 0.15506043513295728 0.2814095744680851
2 0.11516921837228042 0.9708244680851063 0.06556809024979857 -0.11228723404255311
2 0.23827961321514904 0.9632313829787232 -0.1788638195004029 -0.666409574468085
2 0.2021917808219178 0.8446808510638298 -0.11295729250604349 -0.47585106382978726
2 0.2611442385173247 0.9886968085106382 -0.23374697824335217 -0.8219148936170212
7 0.25322723609991943 1.0169946808510637 -0.2848912167606768 -0.9347340425531916
7 0.28199838839645447 1.0201728723404255 -0.3171474617244158 -1.0181117021276596
2 0.08252618855761483 0.613470744680851 0.1337389202256245 0.12077127659574467
2 0.15141821112006446 0.6910771276595745 -0.00926672038678485 -0.17071808510638298
3 0.22588235294117645 0.850186170212766 -0.1753746978243352 -0.6187234042553191
2 0.33730459307010474 1.1603324468085106 -0.3835858178887993 -1.281781914893617
