2 0.07577294685990338 1.0291066666666666 0.15154589371980676 -0.06354666666666663
2 0.4330434782608695 2.1533333333333333 -0.5736070853462157 -2.312
3 0.4981199677938808 1.9822266666666668 -0.8045169082125604 -2.6542133333333333
3 0.4378784219001611 1.9969999999999999 -0.6754991948470209 -2.6246666666666667
2 0.20000805152979065 1.0051466666666666 -0.09756843800322061 -0.4563733333333333
2 0.23576892109500805 1.0173999999999999 -0.1797181964573269 -0.6994399999999998
2 0.4390619967793881 1.682173333333333 -0.6172544283413849 -2.17464
2 0.4079347826086957 1.5541333333333331 -0.5451932367149759 -1.9422933333333332
2 0.3939814814814815 1.4807466666666664 -0.5173671497584541 -1.8214933333333332
2 0.38907809983896935 1.4601866666666665 -0.5021175523349436 -1.789813333333333
2 0.34095008051529796 1.2846 -0.3973590982286635 -1.3538933333333334
2 0.2709903381642512 1.0331066666666666 -0.25755233494363927 -0.8988000000000002
3 0.27593800322061196 1.04088 -0.2806199677938809 -0.9470399999999999
2 0.3564412238325282 1.308 -0.44293075684380034 -1.5652266666666668
4 0.30773752012882444 1.1497333333333333 -0.37953301127214173 -1.2510933333333334
8 0.3007326892109501 1.0477066666666666 -0.3201288244766505 -1.0205866666666668
