2 0.08138486312399355 0.66012 0.1627697262479871 0.34504
2 0.5400845410628019 1.9851733333333335 -0.8342270531400965 -2.64832
2 0.46906199677938815 1.9291466666666666 -0.685402576489533 -2.4876799999999997
2 0.25117149758454105 0.9560133333333333 -0.20834943639291464 -0.7343733333333333
2 0.31419887278582925 1.23248 -0.362842190016103 -1.3536
2 0.1746658615136876 0.6778666666666666 -0.05371175523349435 -0.21525333333333332
2 0.23486312399355877 0.83928 -0.18768115942028984 -0.6272
3 0.32745974235104675 2.1381066666666664 -0.4603301127214171 -2.2815466666666664
2 0.2927536231884058 1.2724799999999998 -0.280805152979066 -1.0899733333333332
8 0.19005233494363927 0.79152 -0.09669082125603863 -0.4841066666666666
