2 0.2083454106280193 0.9076133333333334 -0.10369565217391306 -0.44589333333333325
2 0.34003623188405796 1.2925200000000001 -0.3982528180354267 -1.36936
2 0.2341425120772947 0.9375733333333334 -0.16023349436392914 -0.6104533333333334
2 0.2536996779388084 0.96532 -0.21720611916264088 -0.7516
2 0.26422705314009665 0.9733599999999999 -0.23462157809983894 -0.8065066666666668
3 0.4938285024154589 1.8832266666666666 -0.7805877616747181 -2.7844799999999994
2 0.08183977455716586 0.4806933333333333 0.16367954911433172 0.3850133333333333
8 0.27677133655394526 1.14256 -0.2795008051529791 -1.18272
8 0.35984702093397747 1.33664 -0.47064412238325287 -1.6985066666666668
8 0.34291867954911437 1.1951866666666668 -0.42221417069243156 -1.4673866666666666
