2 0.10569243156199679 0.8411066666666666 0.11399355877616749 0.0607200000000001
2 0.3546980676328502 1.4728266666666667 -0.42888083735909827 -1.5366933333333332
2 0.18775764895330113 0.9000133333333333 -0.0632447665056361 -0.3761333333333332
2 0.231219806763285 0.945 -0.17387278582930757 -0.6347466666666666
2 0.2506038647342995 0.9609466666666667 -0.2072463768115942 -0.7323466666666666
2 0.32765297906602253 1.1379866666666667 -0.3720692431561997 -1.2399200000000001
8 0.40646135265700484 1.5030933333333332 -0.5513768115942029 -2.0073066666666666
8 0.27014492753623187 1.0962133333333335 -0.2618035426731079 -1.0587733333333333
8 0.31753220611916266 1.10456 -0.35825281803542675 -1.2031999999999998
8 0.33724235104669886 1.2615066666666668 -0.40606280193236716 -1.506
