2 0.09260466988727858 0.5867333333333333 0.18520933977455717 0.8211999999999999
2 0.10621175523349435 0.8705733333333334 0.11380837359098228 0.010533333333333303
2 0.5225966183574878 2.0128133333333333 -0.8390418679549113 -2.59304
2 0.46729871175523346 1.9924666666666664 -0.7127294685990339 -2.6337333333333333
2 0.4320772946859903 1.8606 -0.6186634460547505 -2.4483466666666667
2 0.20418679549114332 0.93028 -0.09961352657004828 -0.48216
2 0.3662157809983897 1.5599866666666666 -0.44494363929146535 -1.6274933333333332
2 0.35097826086956524 1.3816 -0.42073268921095014 -1.45232
2 0.23705716586151365 0.9477199999999999 -0.17195652173913042 -0.6302133333333333
2 0.34222624798711754 1.2664133333333332 -0.3969001610305958 -1.3626933333333333
2 0.33771336553945247 1.2290133333333333 -0.3849114331723028 -1.316
8 0.10158212560386475 0.5339466666666666 0.2031642512077295 0.92144
8 0.2129710144927536 0.7949733333333333 -0.1425281803542673 -0.5945333333333332
8 0.14734702093397745 0.5741866666666666 0.007479871175523343 -0.07354666666666669
8 0.07215780998389694 0.3777733333333333 0.14431561996779388 0.54696
8 0.25966183574879226 1.0198266666666667 -0.22909822866344604 -0.8837599999999999
8 0.2999194847020934 1.06984 -0.32471819645732686 -1.1115733333333333
8 0.32927133655394525 1.1739866666666667 -0.37335748792270523 -1.2643466666666665
