2 0.0752254428341385 1.0276399999999999 0.150450885668277 -0.06061333333333338
2 0.42694444444444446 2.1533333333333333 -0.5146618357487923 -2.312
2 0.174134460547504 1.03436 -0.06710950080515297 -0.4256266666666667
2 0.3709178743961352 1.7270266666666665 -0.428341384863124 -1.6324000000000003
2 0.25023349436392917 1.0125866666666667 -0.2222222222222222 -0.7771733333333335
2 0.34404186795491143 1.2874799999999997 -0.3996940418679549 -1.3733066666666667
2 0.2704991948470209 1.0264133333333334 -0.25853462157809987 -0.8969333333333334
2 0.33230273752012884 1.1745733333333335 -0.38428341384863124 -1.2813599999999998
3 0.32342592592592595 1.1516666666666666 -0.38688405797101455 -1.2703733333333334
8 0.2955233494363929 1.0589066666666667 -0.3190821256038648 -1.1016533333333334
8 0.32172302737520125 1.1045466666666666 -0.3683252818035426 -1.2310133333333333
