2 0.314134460547504 1.2947199999999999 -0.3351449275362319 -1.1230933333333333
2 0.36234702093397747 1.4573066666666668 -0.44248792270531406 -1.6504
2 0.35010064412238323 1.3131599999999999 -0.410780998389694 -1.4641866666666667
2 0.3425080515297907 1.2645199999999999 -0.39338969404186797 -1.4104266666666665
2 0.10289452495974234 0.7834933333333333 0.11427536231884058 0.07530666666666669
2 0.08127214170692432 0.6404533333333333 0.16254428341384863 0.2424
2 0.27165458937198067 0.99248 -0.24878421900161032 -0.8588266666666668
2 0.2969484702093398 1.05008 -0.30400966183574885 -1.0298666666666667
2 0.31113929146537844 1.08072 -0.33475845410628025 -1.1228266666666664
2 0.21165458937198067 0.8562133333333333 -0.12076489533011273 -0.5066666666666666
2 0.23070450885668278 0.8850800000000001 -0.1698148148148148 -0.6040266666666667
2 0.25493961352657 0.9385866666666666 -0.21582125603864735 -0.7679466666666667
2 0.2786231884057971 1.002 -0.2623510466988728 -0.9303466666666668
2 0.16117149758454108 0.69536 -0.022004830917874404 -0.18842666666666658
2 0.15363123993558778 0.66452 -0.009049919484702101 -0.18727999999999997
