2 0.3549597423510467 1.4613333333333334 -0.45294685990338157 -1.77264
2 0.5231924315619968 1.89624 -0.8242109500805154 -2.826186666666666
2 0.4668840579710145 1.7216933333333333 -0.6963285024154588 -2.4924533333333336
2 0.458268921095008 1.6866666666666665 -0.6762801932367151 -2.4224533333333333
2 0.27037037037037037 1.00536 -0.2575684380032206 -0.8778666666666668
2 0.30118760064412237 1.0720533333333333 -0.3229710144927536 -1.0871466666666667
2 0.37019726247987117 1.3910133333333332 -0.48578904991948474 -1.7562666666666664
2 0.41594202898550725 1.4731733333333332 -0.5901932367149758 -2.0031466666666664
2 0.43098631239935586 1.52532 -0.6145169082125604 -2.1010933333333335
2 0.3350322061191626 1.1816933333333333 -0.3968115942028985 -1.3398666666666668
8 0.28770933977455715 1.03992 -0.2982528180354267 -0.9740266666666666
8 0.32000402576489534 1.1374 -0.36179549114331727 -1.2379466666666668
