2 0.35686392914653786 2.1451333333333333 -0.3824396135265701 -2.2956
2 0.30491143317230274 1.53836 -0.2788727858293076 -1.18136
2 0.28356280193236716 1.2391866666666667 -0.23585346215780995 -0.8814666666666666
2 0.25700885668276974 1.0632133333333333 -0.19554750402576487 -0.6866933333333335
2 0.16631642512077294 0.7248399999999999 -0.012278582930756845 -0.05032000000000001
2 0.13147745571658617 0.7205333333333335 0.08078099838969405 0.20245333333333337
2 0.08883655394524959 0.736 0.17767310789049917 0.5226666666666666
2 0.2452334943639292 0.9204933333333333 -0.16016103059581321 -0.5400266666666667
2 0.19388486312399356 0.7193466666666666 -0.061054750402576526 -0.20871999999999993
8 0.20385668276972624 0.8381066666666667 -0.09199677938808373 -0.4530666666666667
