2 0.42070450885668276 2.1533333333333333 -0.6431320450885668 -2.312
2 0.3790056360708534 1.9264933333333334 -0.46931561996779386 -1.8760266666666665
2 0.33619162640901773 1.35848 -0.3769243156199678 -1.3540800000000002
1 0.2446376811594203 0.9339733333333333 -0.2024154589371981 -0.57808
2 0.21379629629629632 0.9033866666666666 -0.12037842190016104 -0.47653333333333336
2 0.31316827697262484 1.2136666666666667 -0.3476731078904992 -1.2021066666666664
2 0.297512077294686 1.08864 -0.30231884057971015 -1.0361599999999997
2 0.2897181964573269 1.0358533333333333 -0.28391304347826085 -0.9610933333333332
1 0.2564734299516908 0.9592266666666668 -0.2260708534621578 -0.66912
8 0.2686996779388084 0.9769733333333334 -0.2539855072463768 -0.8825866666666667
