2 0.08398148148148149 0.8438 0.16796296296296298 0.3070666666666666
2 0.15865539452495975 0.8891066666666667 0.0027053140096618238 -0.21735999999999997
2 0.2071779388083736 0.9137066666666666 -0.10182769726247987 -0.4413333333333333
2 0.23329307568438004 0.9397599999999999 -0.16098228663446057 -0.61552
2 0.4010789049919485 1.6347466666666666 -0.5652334943639291 -2.1537066666666664
2 0.397487922705314 1.5392533333333334 -0.5572463768115942 -1.9858666666666667
2 0.3837721417069243 1.4927066666666666 -0.5231481481481481 -1.90584
2 0.5295772946859904 1.8849466666666665 -0.8554347826086957 -2.848773333333333
2 0.5129388083735911 1.8859333333333332 -0.8157487922705314 -2.8468
2 0.3711876006441224 1.4294799999999999 -0.48667471819645736 -1.7850933333333332
2 0.2549557165861514 0.9663866666666666 -0.21157004830917872 -0.7553333333333333
2 0.3396618357487923 1.2599866666666666 -0.39818035426731074 -1.353786666666667
2 0.3357286634460548 1.2232 -0.39070048309178745 -1.3121066666666668
8 0.27338566827697264 1.1460133333333333 -0.26960547504025767 -1.21032
8 0.3265136876006441 1.1934666666666665 -0.40814814814814815 -1.46736
