2 0.3923510466988728 2.112973333333333 -0.48745571658615133 -2.23128
1 0.11257246376811594 0.8874799999999999 0.043115942028985506 0.21970666666666663
2 0.10291062801932367 0.8884799999999999 0.11783413848631241 0.060746666666666595
2 0.3325442834138486 1.451213333333333 -0.4007085346215781 -1.4384799999999998
2 0.16683977455716587 0.8832000000000001 -0.03606280193236717 -0.3031466666666667
2 0.30775764895330116 1.1662933333333334 -0.3340821256038648 -1.1509333333333331
2 0.2357246376811594 0.8986933333333332 -0.1753462157809984 -0.6245866666666666
2 0.2979710144927536 1.0809333333333333 -0.3133333333333333 -1.0546133333333334
0 0.23247987117552335 0.8344933333333333 -0.18945249597423508 -0.5738933333333334
0 0.22816022544283412 0.8207066666666666 -0.17652979066022545 -0.5313866666666666
1 0.1866062801932367 0.97532 -0.09166666666666666 -0.16935999999999998
8 0.25151368760064413 1.027 -0.23106280193236717 -0.9791733333333335
