2 0.29420692431561996 1.09004 -0.29142512077294686 -0.9924533333333333
7 0.22000402576489533 0.9760266666666666 -0.10229468599033816 -0.3802666666666667
7 0.26757246376811594 0.99564 -0.2252415458937198 -0.7300533333333332
2 0.17612721417069244 0.889 -0.04536231884057969 -0.4139466666666667
2 0.20595008051529792 0.9208666666666666 -0.11644122383252821 -0.5474933333333334
2 0.23366747181964576 0.9599866666666667 -0.16859098228663447 -0.7178399999999998
2 0.25053140096618354 0.9753866666666666 -0.20296296296296296 -0.7795733333333333
3 0.2519202898550725 0.98688 -0.2248067632850242 -0.8498133333333332
2 0.3571739130434783 1.5672266666666668 -0.4122222222222222 -1.4928533333333331
2 0.3525040257648953 1.3874799999999998 -0.3988727858293076 -1.3680266666666665
2 0.33750402576489535 1.2946533333333332 -0.37743961352657013 -1.2993333333333332
4 0.3013003220611916 1.2260933333333333 -0.400426731078905 -1.2668533333333334
2 0.14146135265700482 0.6554399999999999 0.020088566827697253 -0.08287999999999995
2 0.3015458937198067 1.0891066666666664 -0.3101288244766506 -1.0419466666666666
8 0.07684380032206119 0.6296933333333333 0.15368760064412237 0.7299466666666667
