1 0.3890032679738562 1.5320945945945947 -0.5415196078431372 -1.6913783783783782
0 0.41049428104575164 1.7359189189189188 -0.6056781045751635 -1.6819459459459463
0 0.42352124183006534 1.5222162162162163 -0.5979575163398694 -1.9017297297297298
0 0.3265277777777778 1.293810810810811 -0.39834967320261444 -1.1644324324324324
0 0.302124183006536 1.211418918918919 -0.35408496732026146 -1.035756756756757
0 0.3000857843137255 1.2213243243243244 -0.3624264705882353 -1.031837837837838
0 0.4235171568627451 1.5632567567567568 -0.5970343137254902 -1.920891891891892
0 0.5117647058823529 1.8316756756756758 -0.7774509803921569 -2.4242162162162164
0 0.5254820261437909 1.9005135135135138 -0.8177450980392158 -2.543027027027027
0 0.5154983660130719 1.8400405405405404 -0.779656862745098 -2.450297297297297
3 0.31339052287581703 1.088 -0.36562091503267974 -1.2039459459459458
8 0.2924142156862745 1.0035270270270271 -0.3110702614379085 -1.0068378378378382
