2 0.3477639000805802 1.3358510638297871 -0.3988638195004029 -1.3802659574468086
2 0.07948831587429492 0.689468085106383 0.15897663174858984 0.6157446808510638
2 0.32478646253021753 1.144840425531915 -0.3626591458501209 -1.215744680851064
2 0.15592264302981465 1.0135239361702129 -0.010362610797743766 -0.2980053191489362
2 0.09858984689766316 0.7228590425531916 0.10496373892022562 0.03555851063829788
2 0.24420628525382754 0.976968085106383 -0.1991780821917808 -0.714840425531915
2 0.19466559226430297 0.8256781914893618 -0.093972602739726 -0.4199734042553192
3 0.22322723609991943 0.8659707446808511 -0.16832393231265108 -0.585718085106383
2 0.2715108783239323 0.9923404255319149 -0.25022562449637387 -0.8602127659574469
3 0.2428807413376309 0.9133377659574466 -0.20746978243352132 -0.7265691489361702
2 0.28363013698630135 1.0056117021276596 -0.2760273972602739 -0.9296276595744679
2 0.30760676873489123 1.0929654255319148 -0.3283964544721998 -1.0888031914893617
8 0.1237228041901692 0.6352526595744681 0.2474456083803384 0.7188563829787235
8 0.2877115229653505 1.0672739361702128 -0.31595487510072523 -1.0668882978723404
