2 0.44628676470588236 1.7583108108108108 -0.6625571895424837 -2.483810810810811
2 0.28013071895424835 1.023445945945946 -0.27624183006535946 -0.941
1 0.3362908496732026 1.1957297297297298 -0.4012581699346406 -1.3311891891891894
1 0.31307598039215684 1.1166351351351351 -0.3534068627450981 -1.168891891891892
1 0.22498366013071897 0.830472972972973 -0.1598202614379085 -0.5036486486486487
0 0.2936111111111111 1.0331486486486487 -0.3116666666666667 -0.9902432432432434
0 0.2537214052287582 0.9031891891891892 -0.2222140522875817 -0.6830810810810811
8 0.3992483660130719 1.5205135135135133 -0.5491176470588236 -2.0491351351351352
8 0.5362295751633988 1.8539054054054054 -0.8491094771241829 -2.8468378378378376
8 0.21936683006535948 0.7785405405405406 -0.144812091503268 -0.4345945945945946
