2 0.0699074074074074 0.7362133333333333 0.1398148148148148 0.43226666666666663
2 0.4445450885668277 2.0600533333333333 -0.5789452495974234 -2.49856
2 0.42043075684380027 1.8701733333333335 -0.5607487922705314 -2.258
2 0.37132850241545895 1.5588266666666664 -0.47006441223832535 -1.8529066666666667
7 0.18311191626409018 0.8639466666666666 -0.04575684380032207 -0.33903999999999995
2 0.13842995169082126 0.8825066666666667 -0.04399355877616746 -0.43039999999999995
3 0.32096215780998394 1.23088 -0.3990418679549114 -1.3210133333333334
2 0.2133856682769726 0.9405733333333334 -0.1461272141706924 -0.7201866666666666
2 0.23218599033816426 0.9724666666666667 -0.19445249597423508 -0.8135200000000001
3 0.31621980676328504 1.15248 -0.38089371980676323 -1.2456533333333333
3 0.26670289855072465 1.0091999999999999 -0.2776892109500805 -1.0056533333333333
8 0.29708534621578103 1.0934 -0.3305475040257649 -1.1637600000000001
