2 0.38154589371980674 1.86856 -0.5094847020933977 -1.9867199999999998
2 0.08140499194847022 0.8298533333333333 0.16280998389694043 0.33496000000000004
2 0.2747061191626409 1.0253733333333332 -0.2596698872785829 -0.9034933333333331
2 0.37431159420289856 1.4845733333333333 -0.45406602254428347 -1.6086666666666667
2 0.36115539452495976 1.372853333333333 -0.43847826086956526 -1.50096
2 0.35645330112721413 1.31 -0.42767310789049917 -1.4491200000000002
2 0.3519243156199678 1.27288 -0.42017713365539455 -1.4179733333333333
2 0.30447262479871173 1.0656666666666665 -0.32553140096618355 -1.0944800000000001
8 0.32104267310789053 1.15292 -0.3722141706924315 -1.3034933333333334
8 0.34479066022544286 1.2170533333333333 -0.40607085346215777 -1.3393333333333333
8 0.29404991948470205 1.0545600000000002 -0.30626409017713363 -1.0254400000000001
