1 0.17993961352657006 0.9708666666666667 -0.058687600644122394 -0.054586666666666735
2 0.5066706924315619 2.1533333333333333 -0.7040177133655394 -2.312
2 0.4478945249597424 2.1333866666666665 -0.6502334943639292 -2.3518933333333334
2 0.12366344605475041 0.862 0.04584541062801932 -0.32197333333333333
2 0.1652818035426731 0.9027733333333332 -0.03558776167471819 -0.4688533333333333
2 0.2008695652173913 0.8942266666666667 -0.11317230273752013 -0.5568266666666667
2 0.3319484702093398 1.2783333333333333 -0.3766666666666667 -1.3055199999999998
2 0.2334661835748792 0.94496 -0.180426731078905 -0.7486933333333333
2 0.3216143317230274 1.1553466666666665 -0.36500000000000005 -1.2244000000000002
3 0.30995974235104673 1.0798666666666665 -0.3583252818035427 -1.1778666666666664
8 0.2650563607085346 1.0675333333333332 -0.2675201288244766 -1.0809333333333333
