2 0.36018115942028983 1.5642666666666667 -0.462890499194847 -1.887573333333333
2 0.4817713365539453 1.7988666666666668 -0.7269726247987117 -2.62568
2 0.47063607085346215 1.75264 -0.7016425120772948 -2.5351466666666664
2 0.4610104669887279 1.7195200000000002 -0.6802173913043479 -2.4618133333333336
2 0.25526570048309183 0.98064 -0.2159742351046699 -0.7475199999999999
2 0.2877898550724638 1.0526933333333333 -0.29052334943639296 -0.9868266666666665
2 0.37172705314009663 1.4197600000000001 -0.4873993558776168 -1.78352
2 0.41966988727858295 1.4971866666666667 -0.5961030595813204 -2.0321333333333333
3 0.45628019323671504 1.6336266666666666 -0.6787600644122384 -2.309013333333333
2 0.4348027375201288 1.5500266666666667 -0.6205716586151369 -2.1328
2 0.2652012882447665 0.9920133333333333 -0.23402576489533009 -0.813573333333333
2 0.33130837359098225 1.1783866666666665 -0.38214975845410626 -1.29528
2 0.3156280193236715 1.1072666666666666 -0.3431078904991949 -1.1501066666666666
8 0.34474235104669887 1.2408933333333332 -0.4248148148148148 -1.43112
