2 0.5217075163398693 1.9697297297297298 -0.7437418300653595 -2.6713513513513516
2 0.4970098039215687 1.8775540540540543 -0.6933986928104575 -2.4971081081081086
2 0.4634926470588236 1.7607567567567568 -0.6301879084967321 -2.255837837837838
2 0.3166584967320262 1.1345135135135136 -0.35112745098039216 -1.1715675675675676
1 0.40879901960784315 1.8028783783783786 -0.5662908496732028 -1.9227837837837838
1 0.5326756535947713 2.1077432432432435 -0.8195343137254901 -2.3953243243243243
1 0.14294934640522877 0.8166756756756756 -0.01898692810457517 0.008270270270270276
0 0.1356454248366013 0.5309594594594595 -0.027369281045751634 0.001864864864864859
0 0.12773692810457515 0.5516756756756758 -0.007598039215686284 0.09432432432432435
0 0.11252859477124184 0.5084594594594595 0.016086601307189554 0.1652972972972973
0 0.4777532679738562 2.0344324324324328 -0.7114052287581699 -2.0742702702702704
0 0.4813643790849674 1.9928783783783786 -0.724281045751634 -2.0761351351351354
0 0.525890522875817 2.1493108108108108 -0.8290849673202614 -2.3121891891891893
8 0.23857434640522876 1.017418918918919 -0.21526960784313726 -1.0015945945945948
8 0.18831290849673205 0.7529189189189189 -0.12308006535947713 -0.48643243243243245
8 0.30680555555555555 1.0561891891891892 -0.3413071895424837 -1.0997837837837838
