1 0.16815767973856208 0.6405675675675676 -0.06386437908496731 -0.18145945945945943
0 0.2678717320261438 1.0963513513513514 -0.2735539215686275 -0.698918918918919
0 0.24501225490196077 1.0462702702702704 -0.2455637254901961 -0.5678918918918919
0 0.2976266339869281 1.230364864864865 -0.3454330065359478 -0.9142432432432432
1 0.05638480392156863 0.6298783783783785 0.11276960784313726 0.7348378378378378
0 0.43349264705882357 1.5094054054054056 -0.6129820261437908 -1.9509729729729728
0 0.4414460784313725 1.5290135135135137 -0.627173202614379 -2.013108108108108
1 0.5251838235294118 1.8803918918918916 -0.8019689542483661 -2.6858108108108105
8 0.06573120915032679 0.5855405405405406 0.13146241830065358 0.8181081081081081
8 0.2213888888888889 0.777054054054054 -0.16630718954248366 -0.5140000000000001
8 0.11482026143790852 0.5312972972972972 0.052516339869281045 0.04318918918918917
