2 0.299170692431562 1.1310799999999999 -0.30819645732689216 -1.0494666666666665
2 0.15042270531400964 1.11008 0.009927536231884068 -0.22549333333333332
2 0.2213083735909823 1.05484 -0.1340499194847021 -0.5601866666666668
2 0.16562399355877616 0.8673333333333333 -0.025418679549114347 -0.29573333333333324
2 0.2194283413848631 0.9210533333333333 -0.1456199677938808 -0.63672
2 0.28278985507246374 1.0271866666666667 -0.277061191626409 -0.9472799999999997
2 0.25620772946859904 0.9709066666666667 -0.2299033816425121 -0.8686933333333333
2 0.45438808373590983 2.1533333333333333 -0.5391304347826086 -2.312
2 0.3735829307568438 1.76068 -0.4564412238325283 -1.68456
2 0.3297705314009662 1.2182933333333332 -0.3711191626409017 -1.2655466666666666
4 0.3063365539452496 1.2000666666666666 -0.3979710144927536 -1.2914933333333332
0 0.3563647342995169 1.2528400000000002 -0.4413607085346216 -1.386
2 0.12499194847020935 0.6173466666666666 0.045152979066022544 -0.03880000000000003
2 0.3035144927536232 1.0982533333333333 -0.3227777777777778 -1.0774666666666666
2 0.07606682769726247 0.3831466666666667 0.15213365539452495 0.5494399999999999
8 0.07658212560386474 0.7021333333333334 0.15316425120772947 0.5850666666666666
8 0.30125603864734296 1.07272 -0.3597101449275362 -1.2017066666666667
8 0.19943236714975845 0.7259866666666667 -0.11648148148148145 -0.44269333333333327
