0 0.45184640522875824 2.1513513513513516 -0.7451633986928106 -2.308108108108108
0 0.31486111111111115 1.2352162162162161 -0.3950980392156863 -1.1269729729729732
0 0.275531045751634 1.0708513513513516 -0.33733660130718957 -0.9521891891891893
0 0.29330065359477125 1.114527027027027 -0.353578431372549 -1.0379189189189189
0 0.32012254901960785 1.186864864864865 -0.39936274509803926 -1.1928108108108106
1 0.23776143790849671 0.9038783783783785 -0.2376797385620915 -0.769972972972973
8 0.26669934640522874 0.9631216216216215 -0.3048529411764706 -0.9585135135135135
8 0.15654003267973857 0.8761216216216218 -0.08036764705882353 -0.5984054054054054
8 0.03630718954248366 0.8534594594594594 0.07261437908496732 0.2822702702702703
8 0.34221813725490197 1.5032702702702705 -0.4840114379084968 -2.2593513513513517
