1 0.4450805152979066 1.7629733333333333 -0.6614814814814816 -2.0808266666666664
0 0.4744605475040257 1.74164 -0.6966666666666667 -2.1446666666666667
0 0.4876529790660225 1.7930933333333334 -0.7272383252818035 -2.2534933333333336
7 0.49272544283413844 1.77048 -0.674549114331723 -2.2228266666666667
1 0.3846819645732689 1.3568933333333333 -0.5007487922705315 -1.5917599999999998
8 0.26349436392914655 0.9157466666666666 -0.24877616747181966 -0.83256
8 0.39995169082125603 1.5600266666666667 -0.5289855072463768 -2.0245333333333333
8 0.5002294685990338 1.9134133333333332 -0.7711996779388084 -2.786506666666667
8 0.309585346215781 1.1986266666666667 -0.34720611916264094 -1.4155999999999997
8 0.29153381642512083 1.0073333333333332 -0.3029066022544284 -1.02544
