2 0.30877616747181963 1.19752 -0.32504025764895333 -1.1118933333333332
2 0.06724235104669887 0.54604 0.13448470209339775 0.2847199999999999
3 0.3507487922705314 1.5479733333333332 -0.47552334943639285 -1.6217066666666662
0 0.16766505636070855 0.9005333333333333 -0.10069243156199675 0.022719999999999952
3 0.13293075684380035 0.6886933333333333 -0.009983896940418685 -0.19232000000000002
2 0.19386876006441223 0.9604933333333333 -0.11699677938808374 -0.58792
2 0.21215780998389694 0.9716266666666666 -0.14053140096618358 -0.6866666666666666
2 0.23025764895330114 1.0053066666666666 -0.17022544283413849 -0.7811200000000001
2 0.25730676328502416 1.0145600000000001 -0.2338888888888889 -0.8901866666666666
2 0.2745209339774557 1.0252533333333331 -0.2678985507246377 -0.98832
2 0.35002415458937197 1.30772 -0.4106280193236715 -1.42136
2 0.3404991948470209 1.2525333333333333 -0.40471819645732693 -1.3717866666666665
0 0.337097423510467 1.1821866666666667 -0.3898470209339774 -1.2344
2 0.3080756843800322 1.1247866666666666 -0.3314492753623189 -1.1073333333333333
2 0.17448872785829306 0.7277199999999999 -0.07377616747181961 -0.36695999999999995
8 0.28380434782608693 1.1080666666666668 -0.3123107890499195 -1.2689866666666667
