2 0.2994238517324738 1.2081117021276595 -0.31973408541498793 -1.0758510638297871
2 0.07936341659951651 0.5209308510638297 0.15872683319903302 0.617127659574468
2 0.07480257856567284 0.8785904255319149 0.14960515713134567 0.23750000000000002
2 0.22197421434327158 0.9500398936170213 -0.1464302981466559 -0.5856648936170212
2 0.18524174053182915 0.8212499999999999 -0.07904109589041096 -0.3917553191489362
2 0.25361804995970993 0.9824468085106383 -0.2191458501208703 -0.7845744680851063
7 0.2462610797743755 1.013311170212766 -0.2807252215954875 -0.921994680851064
7 0.2796776792908945 1.017593085106383 -0.315245769540693 -1.0114627659574467
2 0.07483078162771957 0.5348271276595744 0.14966156325543914 0.3406648936170212
2 0.12504834810636584 0.6432047872340425 0.041909750201450435 -0.04406914893617019
3 0.2188638195004029 0.8365425531914894 -0.162610797743755 -0.5827659574468086
2 0.3435737308622079 1.1819547872340426 -0.39512489927477834 -1.3226329787234044
