2 0.3104549114331723 1.0928533333333332 -0.33385668276972624 -1.10896
2 0.18239130434782608 1.0835866666666667 -0.05352657004830917 -0.3654133333333334
2 0.41346215780998385 2.1533333333333333 -0.5400161030595814 -2.312
2 0.37579307568438003 1.8096266666666667 -0.4760628019323671 -1.6858133333333334
2 0.34488325281803545 1.36368 -0.39912238325281807 -1.3898666666666668
2 0.331316425120773 1.19892 -0.3746779388083736 -1.2564
2 0.33832930756843804 1.2835066666666666 -0.39108695652173914 -1.3262666666666667
2 0.20888486312399357 0.8473866666666666 -0.11314814814814815 -0.5198933333333333
2 0.16318840579710145 0.7122666666666667 -0.019983896940418674 -0.23658666666666658
2 0.32669082125603865 1.1468399999999999 -0.36592592592592593 -1.2237066666666665
0 0.41807568438003223 1.6257199999999998 -0.5914492753623187 -1.7117600000000002
8 0.2658333333333333 0.9881733333333333 -0.24512882447665055 -0.8705333333333332
8 0.12442834138486311 0.5810666666666666 0.061642512077294674 0.043733333333333346
