2 0.06058373590982287 0.8486533333333334 0.12116747181964574 0.29735999999999996
2 0.19836151368760063 1.0468 -0.12234299516908212 -0.5618666666666666
2 0.40881642512077293 2.1533333333333333 -0.5402415458937199 -2.312
2 0.38523752012882445 1.6461599999999998 -0.4785426731078905 -1.6951466666666666
2 0.31087761674718195 1.2297866666666666 -0.3410466988727858 -1.2406933333333332
3 0.46334541062801926 1.7611199999999998 -0.7014251207729468 -2.4582399999999995
3 0.4345652173913044 1.6351599999999997 -0.6325603864734299 -2.208293333333333
2 0.33836151368760065 1.2290533333333333 -0.40453301127214175 -1.3895733333333333
4 0.3756038647342995 1.36212 -0.5318357487922705 -1.7777333333333332
8 0.1822423510466989 0.6940799999999999 -0.07690016103059583 -0.3168
8 0.3522946859903382 1.2891866666666667 -0.4576328502415459 -1.5588000000000002
8 0.2694806763285024 1.0735733333333333 -0.2711674718196457 -1.1309866666666666
8 0.4114090177133655 1.4686 -0.5789855072463769 -2.02456
