2 0.31049114331723027 1.20028 -0.33412238325281807 -1.11608
2 0.38768115942028986 1.6521333333333332 -0.4946537842190015 -1.8237333333333332
2 0.3556521739130435 1.4316 -0.4264895330112722 -1.6046933333333333
2 0.17917069243156197 0.8828266666666666 -0.0652173913043478 -0.3883733333333333
2 0.07923913043478262 0.57536 0.15847826086956524 0.4187199999999999
2 0.1179951690821256 0.7001733333333333 0.0508695652173913 -0.020666666666666667
2 0.262145732689211 0.99212 -0.2345169082125604 -0.8516533333333333
2 0.3026489533011272 1.0711866666666667 -0.3286795491143317 -1.10744
2 0.1995893719806763 0.8381333333333333 -0.10900161030595813 -0.48496
2 0.25136070853462156 0.9484666666666667 -0.21098228663446053 -0.7890933333333332
2 0.3350040257648953 1.16652 -0.3897826086956522 -1.31096
2 0.1497061191626409 0.6968799999999999 -0.004452495974235106 -0.19285333333333338
