0 0.37494345718901456 1.6250802139037432 -0.4851696284329564 -1.2555080213903742
0 0.40034329563812604 1.7480213903743314 -0.5542891760904686 -1.5013903743315506
0 0.14887318255250406 0.8822994652406417 -0.027197092084006454 0.23005347593582892
0 0.38096122778675284 1.4513502673796792 -0.48500807754442654 -1.5224866310160425
0 0.5254523424878838 1.9765775401069519 -0.8088368336025848 -2.66144385026738
0 0.43403877221324716 1.5630213903743315 -0.6012924071082392 -1.865775401069519
0 0.491437802907916 1.937339572192513 -0.7204038772213247 -2.1150534759358286
2 0.28138933764135704 1.0737032085561498 -0.2889337641357028 -0.9721122994652407
3 0.312891760904685 1.1139839572192514 -0.3467366720516963 -1.1413368983957217
8 0.3635339256865913 1.3049866310160427 -0.4341114701130856 -1.4421657754010695
8 0.26743941841680136 0.9860427807486631 -0.24920840064620356 -0.7594117647058822
8 0.2145718901453958 0.9118983957219251 -0.1507754442649435 -0.397379679144385
