2 0.29841787439613526 1.3983599999999998 -0.2985909822866344 -1.0125600000000001
2 0.0724718196457327 1.00316 0.1449436392914654 -0.011653333333333345
4 0.3056239935587762 2.1533333333333333 -0.6112479871175523 -2.312
3 0.1771014492753623 1.0507733333333331 -0.13495974235104669 -0.5835199999999999
2 0.24663043478260868 1.0161733333333334 -0.20438808373590983 -0.7605066666666664
3 0.2588969404186795 1.00816 -0.2483574879227053 -0.8458133333333332
2 0.3498188405797102 1.2856933333333334 -0.41247181964573265 -1.4162933333333334
3 0.3355998389694042 1.2311066666666666 -0.40577294685990334 -1.3721866666666667
8 0.3098470209339774 1.12964 -0.3487761674718196 -1.2776266666666665
8 0.3343276972624799 1.1658666666666668 -0.42585346215781006 -1.46736
