7 0.07886070853462158 0.4491866666666666 0.13166666666666665 0.32968
2 0.09574074074074075 0.5770666666666666 0.11057971014492754 0.1173866666666667
3 0.15074879227053142 0.6551999999999999 -0.021127214170692417 -0.18527999999999997
7 0.1836755233494364 0.68616 -0.07495169082125604 -0.2717866666666666
2 0.22485104669887276 0.8313999999999999 -0.15772141706924314 -0.5660533333333334
2 0.20874798711755232 0.7914666666666667 -0.12008856682769724 -0.47269333333333335
2 0.24873590982286634 0.8926133333333334 -0.20553945249597425 -0.7146133333333333
8 0.26323268921095005 0.9347199999999999 -0.24095813204508856 -0.836
8 0.2960466988727859 1.0701333333333334 -0.3065861513687601 -1.1448
8 0.34344202898550724 1.1926 -0.40450080515297904 -1.3034933333333334
8 0.3530756843800322 1.33836 -0.42169082125603863 -1.6260533333333331
8 0.3334661835748792 1.1503866666666667 -0.38677133655394524 -1.26712
