2 0.306256038647343 1.214 -0.3321739130434782 -1.1114666666666666
2 0.523389694041868 2.1533333333333333 -0.803719806763285 -2.312
3 0.3651328502415459 1.7171066666666666 -0.5063848631239936 -1.90952
2 0.35194444444444445 1.43732 -0.43128019323671507 -1.63192
2 0.3375925925925926 1.2634266666666667 -0.40170692431561994 -1.4489866666666666
2 0.3333454106280193 1.2051466666666666 -0.3893317230273752 -1.3634666666666668
2 0.09391304347826086 0.6689866666666666 0.09642512077294688 0.029653333333333344
3 0.08282206119162641 0.8765066666666667 0.00256843800322061 -0.2411199999999999
2 0.16479066022544284 0.76044 -0.04040257648953299 -0.2750666666666667
2 0.20477858293075682 0.8191066666666666 -0.11359903381642512 -0.4740533333333333
2 0.24499999999999997 0.9014533333333332 -0.20405797101449274 -0.7298399999999999
2 0.25325684380032204 0.9162933333333333 -0.22891304347826086 -0.7766933333333332
2 0.26611916264090174 0.9482933333333333 -0.2526086956521739 -0.8722666666666665
2 0.282524154589372 0.9955466666666667 -0.2840982286634461 -0.9860266666666667
2 0.5085305958132045 1.9365866666666667 -0.7274637681159419 -2.7119466666666665
2 0.1343196457326892 0.6153466666666666 0.021859903381642516 -0.035759999999999986
8 0.23276570048309175 0.8286266666666666 -0.18939613526570048 -0.6376266666666667
