2 0.3113405797101449 1.18128 -0.3371417069243156 -1.1478400000000002
2 0.07173107890499195 0.8280133333333333 0.1434621578099839 0.33864
2 0.20874798711755232 1.0182266666666666 -0.1269645732689211 -0.6782133333333333
2 0.24200080515297906 0.9971066666666667 -0.20205314009661837 -0.80088
2 0.2500925925925926 1.0123466666666667 -0.22144122383252815 -0.8784533333333335
2 0.26396537842190015 1.0196266666666667 -0.24918679549114334 -0.9521599999999998
3 0.27335346215781 1.0434933333333334 -0.29115136876006437 -1.0517333333333332
2 0.44386070853462156 2.1533333333333333 -0.6584299516908212 -2.312
0 0.43031803542673114 1.8133599999999999 -0.5650483091787439 -1.6320533333333331
2 0.39770933977455714 1.7416933333333333 -0.49206924315619965 -1.8698933333333334
2 0.3736070853462158 1.4833733333333332 -0.4487117552334943 -1.6064800000000001
2 0.35512479871175523 1.37788 -0.4394444444444445 -1.52152
0 0.347487922705314 1.2186133333333333 -0.4169404186795491 -1.3307733333333331
2 0.37902979066022546 1.4403733333333333 -0.4824235104669888 -1.7613333333333332
2 0.09848228663446054 0.74328 0.08844605475040258 -0.07344000000000005
2 0.16550322061191627 0.7999200000000001 -0.050088566827697266 -0.3467733333333334
2 0.3130756843800322 1.1286133333333332 -0.34850241545893723 -1.16272
2 0.07365539452495974 0.5561466666666667 0.14731078904991948 0.4800799999999999
2 0.196268115942029 0.8250266666666666 -0.11337359098228664 -0.4634933333333334
3 0.4134782608695652 1.647 -0.5766666666666667 -2.1595999999999997
2 0.06996779388083736 0.52056 0.13993558776167472 0.2288533333333333
8 0.24500000000000002 0.90452 -0.24304347826086958 -0.87224
