1 0.4132352941176471 1.6062432432432432 -0.5922222222222222 -1.91172972972973
0 0.44531862745098044 1.5841081081081083 -0.6530555555555556 -2.046432432432433
0 0.2568831699346405 1.1852432432432431 -0.2711029411764706 -0.5943783783783785
0 0.20995098039215687 1.037445945945946 -0.18929738562091503 -0.388027027027027
0 0.2318137254901961 1.118918918918919 -0.2475816993464052 -0.49216216216216224
0 0.39229575163398694 1.4602162162162162 -0.5391339869281045 -1.6737837837837837
0 0.4951062091503268 1.8142297297297298 -0.761388888888889 -2.3555405405405407
0 0.5013235294117647 1.8798783783783786 -0.7866176470588235 -2.4464054054054056
0 0.5052736928104574 1.8330000000000002 -0.7693382352941176 -2.378756756756757
3 0.30837418300653596 1.0731486486486488 -0.3613725490196079 -1.1889999999999998
8 0.2943014705882353 1.0234324324324324 -0.330890522875817 -1.092918918918919
