0 0.457024959742351 1.8072133333333331 -0.6998792270531401 -2.0686666666666667
1 0.07455314009661836 0.6412933333333334 0.1491062801932367 0.7120799999999999
1 0.19611513687600643 0.9397199999999999 -0.1218276972624799 -0.24125333333333324
2 0.3721215780998389 1.7829733333333333 -0.47282608695652173 -1.767653333333333
2 0.34374798711755233 1.45844 -0.4313285024154589 -1.4846666666666666
2 0.33416264090177134 1.33116 -0.41331723027375206 -1.39528
2 0.33622383252818033 1.2607066666666666 -0.39829307568438 -1.3351733333333335
0 0.322073268921095 1.1306533333333333 -0.3850805152979066 -1.2132533333333333
0 0.32547504025764895 1.13848 -0.3878582930756844 -1.22224
2 0.2806199677938808 1.0032400000000001 -0.2930595813204509 -0.9700533333333332
0 0.30691626409017714 1.0594133333333333 -0.3458937198067633 -1.1060266666666667
2 0.2498510466988728 0.9605199999999999 -0.21495169082125606 -0.7552800000000001
2 0.08326892109500805 0.7487599999999999 0.1665378421900161 0.4971466666666667
2 0.11883252818035427 0.9117866666666665 0.07006441223832528 -0.07023999999999993
2 0.18840579710144928 0.9325866666666667 -0.08154589371980674 -0.42138666666666674
2 0.22196054750402577 0.9438666666666666 -0.16155394524959743 -0.6147199999999999
