1 0.14406454248366013 0.5586216216216217 -0.017965686274509812 -0.021837837837837795
0 0.2459926470588235 1.0350540540540543 -0.22875 -0.5591891891891894
0 0.21953839869281044 0.9713108108108108 -0.19791666666666666 -0.41505405405405404
0 0.28221813725490197 1.1859054054054055 -0.31214869281045754 -0.7748918918918919
1 0.5624346405228758 2.0017297297297296 -0.8624836601307191 -2.6073513513513515
0 0.41637254901960785 1.4539324324324323 -0.5708986928104575 -1.8166216216216216
0 0.4247916666666666 1.4710135135135136 -0.5867565359477124 -1.8761891891891895
1 0.5112091503267974 1.8280810810810812 -0.7643790849673203 -2.556216216216216
8 0.20081290849673206 0.715891891891892 -0.1272467320261438 -0.37443243243243235
8 0.07477124183006535 0.4548513513513514 0.12900326797385622 0.2096486486486487
