0 0.23464170692431563 0.8502533333333334 -0.210024154589372 -0.6314933333333334
2 0.21520531400966186 0.8511866666666666 -0.18266505636070857 -0.6423733333333332
2 0.2355636070853462 0.9018266666666667 -0.20818035426731082 -0.7557066666666666
2 0.2560587761674718 0.9769333333333333 -0.24936392914653788 -0.9307733333333332
3 0.31446054750402574 1.17716 -0.3813204508856683 -1.3429066666666667
2 0.33138888888888884 1.1959466666666667 -0.40231078904991946 -1.4007466666666666
2 0.3468961352657005 1.2536933333333333 -0.43743156199677935 -1.5218933333333333
2 0.36084943639291467 1.3011866666666667 -0.45620772946859905 -1.6156
2 0.3755877616747182 1.32932 -0.4857004830917874 -1.6714399999999998
2 0.384585346215781 1.3648 -0.5020048309178744 -1.7427733333333335
2 0.3924677938808374 1.40312 -0.5215700483091787 -1.8277866666666664
3 0.4056280193236715 1.4613333333333334 -0.5636070853462157 -1.954933333333333
2 0.41880434782608694 1.4839466666666667 -0.5785748792270532 -2.00992
2 0.4295652173913043 1.5084133333333332 -0.5970853462157809 -2.0576266666666667
8 0.4450040257648953 1.6333333333333333 -0.6420048309178744 -2.3298666666666663
8 0.5397906602254428 1.8771733333333334 -0.8419967793880837 -2.858933333333333
8 0.1731280193236715 0.7268533333333332 -0.09929951690821255 -0.5479466666666666
8 0.2830233494363929 1.03648 -0.31491948470209347 -1.1568533333333335
