2 0.07861519607843137 0.541418918918919 0.15723039215686274 0.6382972972972973
1 0.2489297385620915 0.8999054054054055 -0.22807189542483658 -0.7005675675675676
0 0.3444852941176471 1.3429054054054055 -0.43839869281045757 -1.246081081081081
0 0.31992647058823526 1.289391891891892 -0.4049346405228758 -1.1170000000000002
0 0.3579616013071895 1.3871351351351353 -0.4747140522875817 -1.381135135135135
1 0.16241013071895427 0.7361351351351352 -0.06580065359477123 -0.10102702702702702
1 0.04897058823529412 0.7704054054054055 0.09794117647058824 0.4537837837837838
0 0.5038643790849674 1.7482027027027025 -0.7834313725490197 -2.509486486486486
0 0.512610294117647 1.7761621621621624 -0.7952205882352941 -2.5773513513513513
8 0.23544934640522877 0.8261486486486487 -0.19964052287581702 -0.6294324324324325
8 0.06417075163398693 0.7156216216216216 0.12834150326797386 0.5579459459459459
8 0.20508986928104578 0.7979864864864865 -0.12633986928104576 -0.5012702702702703
8 0.1916544117647059 0.7215810810810812 -0.07763888888888891 -0.2485135135135135
