2 0.467133655394525 2.1533333333333333 -0.6580515297906603 -2.312
2 0.2356481481481481 1.1855733333333334 -0.1830354267310789 -0.8033600000000001
2 0.40740338164251205 2.0505733333333334 -0.5098631239935588 -2.10648
2 0.3899194847020934 1.6912933333333333 -0.49866344605475044 -1.7776799999999997
2 0.5152536231884058 1.9475866666666666 -0.8007648953301127 -2.723493333333333
3 0.4701449275362318 1.9256933333333333 -0.7236714975845411 -2.65832
3 0.43123590982286636 1.7486933333333332 -0.6264170692431562 -2.2939199999999995
2 0.29295893719806765 1.11876 -0.3060466988727858 -1.0704799999999999
2 0.41729468599033814 1.5463466666666665 -0.5710466988727858 -2.014293333333333
2 0.3674315619967794 1.3296533333333334 -0.45956521739130435 -1.5425600000000002
2 0.3130072463768116 1.1395333333333333 -0.3492673107890499 -1.1895733333333334
4 0.3402818035426731 1.2469066666666666 -0.44795491143317223 -1.4846933333333332
8 0.07267713365539452 0.83316 0.14535426731078904 -0.47768
8 0.31531400966183576 1.1718933333333332 -0.3742995169082125 -1.2551999999999999
8 0.3825040257648954 1.3935600000000001 -0.5138808373590983 -1.85032
