2 0.17760064412238324 1.12076 -0.11119162640901771 -0.45789333333333326
2 0.3789573268921095 1.59148 -0.43899355877616747 -1.6180533333333331
2 0.42315217391304355 2.1533333333333333 -0.5189613526570049 -2.312
2 0.2868800322061192 1.0569466666666667 -0.28474235104669887 -0.95464
2 0.2446497584541063 1.0644933333333333 -0.19873590982286632 -0.7208266666666668
2 0.3688204508856683 1.4327333333333336 -0.43314814814814806 -1.4996
2 0.35636876006441226 1.3278266666666667 -0.4123188405797101 -1.4134666666666669
2 0.34826892109500807 1.2752933333333334 -0.40103059581320455 -1.3645066666666668
2 0.34463365539452495 1.2382133333333332 -0.39266505636070853 -1.33024
8 0.30255233494363926 1.16672 -0.32481481481481483 -1.2310400000000001
8 0.38380434782608697 1.3357733333333333 -0.48419484702093396 -1.6588533333333335
