2 0.35512087026591455 1.4121941489361702 -0.4126430298146656 -1.452473404255319
2 0.17377115229653503 1.0065026595744682 -0.05921031426269137 -0.37981382978723405
2 0.32902900886381947 1.1772340425531915 -0.37399677679290894 -1.260159574468085
2 0.07439161966156324 0.6894148936170214 0.14878323932312648 0.20005319148936163
2 0.2360153102336825 0.9985372340425531 -0.18081385979049153 -0.686436170212766
2 0.18719580983078163 0.8221941489361702 -0.07724415793714746 -0.3824202127659575
2 0.2249476228847703 0.8725664893617022 -0.15379532634971796 -0.5736436170212765
3 0.24044721998388394 0.895438829787234 -0.20324738114423851 -0.6891755319148936
2 0.27925463336019335 0.9996941489361701 -0.26790491539081385 -0.9098138297872338
3 0.254129734085415 0.93 -0.23116035455278 -0.7926063829787233
2 0.2852296535052377 1.002433510638298 -0.28319097502014506 -0.9505585106382978
2 0.3079049153908139 1.085159574468085 -0.33121676067687345 -1.0975531914893617
2 0.3209508460918614 1.097287234042553 -0.3564222401289283 -1.1758510638297872
8 0.2963053988718775 1.0655585106382979 -0.33314262691377916 -1.0806382978723403
