2 0.3584339774557166 1.7954533333333336 -0.46649758454106277 -1.74952
2 0.0759500805152979 0.7476666666666666 0.1519001610305958 0.4993333333333333
2 0.0762962962962963 0.80628 0.1525925925925926 0.16365333333333335
2 0.08658212560386473 0.8133066666666666 0.11454911433172302 -0.10042666666666658
2 0.13864331723027373 0.9158666666666666 -0.023389694041867963 -0.46853333333333336
2 0.13158615136876006 0.8628933333333334 0.01536231884057972 -0.2792266666666666
2 0.3540861513687601 1.4515466666666668 -0.4191867954911433 -1.5026666666666666
2 0.16739935587761676 0.88772 -0.07442834138486312 -0.4793866666666666
2 0.19578099838969404 0.92496 -0.10913043478260871 -0.5899733333333333
2 0.19619162640901772 0.9343866666666666 -0.11703703703703705 -0.64504
2 0.2298671497584541 0.9566133333333333 -0.1839210950080515 -0.7899199999999998
2 0.24068438003220613 0.9661333333333333 -0.21695652173913046 -0.8398399999999998
2 0.3318558776167472 1.2066266666666665 -0.3822463768115942 -1.2923466666666665
2 0.34352657004830917 1.3304933333333333 -0.404573268921095 -1.3910666666666665
2 0.3251851851851852 1.16132 -0.37708534621578094 -1.2589066666666666
8 0.27599436392914656 1.1089333333333333 -0.2935668276972625 -1.1706666666666665
