2 0.35418276972624796 1.3097066666666666 -0.4241787439613526 -1.4447466666666666
2 0.3731038647342995 1.3299066666666668 -0.47084541062801927 -1.6500533333333331
0 0.2859943639291465 1.0017733333333332 -0.2982206119162641 -0.9372533333333333
1 0.38082930756843797 1.3631866666666665 -0.491658615136876 -1.6535733333333333
2 0.4221457326892109 1.5062933333333333 -0.5788486312399356 -2.019146666666667
3 0.5043397745571658 1.80316 -0.7593719806763286 -2.64008
8 0.1395330112721417 0.6268 0.015813204508856694 -0.12357333333333341
8 0.22338969404186798 0.8217199999999999 -0.15814814814814815 -0.5652
8 0.2968276972624799 1.17276 -0.3341867954911434 -1.33624
8 0.5369162640901771 1.8730666666666664 -0.8237520128824478 -2.7644800000000003
