3 0.3340780998389694 2.1533333333333333 -0.6681561996779388 -2.312
2 0.07137681159420291 0.77532 0.14275362318840581 0.34882666666666656
2 0.11749194847020934 0.9069333333333334 0.05454911433172304 -0.33376000000000006
2 0.14206924315619968 0.8213333333333334 0.0025764895330112857 -0.29338666666666663
2 0.20845813204508853 0.9728933333333334 -0.12343800322061192 -0.6897333333333334
3 0.18730273752012883 0.9876933333333333 -0.15006441223832528 -0.7552800000000001
2 0.344621578099839 1.3220399999999999 -0.39 -1.34776
2 0.37220209339774557 1.4242666666666666 -0.4507004830917874 -1.6490666666666665
7 0.3864935587761675 1.48784 -0.45909017713365546 -1.4466666666666665
8 0.2710426731078905 1.1494533333333332 -0.2753381642512078 -1.1827466666666666
