2 0.46839774557165864 2.1533333333333333 -0.6386795491143318 -2.312
2 0.3539090177133655 1.55184 -0.4098309178743961 -1.5202133333333334
1 0.21900161030595813 0.9300799999999999 -0.15178743961352656 -0.3729066666666666
2 0.18388083735909821 0.9032000000000001 -0.04571658615136874 -0.28410666666666673
2 0.3221014492753623 1.3010133333333334 -0.3627214170692431 -1.2696533333333335
2 0.30408615136876005 1.1298266666666665 -0.3087842190016103 -1.0605066666666665
2 0.2413365539452496 0.8949733333333333 -0.1769404186795491 -0.6106933333333333
2 0.29482286634460547 1.0605333333333333 -0.2915619967793881 -0.9833600000000001
0 0.23584943639291467 0.8354933333333333 -0.18295491143317233 -0.55568
0 0.23373188405797102 0.8292933333333333 -0.17324476650563606 -0.5246666666666666
1 0.241622383252818 0.9688266666666666 -0.19081320450885667 -0.5256000000000001
8 0.25750402576489534 0.9804133333333332 -0.22742351046698875 -0.8860533333333332
