2 0.43500402576489533 2.1533333333333333 -0.6944847020933977 -2.312
2 0.19642512077294685 0.9399333333333334 -0.10095008051529789 -0.4490400000000001
2 0.18921900161030594 1.1080933333333332 -0.09843800322061191 -0.5393866666666666
2 0.3970772946859903 1.6182133333333333 -0.5659903381642513 -2.1562666666666668
2 0.46044685990338163 1.6903333333333332 -0.6889291465378422 -2.3913333333333333
3 0.5076650563607085 1.8830266666666666 -0.8023349436392915 -2.799653333333333
2 0.4784621578099839 1.7596399999999999 -0.7197262479871176 -2.5331466666666667
2 0.252902576489533 0.9733999999999999 -0.21131239935587762 -0.7536266666666667
2 0.2311070853462158 0.9657333333333334 -0.16818840579710145 -0.6430400000000001
2 0.3380998389694042 1.23296 -0.39925925925925926 -1.36176
2 0.3154951690821256 1.12648 -0.3450644122383253 -1.1628266666666667
2 0.29984299516908214 1.06492 -0.3253542673107891 -1.1381066666666666
8 0.2780756843800322 1.0097333333333331 -0.2800161030595813 -0.9170666666666667
