2 0.10939613526570048 1.0786799999999999 0.08780998389694042 -0.1626933333333333
2 0.23708132045088565 1.05552 -0.16968599033816423 -0.6281599999999999
3 0.25117552334943644 1.0487733333333331 -0.25244766505636074 -0.83456
2 0.08147745571658614 0.84496 0.16295491143317228 0.27493333333333336
2 0.35247181964573265 1.6770266666666667 -0.43294685990338166 -1.8901599999999998
2 0.34543075684380037 1.4904 -0.4028421900161031 -1.6724800000000002
2 0.32522946859903384 1.3013599999999999 -0.37308373590982286 -1.421066666666667
3 0.2790539452495975 1.0483066666666667 -0.2852093397745572 -0.9576266666666665
7 0.5443800322061192 2.1533333333333333 -0.7624154589371981 -2.312
7 0.47951690821256043 2.0386 -0.6459742351046699 -2.3016266666666665
7 0.44871578099838977 1.9194533333333332 -0.602133655394525 -2.1720266666666666
2 0.3240619967793881 1.1509733333333334 -0.3593639291465378 -1.1997600000000002
8 0.314597423510467 1.11428 -0.35909822866344604 -1.1504266666666665
