2 0.3495933977455717 1.2070133333333333 -0.42028180354267314 -1.4009599999999998
3 0.36067632850241543 1.2506 -0.45566827697262474 -1.5119733333333334
2 0.31654991948470207 1.16424 -0.34878421900161033 -1.2230933333333331
3 0.06134057971014493 0.5448533333333333 0.12268115942028986 0.3774399999999999
4 0.19921900161030595 1.0039066666666667 -0.20091787439613526 -0.8308533333333333
2 0.24820450885668274 1.1645733333333335 -0.20599033816425122 -0.9012533333333334
6 0.29584943639291467 1.1009733333333334 -0.33545088566827697 -1.1985866666666667
8 0.16791867954911432 0.7622000000000001 -0.054500805152979066 -0.3771466666666667
8 0.33745169082125603 1.1718933333333335 -0.4008615136876006 -1.3552533333333334
8 0.3754710144927536 1.8892533333333335 -0.5039855072463768 -2.8348266666666664
