2 0.06780193236714975 0.7282400000000001 0.1356038647342995 0.5381866666666666
3 0.5021135265700483 2.0461733333333334 -0.954194847020934 -2.52632
2 0.3723027375201288 1.6634133333333332 -0.4597906602254428 -1.7574933333333331
2 0.1820169082125604 1.0314533333333331 -0.08506441223832527 -0.41618666666666665
2 0.3408091787439613 1.41604 -0.42429146537842194 -1.5158666666666667
2 0.23110708534621577 1.0052933333333334 -0.1820048309178744 -0.6307466666666666
2 0.24951288244766504 0.9898533333333333 -0.2051449275362319 -0.7477066666666666
2 0.2706803542673108 0.9880666666666665 -0.2650161030595813 -0.8864799999999999
8 0.06851046698872786 0.6848933333333332 0.1370209339774557 0.6195466666666667
8 0.28146135265700484 1.10808 -0.2972061191626409 -1.15168
