2 0.3018614020950846 1.0788696808510638 -0.3153585817888799 -1.0484840425531916
2 0.07847703464947622 0.6610771276595745 0.15695406929895245 0.23986702127659582
2 0.14531023368251408 0.9411170212765958 0.022352941176470572 -0.2419148936170212
2 0.18931506849315066 0.8294680851063829 -0.08299758259468171 -0.38484042553191494
2 0.21589041095890413 0.8657446808510637 -0.13668009669621273 -0.5331914893617021
3 0.22622884770346494 0.991063829787234 -0.22261079774375503 -0.7367021276595744
2 0.2722965350523771 0.9929255319148935 -0.24833199033037867 -0.8455851063829786
2 0.2785374697824335 0.9898670212765958 -0.2609266720386785 -0.8809042553191487
2 0.14033037872683318 0.6994281914893618 0.011909750201450443 -0.1277925531914893
8 0.2856285253827558 1.0174202127659575 -0.2919983883964545 -0.9775000000000001
