3 0.0732487922705314 0.5002666666666666 0.1464975845410628 0.44186666666666663
2 0.39746376811594203 1.5314933333333332 -0.5178260869565218 -1.7992533333333334
2 0.4324597423510467 1.6658533333333334 -0.5840016103059581 -2.0966666666666667
3 0.09372785829307569 0.5798 0.10190016103059582 0.07682666666666667
2 0.07578502415458938 0.5144933333333334 0.15157004830917875 0.27768
3 0.11902979066022543 0.6499466666666667 0.026594202898550724 -0.13045333333333328
3 0.1405877616747182 0.68904 -0.012367149758454094 -0.23114666666666667
7 0.27320450885668274 1.0295733333333332 -0.2872141706924315 -1.0222933333333333
8 0.19083333333333333 0.9416 -0.10867149758454106 -0.7670399999999999
8 0.3106280193236715 1.2641866666666666 -0.3628341384863124 -1.5536
8 0.5244243156199677 1.8385866666666664 -0.8039694041867955 -2.7714133333333333
