2 0.06107890499194847 0.6869733333333333 0.12215780998389694 0.62072
2 0.09679951690821255 0.8755866666666667 0.0705877616747182 -0.25463999999999987
2 0.1356843800322061 0.8967733333333332 0.01760064412238324 -0.4104000000000001
2 0.07254830917874397 0.7728533333333333 0.14509661835748794 0.16735999999999998
2 0.24152576489533012 0.9984133333333333 -0.20260064412238327 -0.8794933333333331
2 0.5018317230273752 1.9779333333333333 -0.7450322061191627 -2.6628
2 0.342512077294686 1.3612533333333332 -0.4077133655394525 -1.5677333333333332
2 0.3351127214170692 1.3256133333333333 -0.4027053140096618 -1.520773333333333
8 0.3114049919484702 1.0880133333333333 -0.35192431561996773 -1.1231200000000001
8 0.2727455716586151 1.008 -0.2616747181964573 -0.9569066666666665
