2 0.3002215954875101 1.106622340425532 -0.31165995165189364 -1.0393617021276595
2 0.12441579371474618 1.090438829787234 0.041595487510072526 -0.18619680851063827
2 0.10427074939564868 0.7380851063829786 0.0956647864625302 0.018723404255319202
2 0.07566881547139404 0.46220744680851067 0.15133763094278807 0.4956382978723404
2 0.20832796132151488 0.8584973404255319 -0.12877518130539886 -0.5040691489361702
2 0.2501410153102337 0.999813829787234 -0.20371474617244156 -0.7347872340425534
2 0.23421031426269134 0.8950265957446808 -0.1739484286865431 -0.6355851063829787
2 0.27643432715551974 1.0133510638297871 -0.25683319903303786 -0.8824999999999998
3 0.28195004029008863 1.0063962765957446 -0.29761482675261886 -0.9680053191489362
2 0.12185334407735697 0.6545079787234043 0.05492344883158744 -0.016622340425531915
