2 0.3655716586151369 1.6707733333333332 -0.4539935587761675 -1.6291733333333334
2 0.07380837359098229 0.8334666666666665 0.14761674718196457 0.12650666666666666
2 0.0902012882447665 0.8635866666666667 0.10360708534621578 -0.16706666666666675
2 0.11651771336553945 0.8397466666666665 0.026207729468599044 -0.21357333333333325
2 0.15546698872785827 0.8504533333333334 -0.015475040257648953 -0.35098666666666667
2 0.1962600644122383 0.9356 -0.09925120772946859 -0.5859199999999999
2 0.21162640901771335 0.9625466666666668 -0.13334943639291463 -0.66584
2 0.21766505636070851 0.9396133333333333 -0.1549919484702093 -0.6629066666666665
2 0.21770531400966184 0.9650799999999999 -0.15695652173913047 -0.7457866666666667
2 0.23877616747181965 0.9668533333333332 -0.19144927536231884 -0.7862933333333333
2 0.2451932367149758 0.9754666666666665 -0.22302737520128824 -0.8579733333333331
1 0.3011030595813205 1.03328 -0.3219001610305958 -1.0342399999999998
2 0.34230676328502413 1.2745199999999999 -0.39036231884057965 -1.3241866666666668
2 0.3567471819645733 1.3851066666666665 -0.43766505636070857 -1.6190666666666667
2 0.32507648953301127 1.13408 -0.3643075684380032 -1.2217066666666665
8 0.2780756843800322 1.1028933333333335 -0.2935587761674718 -1.1654666666666667
