2 0.4398953301127214 1.977173333333333 -0.6078904991948471 -2.328853333333333
2 0.5023872785829306 2.0461866666666664 -0.715096618357488 -2.5262933333333333
3 0.41449275362318844 1.6940933333333332 -0.587584541062802 -2.05112
3 0.06299114331723027 0.42046666666666666 0.12598228663446054 0.4072266666666667
3 0.06435587761674719 0.5026533333333333 0.12871175523349437 0.19634666666666664
3 0.10143719806763284 0.5530533333333334 0.07527375201288244 0.06733333333333333
7 0.2479428341384863 0.9692000000000001 -0.24157004830917872 -0.88464
8 0.14552334943639292 0.8657066666666666 -0.024299516908212564 -0.6186666666666667
8 0.3348671497584541 1.4032 -0.41831723027375195 -1.8153599999999999
8 0.24080917874396132 0.8804533333333333 -0.20155394524959744 -0.7017599999999999
