2 0.40121578099838967 1.57008 -0.5199838969404187 -1.83024
2 0.36412640901771337 1.40032 -0.448816425120773 -1.5164266666666668
2 0.16661030595813206 0.68708 -0.02521739130434782 -0.14973333333333336
2 0.23422302737520126 0.95396 -0.1842109500805153 -0.7540533333333332
2 0.07729468599033816 0.35806666666666664 0.15458937198067632 0.48712000000000005
2 0.14295893719806763 0.5416133333333334 0.011264090177133663 0.026373333333333374
3 0.25293880837359095 1.4332133333333335 -0.24938808373590982 -1.1340000000000001
2 0.21404186795491145 0.9728399999999999 -0.1126731078904992 -0.53304
8 0.09031400966183575 0.47672000000000003 0.1142512077294686 0.21450666666666665
8 0.4314573268921095 1.7290133333333333 -0.5904830917874395 -2.3354666666666666
