2 0.3106843800322061 1.1407733333333332 -0.33790660225442837 -1.1253866666666665
2 0.07542270531400966 0.46018666666666663 0.15084541062801932 0.6083733333333333
2 0.45529790660225444 2.1533333333333333 -0.6511755233494364 -2.312
2 0.40756038647342996 1.8648133333333332 -0.537536231884058 -2.0787466666666665
2 0.3722302737520129 1.6076133333333333 -0.4618035426731079 -1.7927199999999999
2 0.35495169082125605 1.4781600000000001 -0.4359742351046699 -1.6308266666666669
2 0.35154589371980677 1.42272 -0.4223349436392914 -1.6022933333333333
2 0.3441425120772947 1.3677066666666666 -0.4129710144927536 -1.5387199999999999
2 0.34233494363929146 1.3041333333333334 -0.4032850241545894 -1.4883733333333333
2 0.27941626409017717 0.9847599999999999 -0.2682045088566828 -0.9066933333333332
2 0.33445249597423515 1.2368933333333334 -0.3885829307568438 -1.4006133333333333
2 0.3295531400966183 1.1973866666666666 -0.37862318840579706 -1.3499733333333332
3 0.32502818035426734 1.17208 -0.3763526570048309 -1.3182933333333333
2 0.2655152979066022 0.9384 -0.2478582930756844 -0.8417066666666666
2 0.257536231884058 0.8950266666666666 -0.2297745571658615 -0.7695200000000001
8 0.07345813204508857 0.45712 0.14691626409017713 0.6642666666666667
8 0.28719001610305955 1.0295866666666667 -0.29929146537842183 -1.0395466666666666
