2 0.473780193236715 2.1533333333333333 -0.6423429951690822 -2.312
2 0.08654186795491144 0.7613733333333332 0.17308373590982287 0.47192
2 0.24922705314009658 0.9490933333333332 -0.19499194847020934 -0.6908799999999999
2 0.33215780998389693 1.2074533333333333 -0.3832367149758454 -1.29656
2 0.2595410628019324 0.96292 -0.21911433172302736 -0.7691466666666666
2 0.26933977455716585 0.9820799999999998 -0.2497101449275362 -0.84448
2 0.10904186795491144 0.5204133333333333 0.11114331723027375 0.22071999999999994
2 0.1293599033816425 0.57472 0.06746376811594203 0.09717333333333332
2 0.14407004830917874 0.6334 0.030925925925925923 -0.030106666666666643
2 0.167109500805153 0.6958266666666667 -0.014106280193236722 -0.15202666666666664
8 0.28041867954911437 1.1287733333333334 -0.29096618357487924 -1.203466666666667
8 0.3455233494363929 1.3771599999999997 -0.4388727858293075 -1.7830133333333333
8 0.4772866344605475 1.7316266666666666 -0.7649114331723027 -2.5230400000000004
