3 0.3923510466988728 1.6401200000000002 -0.535475040257649 -1.7594400000000001
2 0.2544202898550725 1.1750533333333333 -0.2034621578099839 -0.8870666666666668
2 0.19422302737520128 1.0182266666666668 -0.1186392914653784 -0.6025333333333333
2 0.35254830917874397 1.3399733333333332 -0.42735104669887275 -1.4636799999999996
2 0.5428824476650563 2.0124266666666664 -0.8008695652173913 -2.5938133333333333
2 0.4292552334943639 1.55752 -0.5945169082125604 -1.9980266666666666
3 0.44016505636070846 1.6214533333333332 -0.6485426731078905 -2.1737866666666665
4 0.4027012882447665 1.5195333333333334 -0.6076409017713366 -1.96728
7 0.1505756843800322 0.9266666666666666 0.040281803542673106 -0.40042666666666654
2 0.1292793880837359 0.7853999999999999 0.05280998389694043 -0.15816
2 0.09373590982286635 0.5931466666666667 0.13270531400966185 0.18032
7 0.11283011272141706 0.6316533333333333 0.09801127214170692 0.11578666666666663
7 0.15776167471819647 0.6653866666666666 -0.02584541062801934 -0.12789333333333336
