2 0.39493156199677937 2.1533333333333333 -0.4933091787439614 -2.312
2 0.1854549114331723 0.9910933333333333 -0.04603059581320452 -0.3419199999999999
2 0.34815619967793876 1.3844133333333333 -0.40479871175523346 -1.406426666666667
2 0.2376811594202899 0.9968 -0.18009661835748791 -0.6664
2 0.2697342995169082 0.9990800000000001 -0.24447665056360707 -0.8309066666666667
1 0.30086151368760067 1.0380399999999999 -0.3151368760064412 -1.0088266666666665
1 0.30513687600644124 1.0498666666666665 -0.3252657004830918 -1.0443733333333332
2 0.2827334943639292 1.0070133333333333 -0.26883252818035425 -0.9132266666666667
2 0.3262600644122383 1.1270799999999999 -0.3656119162640902 -1.2199733333333334
2 0.331719001610306 1.2136799999999999 -0.38076489533011276 -1.2830400000000002
8 0.2048148148148148 0.8471866666666666 -0.11673107890499196 -0.33746666666666675
8 0.31505636070853466 1.1028933333333333 -0.3550241545893719 -1.1723999999999999
