1 0.41017565359477126 1.6191891891891894 -0.5956454248366013 -1.8183783783783785
0 0.4004330065359477 1.6178783783783786 -0.5561928104575163 -1.592243243243243
1 0.2893586601307189 1.1041621621621622 -0.31250816993464053 -1.0142162162162163
0 0.46979166666666666 1.7886756756756759 -0.7311029411764706 -2.204810810810811
0 0.34986519607843136 1.2718108108108108 -0.45026960784313724 -1.391081081081081
0 0.3585171568627451 1.2662567567567569 -0.4604493464052288 -1.4318648648648649
0 0.3662091503267974 1.2937297297297297 -0.4824673202614379 -1.5047567567567568
0 0.3494158496732026 1.2607567567567568 -0.452312091503268 -1.4110270270270269
0 0.35320261437908496 1.2658243243243243 -0.4658333333333333 -1.418891891891892
8 0.30888480392156864 1.075972972972973 -0.3590114379084967 -1.1772972972972973
