2 0.3058011272141707 1.1456666666666666 -0.3242270531400966 -1.1012533333333334
2 0.16595410628019325 0.9693999999999999 -0.06862318840579709 -0.4849866666666667
2 0.20022946859903382 0.9686933333333333 -0.1368196457326892 -0.5937599999999998
2 0.2314130434782609 0.9713999999999999 -0.18185990338164254 -0.75816
2 0.24235104669887278 1.0019866666666666 -0.21365539452495974 -0.83528
3 0.32396537842190015 1.2449733333333333 -0.40625603864734294 -1.3581066666666666
2 0.30438003220611914 1.0960666666666667 -0.32951690821256036 -1.10024
3 0.050136876006441226 0.9077333333333333 0.10027375201288245 0.17919999999999997
4 0.047443639291465375 0.6000399999999999 0.09488727858293075 0.1265333333333334
8 0.2835426731078905 1.0269866666666667 -0.29304347826086957 -1.0067733333333333
