2 0.273828502415459 1.4823199999999999 -0.28630434782608694 -0.9790400000000001
2 0.22644927536231885 0.8302400000000001 -0.1549597423510467 -0.5668799999999999
2 0.21017310789049917 0.77624 -0.11778582930756845 -0.4417066666666667
2 0.24395330112721417 0.8864266666666666 -0.1955877616747182 -0.6974400000000001
2 0.4518075684380032 1.7392266666666667 -0.6225845410628019 -2.312533333333333
2 0.1369363929146538 0.6259199999999999 0.04200483091787439 -0.04480000000000003
2 0.4030716586151369 1.5100799999999999 -0.5345652173913044 -1.9135466666666667
3 0.3530193236714976 1.43228 -0.44592592592592595 -1.6654666666666664
3 0.2943599033816425 1.2893333333333332 -0.3235829307568438 -1.30928
8 0.2564613526570048 0.89676 -0.23575684380032205 -0.7773599999999999
