0 0.5222866344605476 2.1323733333333332 -0.8473752012882448 -2.35392
2 0.5532890499194847 2.1533333333333333 -0.7815861513687601 -2.312
2 0.4148913043478261 2.1236 -0.5272383252818036 -2.2525333333333335
2 0.12446054750402576 1.04208 0.044106280193236716 -0.18581333333333336
2 0.22161030595813205 1.0299066666666667 -0.14344605475040256 -0.5806133333333332
2 0.37453703703703706 1.5564666666666664 -0.45764090177133654 -1.6608800000000001
2 0.25451288244766507 1.03868 -0.2286231884057971 -0.7970933333333333
2 0.28757246376811596 1.09964 -0.2911352657004831 -1.01944
2 0.36346215780998387 1.37092 -0.4433977455716587 -1.4905333333333335
2 0.3329428341384863 1.22068 -0.38163446054750405 -1.3364
4 0.37850644122383253 1.3667733333333332 -0.5279468599033816 -1.7729066666666666
8 0.3567230273752013 1.28144 -0.45502415458937195 -1.6364266666666665
8 0.4145330112721417 1.4918799999999997 -0.5810628019323671 -2.0331466666666667
