2 0.14690418679549114 1.0210533333333331 0.026658615136875993 -0.21335999999999997
2 0.08095008051529791 0.819 0.16190016103059582 0.35666666666666663
2 0.38751610305958134 1.6013066666666667 -0.5061755233494364 -1.8577066666666666
2 0.2265217391304348 1.0193866666666667 -0.15450885668276976 -0.6141333333333333
2 0.263305152979066 1.0350933333333332 -0.22638486312399356 -0.7971733333333333
2 0.274110305958132 1.04196 -0.24900966183574877 -0.8646133333333333
2 0.33817230273752014 1.2546133333333331 -0.3884863123993559 -1.3077333333333332
2 0.3765660225442834 1.5683999999999998 -0.4908132045088567 -1.9474666666666665
2 0.3449557165861514 1.2762 -0.3996859903381642 -1.3887733333333332
2 0.35704911433172304 1.3158800000000002 -0.4327616747181965 -1.5113333333333332
2 0.34607487922705316 1.2165599999999999 -0.41942834138486307 -1.4603733333333333
8 0.27433977455716585 1.0434533333333333 -0.2584541062801932 -0.9643466666666666
