2 0.30070104754230453 1.1035771276595745 -0.32046736502820306 -1.0680053191489363
2 0.0760153102336825 0.8848537234042554 0.152030620467365 0.2249734042553191
3 0.1255560032232071 0.7559175531914895 0.02028203062046738 -0.13273936170212772
7 0.19026591458501207 0.9579787234042553 -0.14876712328767122 -0.5166489361702127
3 0.21473811442385174 0.9853723404255319 -0.19875906526994358 -0.688404255319149
2 0.19115229653505236 0.805252659574468 -0.08233682514101531 -0.3750265957446807
2 0.2614867042707494 0.9810771276595744 -0.2468573730862208 -0.841462765957447
2 0.27755036261079774 0.9894148936170212 -0.2642224012892828 -0.8940425531914894
3 0.27731668009669624 0.9979521276595745 -0.29219983883964545 -0.9572872340425533
2 0.08867848509266721 0.6131515957446808 0.12037066881547138 0.11651595744680851
