2 0.17624798711755235 1.0146666666666666 -0.03602254428341386 -0.34821333333333343
2 0.07864734299516908 0.9163733333333333 0.15729468599033816 0.16192000000000006
2 0.38199677938808374 1.5406933333333332 -0.4924315619967794 -1.7775999999999996
2 0.2353462157809984 1.0198266666666667 -0.17302737520128825 -0.6620533333333333
2 0.26774959742351045 1.0370666666666666 -0.234597423510467 -0.8187733333333332
2 0.2768035426731079 1.0418800000000001 -0.25623188405797104 -0.8852533333333333
2 0.33739935587761677 1.2443866666666665 -0.38661835748792267 -1.3013066666666666
2 0.3726650563607085 1.52868 -0.48038647342995167 -1.8843466666666668
2 0.34382045088566826 1.26628 -0.3973993558776167 -1.3791733333333334
2 0.355426731078905 1.3047866666666665 -0.4302737520128824 -1.5005066666666667
2 0.3346739130434782 1.1783066666666666 -0.39575684380032206 -1.38136
8 0.2864090177133655 1.0390666666666666 -0.2883574879227053 -0.9757333333333333
