2 0.08672705314009663 0.84116 0.17345410628019325 0.31234666666666666
2 0.3115177133655394 1.1821866666666667 -0.317866344605475 -1.10752
2 0.38811594202898547 1.5317999999999998 -0.5016264090177134 -1.8613066666666667
2 0.3067391304347826 1.13292 -0.3118518518518518 -1.0558666666666667
2 0.23925925925925923 0.8931333333333333 -0.1716747181964573 -0.5987999999999999
2 0.36279790660225447 1.3997333333333333 -0.4372061191626409 -1.6468266666666664
2 0.3781360708534621 1.4674399999999999 -0.4711674718196458 -1.7590933333333332
2 0.3001006441223833 1.0549066666666667 -0.30701288244766506 -1.0164799999999998
2 0.364585346215781 1.7237866666666666 -0.40773752012882447 -1.6285866666666666
8 0.2541143317230274 1.0149066666666666 -0.21439613526570045 -0.8653333333333333
8 0.1588083735909823 0.6751066666666666 -0.008148148148148153 -0.18914666666666669
8 0.505414653784219 2.150653333333333 -0.7419887278582931 -2.3119733333333334
8 0.4697423510466988 1.75236 -0.659194847020934 -2.350586666666666
