0 0.3549436392914654 1.2296533333333333 -0.42650563607085346 -1.3617066666666668
3 0.0722866344605475 0.47358666666666666 0.144573268921095 0.31778666666666666
7 0.12277777777777779 0.5319866666666666 0.05254428341384863 0.11512000000000004
2 0.07746376811594202 0.5428000000000001 0.15492753623188404 0.2945066666666666
2 0.0770450885668277 0.47611999999999993 0.1540901771336554 0.37650666666666666
2 0.18577697262479873 0.7577599999999999 -0.07673913043478259 -0.3449066666666666
2 0.1702938808373591 0.7047333333333332 -0.04778582930756843 -0.2534133333333334
2 0.23766505636070853 0.8639600000000001 -0.1855233494363929 -0.6557066666666667
8 0.36531400966183575 1.5651866666666665 -0.45033816425120765 -1.9451999999999998
8 0.3338848631239935 1.1628933333333333 -0.3943236714975845 -1.27544
