2 0.044130434782608696 1.0465333333333333 0.08826086956521739 -0.09839999999999993
2 0.383329307568438 1.7886 -0.4611030595813205 -1.81864
2 0.47067230273752014 2.1533333333333333 -0.605402576489533 -2.312
2 0.2640217391304348 1.00376 -0.2558373590982287 -0.8710399999999999
2 0.19033011272141706 1.0234933333333334 -0.10325281803542671 -0.47685333333333346
2 0.3631723027375201 1.4749466666666666 -0.43655394524959734 -1.54184
2 0.34570048309178747 1.3194266666666665 -0.41016103059581327 -1.41656
2 0.3350161030595813 1.2475466666666666 -0.3918357487922705 -1.3356266666666667
2 0.3304186795491143 1.2014666666666667 -0.38074074074074077 -1.2940800000000001
8 0.2830233494363929 1.1261733333333332 -0.3013768115942029 -1.1982666666666666
8 0.36557568438003224 1.2840266666666666 -0.4737761674718196 -1.6415999999999997
