2 0.31382447665056357 1.2138266666666666 -0.33570048309178746 -1.12104
2 0.38670692431562 1.69588 -0.49924315619967796 -1.8989066666666663
2 0.3571135265700483 1.3868666666666667 -0.42670692431561996 -1.5434933333333334
2 0.34431561996779386 1.3049333333333333 -0.39714975845410627 -1.4482133333333331
2 0.07820048309178744 0.7957066666666666 0.15640096618357488 0.16757333333333327
2 0.24524557165861516 0.95936 -0.19699677938808374 -0.7133866666666666
2 0.2801086956521739 1.0169733333333333 -0.2697665056360708 -0.9260533333333333
2 0.16555958132045087 0.783 -0.024355877616747183 -0.2641333333333333
2 0.1988929146537842 0.8264399999999998 -0.10688405797101447 -0.42951999999999996
2 0.30321658615136876 1.0662666666666665 -0.3164975845410628 -1.0822933333333333
2 0.2359621578099839 0.8978133333333334 -0.17836553945249595 -0.6594666666666666
2 0.26841384863123996 0.9796533333333333 -0.24103059581320452 -0.8673066666666667
2 0.091670692431562 0.5535333333333333 0.11828502415458937 0.18392
2 0.10117149758454107 0.5481333333333334 0.09545088566827697 0.08730666666666662
2 0.3343276972624799 1.1592399999999998 -0.38192431561996776 -1.28696
