2 0.3119726247987118 1.0942266666666667 -0.3368115942028985 -1.1185333333333332
2 0.3587520128824477 1.4834533333333335 -0.41555555555555557 -1.4716
2 0.3476489533011272 1.3642666666666667 -0.40475040257648953 -1.40672
2 0.29957729468599037 1.04224 -0.3086070853462158 -1.0306133333333334
2 0.3395933977455716 1.2452266666666665 -0.38931561996779385 -1.313173333333333
2 0.33262077294685993 1.2140133333333334 -0.38065217391304346 -1.2800799999999999
0 0.350438808373591 1.2303333333333333 -0.43086151368760056 -1.36056
8 0.31896135265700487 1.1382533333333331 -0.3617874396135266 -1.1844533333333331
8 0.23042270531400966 0.9398933333333332 -0.16804347826086957 -0.80496
8 0.28566022544283415 1.0045466666666667 -0.2861352657004831 -0.9532533333333334
8 0.494500805152979 2.1506666666666665 -0.6501288244766505 -2.312
