2 0.50585346215781 2.1533333333333333 -0.6936392914653784 -2.312
2 0.07261272141706925 0.7848133333333334 0.1452254428341385 0.2568800000000001
2 0.33153381642512075 1.18088 -0.36595008051529787 -1.2384
2 0.2430917874396135 0.9857199999999999 -0.19864734299516906 -0.8261066666666665
2 0.36337761674718194 1.4303866666666665 -0.4314573268921095 -1.6362933333333334
2 0.1861513687600644 0.9348133333333333 -0.09608695652173914 -0.5849333333333334
2 0.16450080515297907 0.9363066666666666 -0.03317230273752012 -0.47597333333333336
2 0.07460144927536232 0.8914399999999999 0.14920289855072463 -0.1361066666666667
2 0.40443236714975844 1.7096266666666666 -0.5128099838969404 -2.0120533333333332
2 0.4234702093397746 1.8350533333333332 -0.5399194847020934 -2.190213333333333
8 0.2798953301127214 1.1218533333333334 -0.28991948470209333 -1.1585866666666664
