2 0.3165551974214343 1.1014228723404256 -0.33531829170024174 -1.1171010638297871
2 0.08854955680902497 0.9308244680851064 0.1263819500402901 0.0554255319148937
3 0.06696615632554391 0.6311303191489361 0.13393231265108782 0.26502659574468085
2 0.35956083803384364 1.6281781914893616 -0.4247784045124899 -1.5817287234042554
2 0.21904109589041093 0.9382446808510637 -0.13221595487510074 -0.5333510638297873
3 0.15848912167606768 0.7906781914893617 -0.04079774375503625 -0.290186170212766
2 0.24713940370668813 0.9623138297872341 -0.19099113618049957 -0.6829787234042554
2 0.29826349717969375 1.094787234042553 -0.30481063658340046 -1.013776595744681
2 0.21444802578565672 0.8456648936170214 -0.13182917002417405 -0.5125531914893616
2 0.27058017727638994 0.965372340425532 -0.24331990330378725 -0.8164893617021276
3 0.22804593070104753 0.868563829787234 -0.17459307010475422 -0.6117021276595743
3 0.27534246575342464 0.9735239361702128 -0.2745366639806607 -0.8877393617021279
7 0.2884407735697018 1.039095744680851 -0.3105479452054794 -1.010212765957447
