2 0.2745813204508857 1.4854133333333333 -0.28533011272141706 -0.9761599999999998
2 0.22654589371980677 0.8301066666666667 -0.15512077294685991 -0.5667733333333332
2 0.21037037037037035 0.7765333333333333 -0.11801932367149758 -0.4418666666666667
2 0.2438808373590982 0.8859733333333333 -0.196280193236715 -0.69968
2 0.4516183574879228 1.7380133333333332 -0.6222544283413849 -2.310426666666667
2 0.16232286634460547 0.8242666666666667 -0.03190821256038647 -0.3786666666666667
3 0.4058454106280193 1.5937466666666666 -0.5666505636070854 -2.0806133333333334
8 0.14239935587761676 0.55348 0.024669887278582943 0.012720000000000026
8 0.08908212560386473 0.35448 0.17816425120772947 0.6556266666666667
8 0.2582850241545893 0.8958933333333332 -0.2310628019323671 -0.7859733333333333
