3 0.29735909822866347 2.05444 -0.5947181964573269 -2.1142133333333333
2 0.3449597423510467 1.4473066666666667 -0.43111111111111106 -1.4794666666666665
2 0.34242753623188404 1.3298666666666665 -0.40451690821256037 -1.3983466666666666
2 0.32840982286634457 1.2126133333333333 -0.36900966183574874 -1.262133333333333
2 0.11417069243156201 0.5660933333333333 0.08170692431561996 0.18408
7 0.1763405797101449 0.6877333333333332 -0.03384057971014493 -0.07781333333333335
1 0.2715700483091787 0.9645066666666666 -0.25692431561996776 -0.7932266666666667
2 0.2567230273752013 0.95328 -0.21431561996779389 -0.7334399999999999
2 0.3131964573268921 1.1546399999999999 -0.3442028985507246 -1.1790933333333335
2 0.3029428341384863 1.08308 -0.31388888888888883 -1.0721866666666668
1 0.27871175523349434 0.984 -0.2712721417069243 -0.8483733333333334
8 0.28510869565217395 1.0244133333333332 -0.2847101449275362 -0.974
