0 0.3154684975767367 1.1543716577540106 -0.34691437802907915 -1.0482620320855613
0 0.31932148626817447 1.1804010695187164 -0.36358642972536354 -1.0833689839572191
0 0.07588852988691439 0.5331818181818181 0.15177705977382877 0.7091978609625667
0 0.1073788368336026 0.7665775401069518 0.06391760904684976 0.4614973262032085
0 0.3986187399030695 1.6652807486631016 -0.5483198707592891 -1.5291176470588235
0 0.4745840064620355 2.0547192513368984 -0.7261470113085623 -2.1147860962566845
0 0.28472536348949923 1.0769786096256684 -0.2918255250403877 -0.847860962566845
2 0.21200323101777063 1.0421657754010694 -0.17179321486268176 -0.6581818181818182
3 0.25433764135702747 1.0478475935828875 -0.24612277867528276 -0.8281016042780749
5 0.39778675282714054 1.4933422459893047 -0.4974798061389338 -1.5598930481283424
8 0.2940710823909532 1.0443582887700535 -0.30783521809369957 -1.0106417112299466
