2 0.41410628019323664 2.1533333333333333 -0.5361352657004831 -2.312
3 0.3085386473429952 1.6183333333333332 -0.49353462157809985 -1.68728
2 0.33954508856682775 1.3280266666666667 -0.4084460547504026 -1.3749333333333331
2 0.3377697262479871 1.2649733333333333 -0.390354267310789 -1.3313866666666665
2 0.32864331723027373 1.18852 -0.36144122383252814 -1.221893333333333
2 0.2673188405797101 0.9748 -0.22964573268921099 -0.7848533333333334
2 0.3154307568438003 1.14636 -0.3383333333333334 -1.15608
2 0.30573268921095004 1.0844533333333333 -0.3124798711755234 -1.0641600000000002
8 0.2825040257648953 1.0356266666666667 -0.2774235104669887 -0.9723199999999999
8 0.2559420289855072 0.89676 -0.21908212560386475 -0.7083466666666667
