2 0.3103743961352657 1.1403866666666667 -0.3381884057971014 -1.1263733333333334
2 0.5491384863123994 2.1533333333333333 -0.8376972624798712 -2.312
2 0.43431964573268916 2.095466666666667 -0.5958695652173913 -2.279306666666667
2 0.38430354267310785 1.7195866666666666 -0.4846779388083736 -1.8904799999999997
2 0.3613123993558776 1.5455066666666668 -0.4498228663446055 -1.6960266666666666
2 0.3556078904991949 1.4671733333333332 -0.4311996779388084 -1.651253333333333
2 0.34685587761674713 1.40024 -0.42045893719806765 -1.5789333333333333
2 0.3438768115942029 1.3214933333333332 -0.406658615136876 -1.5093333333333332
2 0.2761513687600644 0.9799066666666666 -0.26001610305958134 -0.8816799999999999
2 0.3352093397745572 1.2462533333333334 -0.3909339774557166 -1.414
2 0.3301972624798712 1.2044533333333332 -0.37918679549114337 -1.35584
3 0.3251288244766506 1.1755466666666667 -0.3776972624798712 -1.3245866666666668
2 0.2635346215780998 0.9341733333333333 -0.24410628019323669 -0.83064
2 0.25540660225442835 0.8893999999999999 -0.22556360708534623 -0.75624
8 0.2830233494363929 1.0658133333333333 -0.30345410628019326 -1.1085333333333331
