2 0.33894927536231884 1.2812533333333334 -0.38710950080515294 -1.3209066666666665
2 0.1197866344605475 1.0203066666666667 0.08749597423510468 -0.0465333333333333
2 0.40911433172302736 1.7629066666666664 -0.5501932367149758 -2.270613333333333
2 0.38961352657004833 1.6371466666666665 -0.5395169082125604 -2.083946666666667
7 0.23826892109500805 0.9107599999999999 -0.14570048309178746 -0.5562933333333333
2 0.24081723027375204 0.944 -0.18551529790660226 -0.6620799999999999
2 0.19056763285024156 0.8877333333333333 -0.06836553945249597 -0.3612266666666666
2 0.37467793880837363 1.4845866666666667 -0.4844927536231884 -1.8357333333333332
2 0.2635708534621578 0.9694933333333334 -0.230426731078905 -0.7953600000000001
2 0.48375603864734296 1.82324 -0.7221819645732689 -2.6160799999999997
2 0.46824879227053134 1.75236 -0.6835507246376811 -2.490213333333333
3 0.5132085346215781 1.9133466666666665 -0.8106038647342995 -2.7919733333333334
8 0.2769645732689211 1.0334666666666668 -0.2659742351046699 -0.9644266666666665
8 0.3606280193236715 1.2719466666666666 -0.45241545893719814 -1.50704
8 0.31032206119162636 1.0686666666666667 -0.34057971014492755 -1.128
8 0.31920692431562 1.1253866666666665 -0.3549033816425121 -1.2004266666666668
