2 0.2965901771336554 1.0986933333333333 -0.29514492753623184 -1.0050666666666668
7 0.20471014492753623 0.9760266666666666 -0.06463768115942027 -0.26485333333333333
7 0.2651731078904992 0.9981599999999999 -0.218317230273752 -0.7074666666666666
2 0.16499597423510468 0.8819466666666667 -0.019830917874396132 -0.34810666666666673
2 0.19915056360708533 0.9179066666666668 -0.10094202898550722 -0.5047733333333334
2 0.23365942028985506 0.9669866666666667 -0.16715780998389693 -0.71328
2 0.249597423510467 0.9801066666666667 -0.19985507246376813 -0.7737066666666667
3 0.25166666666666665 0.9930666666666665 -0.22412238325281805 -0.8521599999999998
2 0.3661755233494364 1.6988666666666667 -0.42821256038647343 -1.5931466666666665
2 0.3590257648953301 1.4460666666666666 -0.4093719806763285 -1.4178933333333334
2 0.3423631239935588 1.3301733333333332 -0.3859661835748792 -1.333253333333333
4 0.30287037037037035 1.2475866666666666 -0.4088164251207729 -1.29064
2 0.13376811594202898 0.6464533333333333 0.03861513687600645 -0.03920000000000005
2 0.3053623188405797 1.1021733333333332 -0.3165700483091788 -1.0626399999999998
