2 0.15508856682769726 0.76396 -0.010257648953301135 -0.27960000000000007
3 0.11747987117552335 0.6695866666666667 0.03903381642512078 -0.12808
0 0.44717391304347825 1.6830533333333333 -0.637181964573269 -1.9257866666666668
2 0.24534621578099836 0.9738133333333333 -0.20228663446054748 -0.7983999999999999
2 0.2508132045088567 0.9521999999999999 -0.21288244766505635 -0.8012533333333334
2 0.29995571658615133 1.0757066666666666 -0.31941223832528176 -1.100213333333333
3 0.32384057971014496 1.1262666666666665 -0.3693558776167472 -1.2250133333333333
2 0.3009943639291466 1.1043866666666666 -0.3164170692431562 -1.12072
2 0.36521739130434777 1.26428 -0.44880837359098225 -1.51192
8 0.33302334943639295 1.1658533333333332 -0.39305152979066027 -1.3121333333333334
8 0.2796376811594203 1.0097466666666666 -0.28106280193236716 -0.95848
8 0.36843800322061193 1.909093333333333 -0.48574879227053136 -2.7951466666666667
