2 0.22171900161030597 0.9780133333333333 -0.1424074074074074 -0.5862666666666667
2 0.5873631239935587 2.1533333333333333 -0.7895088566827697 -2.312
2 0.4157608695652174 2.1080266666666665 -0.5400402576489534 -2.2213866666666666
2 0.38357890499194847 1.6151733333333331 -0.47169887278582934 -1.7125333333333335
2 0.24873590982286634 0.9960266666666666 -0.20122383252818035 -0.7464533333333333
2 0.36524959742351043 1.4256133333333334 -0.44157809983896945 -1.5383733333333331
2 0.2634178743961353 1.0094266666666665 -0.23158615136876007 -0.8347466666666665
2 0.35427938808373594 1.3393733333333333 -0.4213929146537842 -1.4532
2 0.2890177133655395 1.03456 -0.29009661835748796 -0.9836266666666666
8 0.32703301127214174 1.2150133333333333 -0.37585346215781 -1.3034666666666666
