2 0.44171497584541064 2.1533333333333333 -0.5780032206119162 -2.312
2 0.1393599033816425 0.9988666666666666 0.05649758454106279 -0.10637333333333329
2 0.3552536231884058 1.4697466666666665 -0.41633655394524954 -1.4694666666666665
2 0.22591787439613528 0.9974399999999999 -0.15304347826086956 -0.5955199999999999
2 0.2665418679549114 0.9999066666666667 -0.23508051529790658 -0.80408
1 0.30092995169082126 1.0416933333333334 -0.3122946859903382 -0.9966666666666666
1 0.30573671497584537 1.05504 -0.3217954911433172 -1.0302933333333333
2 0.281682769726248 1.0083733333333333 -0.2642351046698873 -0.8995199999999998
2 0.32814814814814813 1.1352666666666666 -0.36541062801932367 -1.2195466666666666
2 0.3349355877616747 1.2371599999999998 -0.3823832528180355 -1.29192
8 0.3184420289855072 1.1106533333333333 -0.35554750402576485 -1.143066666666667
