2 0.31043478260869567 1.0893866666666665 -0.3382286634460548 -1.1232533333333334
2 0.38295088566827695 1.8614666666666664 -0.4499758454106279 -1.7282666666666666
2 0.35896940418679546 1.5173999999999999 -0.42442834138486313 -1.52584
2 0.2948148148148148 1.0369333333333333 -0.3025603864734299 -1.01328
2 0.3432286634460548 1.2894266666666667 -0.3990660225442834 -1.3561866666666667
2 0.3336634460547504 1.2418799999999999 -0.3885829307568438 -1.3129866666666665
2 0.3279589371980676 1.1699066666666667 -0.3742592592592593 -1.2582133333333332
2 0.2240096618357488 0.84232 -0.1493719806763285 -0.5909866666666667
0 0.35578502415458935 1.2530666666666666 -0.44826892109500804 -1.3973333333333333
8 0.24943236714975847 0.9217866666666666 -0.21023349436392916 -0.7687466666666666
