2 0.44852657004830915 2.1533333333333333 -0.5999838969404186 -2.312
3 0.3017592592592593 1.7559066666666667 -0.5263043478260869 -1.8332533333333334
2 0.34129227053140093 1.3609066666666665 -0.4165942028985508 -1.4098133333333331
2 0.3394001610305958 1.2838266666666667 -0.3934541062801932 -1.3467466666666668
2 0.3273550724637681 1.19116 -0.3652737520128824 -1.2394933333333336
7 0.19693639291465376 0.7374399999999999 -0.07939613526570047 -0.22784
2 0.26311996779388086 0.9646533333333334 -0.22578904991948467 -0.7723999999999999
2 0.3131481481481482 1.14344 -0.342914653784219 -1.1723733333333333
2 0.30347020933977453 1.0791199999999999 -0.3151851851851852 -1.0746133333333332
8 0.27495169082125603 1.0442533333333335 -0.2675201288244766 -0.98264
8 0.2538566827697262 0.8907066666666666 -0.22117552334943638 -0.7101066666666667
