2 0.256243961352657 1.0529333333333333 -0.21636876006441225 -0.8645333333333334
2 0.3306924315619968 1.214 -0.37898550724637686 -1.32
3 0.07040660225442834 0.4236 0.14081320450885668 0.5922133333333333
3 0.16187198067632852 1.1250533333333332 -0.10297101449275363 -0.6730400000000001
2 0.22094202898550722 0.89364 -0.14677938808373592 -0.58488
3 0.2846900161030596 1.0270666666666668 -0.2942592592592593 -0.9862933333333334
2 0.3331924315619968 1.19108 -0.38173107890499197 -1.3047199999999999
2 0.3505917874396135 1.2097466666666665 -0.42034621578099846 -1.3966666666666667
8 0.06903381642512077 0.42175999999999997 0.13806763285024154 0.63152
8 0.3015136876006441 1.11324 -0.34043478260869564 -1.1999733333333333
8 0.35229468599033814 1.8989733333333334 -0.45346215780998395 -2.809413333333334
