2 0.2982689210950081 1.1236533333333334 -0.2987117552334944 -1.0152533333333333
2 0.1494524959742351 0.9079866666666666 -0.019629629629629625 -0.40242666666666654
2 0.22528180354267308 0.95532 -0.15595813204508857 -0.7007733333333332
2 0.23951288244766508 0.9670533333333332 -0.1820048309178744 -0.7541066666666667
2 0.2834259259259259 1.0346266666666666 -0.2697181964573269 -0.9329866666666665
2 0.5040700483091788 2.1533333333333333 -0.6681400966183575 -2.312
3 0.319549114331723 1.30616 -0.40061191626409015 -1.3509866666666666
3 0.1998268921095008 0.8472933333333333 -0.13206924315619967 -0.5191733333333333
2 0.3052938808373591 1.11128 -0.3185265700483092 -1.0637866666666669
1 0.15840579710144928 0.60508 -0.025314009661835748 -0.07778666666666671
