3 0.4545893719806762 1.9563066666666666 -0.6819001610305958 -2.2890399999999995
2 0.2985708534621578 1.3454799999999998 -0.29192431561996784 -1.1826933333333332
2 0.23582528180354265 1.17028 -0.20274557165861515 -0.8782133333333333
2 0.40273752012882447 1.5288133333333331 -0.5334782608695653 -1.8213066666666666
3 0.5026650563607086 1.85768 -0.788035426731079 -2.6487466666666664
4 0.4613929146537842 1.7400933333333333 -0.7374074074074074 -2.3923999999999994
7 0.1931964573268921 1.06932 -0.047487922705314004 -0.6808799999999999
2 0.17491143317230273 0.9273466666666667 -0.038776167471819646 -0.44098666666666664
2 0.14693236714975846 0.7520266666666666 0.028389694041867947 -0.13605333333333328
7 0.16329710144927537 0.7851466666666667 -0.000893719806763296 -0.18560000000000004
7 0.2050523349436393 0.8143733333333333 -0.12268115942028986 -0.4390933333333334
