2 0.08861916264090176 0.6865733333333334 0.17723832528180353 0.62152
2 0.523280998389694 2.0183999999999997 -0.8112962962962963 -2.5818666666666665
2 0.4796819645732689 1.96964 -0.7089130434782609 -2.5917066666666666
2 0.44816425120772946 1.8219066666666668 -0.645780998389694 -2.3760266666666667
2 0.42950483091787434 1.7176533333333333 -0.5913123993558775 -2.213706666666667
2 0.41615539452495975 1.6127866666666666 -0.5690257648953301 -2.0711733333333333
2 0.3818478260869565 1.8677466666666664 -0.489573268921095 -1.868026666666667
2 0.36927938808373595 1.4905466666666667 -0.43828502415458936 -1.5494133333333333
2 0.2098107890499195 1.0487466666666665 -0.1277375201288245 -0.5780266666666668
3 0.23931159420289858 1.0592933333333334 -0.21479066022544283 -0.7775733333333332
2 0.3783494363929147 1.46332 -0.49365539452495977 -1.8041333333333331
2 0.2725764895330112 1.0635066666666668 -0.25186795491143316 -0.86472
2 0.2809380032206119 1.0641866666666666 -0.2701529790660226 -0.9355200000000001
2 0.33797504025764896 1.2464799999999998 -0.39846215780998395 -1.4413333333333334
4 0.306231884057971 1.1977466666666665 -0.3947020933977456 -1.2966666666666666
8 0.08153381642512077 0.66412 0.16306763285024153 -0.05677333333333331
8 0.11799114331723026 0.6607333333333333 0.23598228663446053 0.6678666666666666
