2 0.16234299516908213 1.10312 -0.005152979066022549 -0.23834666666666665
2 0.08303945249597423 0.8484266666666666 0.16607890499194847 0.2978133333333333
1 0.47987922705314007 2.1533333333333333 -0.649694041867955 -2.312
1 0.5441706924315619 2.1533333333333333 -0.7668599033816424 -2.312
2 0.271316425120773 1.0614133333333333 -0.23719001610305956 -0.8071999999999999
2 0.2909782608695652 1.06276 -0.2764814814814815 -0.9257333333333333
3 0.29082930756843806 1.05772 -0.3009822866344605 -0.9845066666666666
2 0.3396537842190016 1.3373466666666667 -0.38194847020933975 -1.4501066666666664
2 0.33668276972624794 1.2954666666666665 -0.37402576489533007 -1.41152
2 0.32809581320450887 1.2257466666666668 -0.36248792270531405 -1.31496
3 0.30233091787439614 1.0624266666666666 -0.3138727858293075 -1.0384533333333335
3 0.23177133655394527 1.0728133333333334 -0.1861513687600644 -0.6622666666666667
8 0.31922302737520125 1.1123866666666666 -0.3539855072463768 -1.1361866666666665
