1 0.48984885620915036 1.821054054054054 -0.6858741830065359 -2.119297297297297
1 0.3404983660130719 1.4830540540540542 -0.39560457516339875 -1.1649729729729732
1 0.4304166666666666 1.5629324324324325 -0.562843137254902 -1.7854324324324327
0 0.2705678104575164 0.9728783783783785 -0.25912581699346404 -0.7737027027027027
0 0.27706290849673204 0.9849594594594595 -0.27175653594771243 -0.8306216216216218
1 0.396233660130719 1.4151216216216218 -0.49191176470588227 -1.6215945945945947
0 0.4175735294117647 1.4560270270270272 -0.5456699346405228 -1.7423243243243243
0 0.432389705882353 1.5058243243243243 -0.5631290849673203 -1.7985135135135137
8 0.07867647058823529 0.45054054054054055 0.1180718954248366 0.23205405405405408
8 0.3206045751633987 1.1836621621621624 -0.35640522875816993 -1.1445675675675677
8 0.4450857843137255 1.5842567567567567 -0.5918218954248367 -1.9147297297297299
