0 0.43946859903381646 1.9333066666666667 -0.6729790660225443 -1.8719466666666666
1 0.21512882447665055 0.8938133333333333 -0.16771336553945249 -0.4601066666666666
1 0.22666666666666666 0.9021866666666666 -0.18486312399355878 -0.53792
3 0.2598510466988728 1.0559466666666666 -0.2761433172302738 -0.96592
5 0.1158977455716586 0.5472666666666667 0.07329307568438004 0.2585333333333333
5 0.1277938808373591 0.59112 0.045491143317230275 0.13594666666666663
0 0.1298389694041868 0.5713466666666667 0.018421900161030593 0.20584
0 0.44971819645732686 1.90136 -0.6733011272141707 -1.9528
0 0.4371618357487923 1.66832 -0.5463848631239936 -1.6517333333333335
0 0.4489291465378422 1.6911466666666666 -0.5710628019323671 -1.7026666666666666
1 0.31294685990338167 1.15496 -0.34995169082125605 -1.152
2 0.24192431561996777 0.9309866666666666 -0.1961513687600644 -0.7762666666666667
8 0.381719001610306 1.45996 -0.4998148148148148 -1.7589066666666664
8 0.18543478260869564 0.7434399999999999 -0.07729468599033816 -0.21989333333333327
8 0.06710547504025764 0.5140266666666666 0.13421095008051528 0.8000533333333333
