0 0.19763731825525044 0.8429010695187166 -0.1405896607431341 -0.2823262032085562
0 0.09350565428109854 0.6981684491978609 0.062245557350565424 0.5983155080213903
0 0.32432552504038775 1.1935026737967913 -0.3676655896607432 -1.1357754010695187
0 0.2721970920840065 1.0247860962566846 -0.27109854604200323 -0.7710160427807486
0 0.2928069466882068 1.0745320855614973 -0.31718093699515354 -0.9534491978609623
0 0.3207875605815832 1.1500267379679143 -0.3774555735056543 -1.1532620320855613
0 0.3174636510500808 1.1150802139037432 -0.36268174474959614 -1.1291443850267382
3 0.3017285945072698 2.129398395721925 -0.6034571890145396 -2.2641443850267375
8 0.3052019386106624 1.0963903743315506 -0.34452342487883686 -1.0628342245989302
8 0.3330613893376414 1.2566978609625667 -0.40754442649434575 -1.3972994652406414
