2 0.39167069243156205 1.8054666666666668 -0.4867552334943639 -1.8898666666666668
2 0.28157407407407403 1.08132 -0.2817149758454106 -1.07112
0 0.2555877616747182 0.9323066666666666 -0.23689210950080516 -0.6876533333333333
1 0.4204951690821256 1.5864533333333333 -0.5676247987117552 -1.9330133333333333
2 0.36611513687600644 1.3527333333333331 -0.46371175523349434 -1.6648266666666665
2 0.43793880837359106 1.6138666666666668 -0.6115619967793882 -2.209013333333333
3 0.5294363929146538 1.90896 -0.808888888888889 -2.8007466666666665
2 0.2406602254428341 0.9212266666666665 -0.19518518518518518 -0.7449066666666667
2 0.1664855072463768 0.67544 -0.039557165861513685 -0.23242666666666664
2 0.3042713365539452 1.0594933333333334 -0.32865539452495973 -1.1081066666666668
2 0.28948470209339777 1.0164266666666666 -0.2961835748792271 -1.0100799999999999
8 0.32000000000000006 1.2245066666666666 -0.3659581320450886 -1.4535466666666668
8 0.09265700483091788 0.4517066666666666 0.10227053140096619 0.22314666666666663
