2 0.4761392914653784 2.1533333333333333 -0.6643075684380032 -2.312
2 0.08147342995169082 0.85552 0.16294685990338165 0.2623466666666667
2 0.37013285024154585 1.5837066666666666 -0.45255233494363933 -1.6725866666666667
2 0.19983091787439614 0.9305599999999999 -0.10082125603864735 -0.4992533333333333
2 0.3518599033816425 1.3949866666666666 -0.4164895330112721 -1.4840533333333332
2 0.2564975845410628 0.9648266666666666 -0.2268438003220612 -0.78528
2 0.33936392914653785 1.26484 -0.3943478260869565 -1.35096
2 0.33590177133655397 1.2266133333333333 -0.3889533011272142 -1.3211733333333335
2 0.2665901771336554 0.97128 -0.24630434782608693 -0.8351466666666668
8 0.07443236714975845 0.63716 0.12727053140096617 -0.2063733333333333
