2 0.08076489533011272 0.8500933333333333 0.16152979066022544 0.29448
2 0.1567230273752013 0.9457866666666667 -0.003478260869565212 -0.26570666666666665
2 0.4256602254428341 2.1533333333333333 -0.54402576489533 -2.312
2 0.2115096618357488 0.96648 -0.11910628019323674 -0.55056
2 0.37514895330112724 1.6431866666666664 -0.4600563607085346 -1.7237066666666665
2 0.26995169082125603 1.0040533333333332 -0.2494685990338164 -0.8647466666666666
2 0.3623590982286634 1.4379066666666667 -0.43495974235104673 -1.5265333333333333
2 0.35574074074074075 1.34384 -0.42483091787439614 -1.45344
2 0.3491787439613527 1.2915866666666664 -0.41117552334943636 -1.4089866666666666
8 0.2887520128824477 1.1641333333333332 -0.302415458937198 -1.3086399999999998
