0 0.19885702746365105 1.009572192513369 -0.08664781906300484 -0.024491978609625733
0 0.4426332794830372 1.686951871657754 -0.6102584814216478 -1.8439037433155079
0 0.18860662358642974 0.8707219251336897 -0.0954846526655897 -0.033475935828877104
0 0.25265751211631665 1.0422727272727272 -0.22316639741518576 -0.5764171122994654
0 0.3869749596122779 1.4394385026737968 -0.5074394184168013 -1.5088770053475933
0 0.3079361873990307 1.138716577540107 -0.3384733441033926 -0.9832085561497327
0 0.28859450726978997 1.0613502673796793 -0.2909369951534734 -0.8543048128342247
0 0.29728594507269795 1.0820588235294117 -0.31243941841680134 -0.9362566844919785
0 0.34908723747980613 1.2584358288770054 -0.4232148626817448 -1.2878342245989303
8 0.32238691437802913 1.2127406417112299 -0.36015347334410336 -1.2438770053475934
8 0.27525040387722133 1.0222459893048128 -0.26379644588045237 -0.7939037433155078
