2 0.08488325281803542 0.6446266666666667 0.16976650563607085 0.7054133333333332
2 0.18987117552334942 0.9173466666666666 -0.07368760064412237 -0.39298666666666665
2 0.2261795491143317 0.9381733333333333 -0.15004025764895326 -0.5880266666666666
2 0.24557971014492752 0.9523999999999999 -0.19143317230273751 -0.6831999999999999
2 0.25828099838969404 0.9703066666666667 -0.2194283413848631 -0.77464
2 0.3810265700483092 1.4761866666666668 -0.5150805152979067 -1.8980799999999998
2 0.3705595813204509 1.3924266666666665 -0.4901207729468599 -1.7493333333333332
2 0.5128824476650563 1.8860799999999998 -0.8153462157809983 -2.8465066666666665
2 0.494975845410628 1.8869466666666665 -0.7741384863123993 -2.8317066666666664
2 0.4838325281803543 1.8341733333333334 -0.7430917874396136 -2.7329866666666662
2 0.47282608695652173 1.7796533333333333 -0.7198550724637681 -2.6289599999999997
2 0.27139694041867957 0.9912133333333333 -0.24999194847020934 -0.8662666666666667
2 0.33723429951690825 1.2178266666666666 -0.39773752012882446 -1.3424266666666664
8 0.09820048309178744 0.6253733333333332 0.1964009661835749 0.7385866666666667
8 0.28406602254428337 1.1520666666666668 -0.2992914653784219 -1.2396533333333333
8 0.36413848631239937 1.3561333333333334 -0.4652012882447665 -1.67712
