2 0.49208132045088565 2.1533333333333333 -0.6546135265700482 -2.312
2 0.47352254428341384 2.0393733333333333 -0.6704428341384864 -2.53992
2 0.21506038647342995 1.00488 -0.1357890499194847 -0.572
2 0.360414653784219 1.4703866666666665 -0.4305555555555556 -1.51848
3 0.23149355877616745 1.0116533333333333 -0.20636876006441224 -0.7158933333333334
2 0.3454991948470209 1.3561333333333334 -0.4048953301127214 -1.4265066666666664
3 0.14435990338164253 0.8380666666666666 -0.05110305958132045 -0.50488
3 0.31199677938808373 1.1101333333333332 -0.35639291465378425 -1.1732799999999999
3 0.36447665056360706 1.4253466666666665 -0.48850241545893724 -1.8118666666666667
8 0.29369967793880836 1.0416533333333333 -0.3164814814814814 -1.0637333333333336
8 0.3270330112721417 1.15724 -0.402938808373591 -1.3293599999999999
