2 0.07778186274509805 0.6422432432432432 0.1555637254901961 0.5027567567567567
1 0.5282843137254902 2.0830540540540543 -0.8615522875816995 -2.4447027027027026
1 0.262937091503268 0.9487972972972973 -0.2610866013071895 -0.7974864864864863
0 0.3621977124183007 1.415 -0.4780065359477125 -1.3808108108108108
0 0.3364501633986928 1.3603243243243246 -0.4433741830065359 -1.2574594594594597
0 0.3646078431372549 1.3942567567567568 -0.48887254901960786 -1.4350540540540542
1 0.19457107843137253 0.8014189189189189 -0.12691993464052287 -0.32213513513513514
0 0.5203390522875817 1.8084324324324323 -0.8193872549019606 -2.635135135135135
0 0.5306781045751634 1.8350135135135135 -0.8336111111111112 -2.6977027027027027
0 0.5205433006535948 1.8071351351351352 -0.8124428104575162 -2.6144324324324324
1 0.5475204248366013 1.9030540540540541 -0.870874183006536 -2.804702702702703
8 0.22034722222222222 0.8451081081081081 -0.1631781045751634 -0.6190810810810812
8 0.25029411764705883 0.8907702702702704 -0.22723856209150325 -0.7896486486486487
8 0.32893790849673205 1.1638513513513513 -0.40223856209150327 -1.3082432432432431
