2 0.3026731078904992 1.1413066666666667 -0.3128663446054751 -1.0652266666666668
2 0.0703341384863124 0.8528 0.1406682769726248 0.15333333333333332
2 0.2027133655394525 0.9413733333333333 -0.11127214170692433 -0.5927199999999999
2 0.22508454106280193 0.9656 -0.1506521739130435 -0.6840533333333333
2 0.28068840579710147 1.04848 -0.2642270531400967 -0.9243733333333333
3 0.3245330112721417 1.4392 -0.4385346215780998 -1.4903466666666667
2 0.3243357487922705 1.1342933333333334 -0.35963768115942024 -1.2058666666666666
2 0.15159822866344608 0.7379066666666666 -0.0031964573268921086 -0.17725333333333332
3 0.17044685990338163 0.8113866666666666 -0.08417874396135269 -0.3974933333333333
2 0.3067954911433172 1.1157466666666667 -0.3300161030595813 -1.1021066666666666
2 0.1325684380032206 0.6112 0.028502415458937204 -0.036533333333333376
1 0.11385668276972624 0.49289333333333335 0.06766505636070853 0.2148533333333333
