2 0.07984299516908214 0.8507866666666666 0.15968599033816427 0.2930933333333334
2 0.14659822866344605 1.0230533333333331 0.008011272141706938 -0.28423999999999994
2 0.505571658615137 1.9838666666666667 -0.7773590982286634 -2.650933333333333
2 0.4521618357487923 1.7965866666666668 -0.6440338164251208 -2.3068799999999996
2 0.4252133655394525 1.66084 -0.5877375201288245 -2.088293333333333
2 0.4122624798711755 1.59924 -0.5584863123993559 -2.0147466666666665
2 0.3993075684380032 1.5435066666666668 -0.533059581320451 -1.9286666666666665
2 0.39085346215780997 1.5013866666666666 -0.5071819645732689 -1.8653333333333333
2 0.34854669887278583 1.3974 -0.4165619967793881 -1.4404533333333336
2 0.345817230273752 1.2994133333333333 -0.39868760064412245 -1.3685866666666666
2 0.24841787439613525 1.02024 -0.21181159420289855 -0.7740800000000001
3 0.2597906602254428 1.0323866666666666 -0.25429951690821256 -0.8725600000000001
2 0.3614291465378422 1.3552000000000002 -0.45604669887278587 -1.6339733333333333
4 0.3028301127214171 1.1575333333333333 -0.3784621578099839 -1.24824
8 0.29188003220611913 1.04512 -0.3045008051529791 -0.9670933333333332
