2 0.08226247987117552 0.5433333333333333 0.16452495974235104 0.53648
2 0.4656280193236714 1.8786533333333333 -0.6756682769726248 -2.4423733333333337
2 0.4181843800322061 1.6606 -0.57243961352657 -2.017306666666667
2 0.21521739130434783 0.8401333333333333 -0.1331400966183575 -0.4958399999999999
2 0.27917471819645734 1.1060666666666668 -0.28731884057971013 -1.0955466666666667
2 0.13480676328502417 0.5469466666666666 0.030660225442834147 0.06717333333333332
2 0.19644524959742352 0.7132 -0.10749597423510468 -0.3625066666666667
3 0.2926046698872786 1.7503066666666667 -0.3594122383252818 -1.579653333333333
2 0.2582769726247987 1.1335066666666667 -0.20750402576489535 -0.8423733333333333
8 0.14994766505636073 0.66732 -0.013357487922705316 -0.20120000000000005
