2 0.08181159420289855 0.91196 0.1636231884057971 0.17074666666666657
0 0.40784219001610306 1.5228933333333334 -0.5669726247987118 -1.7209333333333334
2 0.3956642512077294 1.7607066666666666 -0.49632045088566834 -1.84712
2 0.37513285024154586 1.510133333333333 -0.45491948470209337 -1.6214400000000002
2 0.2348148148148148 1.0370933333333332 -0.1762157809983897 -0.6853866666666666
2 0.2632769726247987 1.0415866666666667 -0.2318518518518519 -0.8169866666666666
2 0.3595169082125604 1.3688666666666667 -0.4297745571658615 -1.48536
2 0.2773027375201288 1.0538933333333333 -0.2680998389694042 -0.9109866666666666
2 0.29840579710144927 1.1032 -0.3098550724637681 -1.0722666666666667
2 0.35706119162640904 1.29848 -0.42597423510466986 -1.4191999999999998
2 0.33462962962962967 1.2112133333333333 -0.38428341384863124 -1.3437599999999998
8 0.20073268921095008 0.8027466666666667 -0.10763285024154588 -0.5100266666666667
8 0.3678542673107891 1.3864933333333331 -0.4672866344605474 -1.7504266666666666
