2 0.07610708534621578 0.7625066666666667 0.15221417069243157 0.4696533333333333
2 0.44986312399355877 2.1533333333333333 -0.5769565217391304 -2.312
2 0.1824355877616747 1.0027733333333333 -0.06036231884057971 -0.40826666666666656
2 0.3595571658615137 1.5599466666666666 -0.4266827697262479 -1.5386133333333334
2 0.33389291465378423 1.2718800000000001 -0.38392109500805155 -1.3126133333333334
0 0.2441747181964573 0.9264933333333333 -0.19614331723027373 -0.55208
2 0.22619162640901772 0.9495600000000001 -0.1743800322061192 -0.7238666666666667
7 0.31202495974235106 1.2286266666666668 -0.40367954911433174 -1.3006133333333334
2 0.2890700483091787 1.0089866666666667 -0.2922785829307568 -0.9767999999999999
8 0.11200080515297905 0.7392266666666666 0.2240016103059581 0.51088
8 0.29630434782608694 1.0476933333333334 -0.3196135265700483 -1.062
8 0.3176610305958132 1.12188 -0.35710950080515297 -1.1517066666666667
