2 0.4597140522875818 1.8376621621621625 -0.6912254901960785 -2.617702702702703
2 0.27762254901960787 1.0219189189189188 -0.2717320261437909 -0.9287567567567567
1 0.3411274509803922 1.216783783783784 -0.41490196078431374 -1.3771891891891892
1 0.317937091503268 1.136891891891892 -0.36441993464052286 -1.2056216216216218
1 0.22076388888888893 0.8224729729729731 -0.15170751633986929 -0.4800270270270271
0 0.2524795751633987 0.9048513513513513 -0.22115196078431373 -0.6806216216216217
8 0.26565767973856214 0.9622837837837839 -0.25796568627450983 -0.7982432432432434
8 0.21435866013071897 0.7710270270270272 -0.13453431372549018 -0.38821621621621627
8 0.29456290849673206 1.0329054054054054 -0.3178676470588236 -1.0119189189189188
8 0.40263480392156864 1.557554054054054 -0.555890522875817 -2.1404594594594597
8 0.5343954248366013 1.898418918918919 -0.8423202614379085 -2.8084054054054057
8 0.36747957516339874 1.2672297297297297 -0.4730800653594772 -1.5253783783783788
