2 0.565841384863124 2.0901466666666666 -0.8522302737520129 -2.4383733333333333
2 0.17275764895330112 1.0249066666666666 -0.04409822866344604 -0.3588799999999999
2 0.3773148148148148 1.6778799999999998 -0.46208534621578107 -1.7023733333333333
3 0.2069404186795491 1.0098266666666667 -0.17288244766505637 -0.6287733333333332
2 0.354975845410628 1.4637066666666665 -0.4211272141706924 -1.52544
2 0.3538083735909823 1.32716 -0.4233816425120773 -1.429093333333333
3 0.11639291465378422 0.8098533333333333 -0.0023188405797101414 -0.40664
2 0.35458534621578097 1.34796 -0.44690016103059577 -1.5493066666666666
3 0.31298711755233494 1.1215333333333333 -0.3608373590982286 -1.1895200000000001
3 0.37043478260869567 1.4688533333333331 -0.5056360708534622 -1.8911999999999998
8 0.26661433172302734 1.0554533333333334 -0.27272946859903385 -1.0395466666666668
8 0.3270330112721417 1.1762 -0.41023349436392914 -1.3603999999999998
