2 0.27420692431561994 1.4839333333333333 -0.28582125603864733 -0.9774666666666667
2 0.2264975845410628 0.8301866666666666 -0.15504025764895327 -0.5668266666666667
2 0.21027375201288243 0.7763866666666666 -0.11790660225442834 -0.4417866666666667
2 0.2439170692431562 0.8862 -0.19593397745571658 -0.6985333333333335
2 0.4517149758454106 1.7386266666666665 -0.6224154589371981 -2.3114933333333334
2 0.4798953301127214 1.96628 -0.6818196457326893 -2.6693066666666665
2 0.26881239935587764 1.1473866666666668 -0.24572463768115937 -1.0290133333333333
2 0.4456561996779388 1.6634 -0.613792270531401 -2.2172
2 0.08161433172302737 0.4610933333333334 0.16322866344605474 0.4570133333333334
8 0.14604669887278582 0.5569466666666667 0.013204508856682774 -0.0045600000000000215
