2 0.3134420289855072 1.1915200000000001 -0.33329307568438005 -1.1347200000000002
2 0.07198067632850241 0.7134533333333334 0.14396135265700483 0.5677599999999999
2 0.08826489533011272 0.9739333333333333 0.11754428341384864 -0.05901333333333332
2 0.21073671497584542 1.0120799999999999 -0.133341384863124 -0.6332799999999998
2 0.22219806763285027 0.9836533333333333 -0.16225442834138487 -0.6984533333333331
2 0.25824074074074077 1.0329066666666666 -0.23298711755233495 -0.9256533333333333
3 0.2844766505636071 1.0522399999999998 -0.3101932367149759 -1.10096
2 0.4001046698872786 1.8175466666666666 -0.4908856682769726 -1.924266666666667
2 0.3642834138486312 1.4708933333333334 -0.4518679549114331 -1.5997599999999998
0 0.35805958132045085 1.3090799999999998 -0.4282769726247987 -1.33208
2 0.35093397745571653 1.28028 -0.4129629629629629 -1.4114399999999998
2 0.34415056360708535 1.2557599999999998 -0.41174718196457327 -1.3918933333333334
2 0.3139734299516908 1.1355066666666667 -0.347512077294686 -1.160826666666667
2 0.07089371980676329 0.5416799999999999 0.12363929146537843 0.10981333333333335
3 0.39006441223832533 1.48668 -0.5211433172302737 -1.8964533333333335
8 0.25750402576489534 0.92436 -0.27012882447665054 -0.9119200000000001
8 0.3246900161030596 1.12876 -0.3899114331723027 -1.3069066666666667
