2 0.30782206119162636 1.1845733333333335 -0.3288969404186795 -1.1233866666666665
3 0.36198067632850245 1.8438266666666665 -0.5239935587761674 -1.883493333333333
3 0.07958534621578099 0.6134133333333334 0.08983091787439614 0.03861333333333338
2 0.1553099838969404 0.9419333333333334 -0.04366344605475039 -0.38066666666666665
2 0.18976247987117553 0.9652666666666667 -0.09100644122383253 -0.5614133333333334
2 0.2115901771336554 0.9939866666666667 -0.137914653784219 -0.7092
2 0.24832930756843802 1.01144 -0.21609500805152979 -0.848
2 0.2695169082125604 1.0202666666666667 -0.26542673107890496 -0.98864
2 0.35656602254428343 1.3678266666666665 -0.42609500805152983 -1.49592
2 0.34527375201288246 1.2901066666666667 -0.41325281803542674 -1.40912
0 0.33828502415458933 1.2044133333333331 -0.40272141706924314 -1.2857866666666666
2 0.3084259259259259 1.1226666666666667 -0.33815619967793875 -1.1292266666666668
2 0.15377214170692433 0.6853466666666667 -0.0404428341384863 -0.28424
8 0.052886473429951696 0.5236 0.10577294685990339 0.9421333333333334
8 0.2879710144927536 1.11324 -0.32689210950080516 -1.2862133333333332
