2 0.30254230459307013 1.179215425531915 -0.3255842062852538 -1.091462765957447
2 0.07728847703464947 0.5682978723404255 0.15457695406929894 0.558936170212766
2 0.1279129734085415 0.753125 0.044270749395648665 -0.07981382978723402
2 0.18562852538275584 0.9979521276595745 -0.08566478646253019 -0.44223404255319154
2 0.19858581788879934 0.8336170212765958 -0.10166800966962124 -0.44749999999999995
2 0.24650684931506844 0.9788563829787235 -0.20613215149073327 -0.7366489361702128
2 0.26734488315874294 0.978909574468085 -0.2433279613215149 -0.8369680851063828
2 0.27823126510878327 0.9978723404255319 -0.26643835616438355 -0.9052659574468085
7 0.26808219178082193 1.011622340425532 -0.29653505237711525 -0.9690425531914892
2 0.1857856567284448 0.7683244680851063 -0.07471394037066884 -0.35930851063829783
