2 0.5295893719806763 2.015546666666667 -0.8229468599033816 -2.587573333333333
2 0.4822101449275363 1.9986666666666666 -0.7173993558776168 -2.6213333333333333
2 0.45123188405797104 1.8467600000000002 -0.6387117552334944 -2.40984
2 0.43163848631239937 1.7044799999999998 -0.5937278582930756 -2.179413333333333
2 0.41304347826086957 2.1533333333333333 -0.5372785829307568 -2.312
2 0.3800684380032206 1.6351466666666665 -0.4599597423510467 -1.6900266666666666
2 0.17048711755233495 1.0731866666666665 -0.0459339774557166 -0.3954399999999999
3 0.21887278582930755 1.0620533333333333 -0.1830756843800322 -0.7032533333333333
2 0.41655797101449277 1.6117599999999999 -0.5631481481481482 -2.04736
2 0.38330917874396137 1.5088666666666668 -0.5104347826086956 -1.8853066666666667
3 0.376280193236715 1.5233466666666666 -0.5010466988727857 -1.9324533333333334
2 0.26152576489533014 1.0566799999999998 -0.2367552334943639 -0.8248266666666665
2 0.27410628019323674 1.0614133333333333 -0.2613043478260869 -0.9181866666666668
4 0.3058735909822866 1.2106133333333333 -0.3978985507246377 -1.3064533333333335
8 0.07996779388083736 0.6192666666666666 0.1599355877616747 0.019120000000000043
