2 0.062165861513687595 0.7690133333333333 0.12433172302737519 0.45664
2 0.0844243156199678 0.8606266666666667 0.11066827697262481 -0.16999999999999998
2 0.41440418679549107 1.6144399999999999 -0.5840740740740741 -2.0690399999999998
2 0.4501650563607085 1.6873466666666666 -0.6318760064412238 -2.2423200000000003
2 0.1602294685990338 0.9034133333333332 -0.028961352657004828 -0.46592
2 0.18471819645732687 0.8951999999999999 -0.08188405797101449 -0.5152533333333333
2 0.18902173913043477 0.9394133333333332 -0.1069001610305958 -0.6459733333333333
2 0.22594202898550725 0.9654533333333334 -0.18099838969404186 -0.7830133333333333
2 0.3300805152979066 1.22916 -0.3914009661835749 -1.4241333333333335
8 0.2736473429951691 1.0175066666666666 -0.283671497584541 -1.0016266666666667
8 0.39005233494363933 1.3616266666666668 -0.5237761674718197 -1.752
8 0.4905676328502415 1.716106666666667 -0.7206360708534622 -2.429866666666667
8 0.31333735909822863 1.0851066666666667 -0.36329307568438 -1.1809866666666666
