2 0.3098913043478261 1.1605466666666666 -0.324500805152979 -1.1010933333333333
2 0.08745571658615137 0.8818800000000001 0.12281803542673107 0.18119999999999997
2 0.1513647342995169 0.9461199999999999 -0.012552334943639294 -0.3054133333333334
2 0.21499999999999997 0.9859866666666667 -0.13901771336553947 -0.6852533333333334
2 0.23195652173913042 0.9912666666666667 -0.17690821256038647 -0.7447199999999999
2 0.24966586151368758 0.9965200000000001 -0.21005636070853462 -0.8340533333333334
3 0.24766103059581324 1.0289733333333333 -0.24280998389694042 -0.9306933333333333
2 0.4253301127214171 2.1533333333333333 -0.5926731078904991 -2.312
0 0.3669565217391304 1.3332133333333331 -0.44492753623188397 -1.37832
2 0.42797504025764893 1.7778799999999997 -0.5728099838969404 -2.2205066666666666
2 0.3105233494363929 1.11632 -0.332157809983897 -1.1081599999999998
2 0.07399355877616748 0.6491333333333333 0.14798711755233496 0.23928000000000005
3 0.48561996779388084 1.99412 -0.7360708534621578 -2.6304266666666667
2 0.14679549114331722 0.6763333333333333 -0.01624798711755234 -0.1987466666666666
4 0.22236714975845412 0.8669733333333334 -0.18974235104669887 -0.6698399999999999
8 0.41245169082125605 1.4392666666666667 -0.5487681159420289 -1.84856
