2 0.07981481481481481 0.9019066666666667 0.15962962962962962 0.19085333333333332
2 0.5500805152979067 2.1533333333333333 -0.7536876006441224 -2.312
2 0.17277777777777778 0.9496933333333333 -0.038293075684380035 -0.3434399999999999
2 0.41324074074074074 2.0623866666666664 -0.5235507246376812 -2.1301066666666664
2 0.21878421900161032 0.9710666666666665 -0.1354428341384863 -0.5916799999999999
2 0.37139694041867954 1.5863333333333334 -0.45411433172302734 -1.6737866666666668
2 0.27208937198067634 1.0066133333333334 -0.25435587761674716 -0.87792
2 0.36031400966183574 1.4134133333333332 -0.4325281803542673 -1.5084266666666668
2 0.35448067632850244 1.33064 -0.4235990338164251 -1.4449066666666663
2 0.34836553945249593 1.28276 -0.4110305958132045 -1.4046666666666667
8 0.29266103059581317 1.1028933333333335 -0.3060628019323671 -1.1999733333333333
8 0.33302334943639295 1.1710266666666667 -0.39200483091787436 -1.3121333333333332
8 0.2903140096618358 1.01492 -0.29409017713365543 -0.9309066666666665
