2 0.36317082997582595 1.4907047872340424 -0.4245205479452055 -1.494920212765957
2 0.11810233682514101 0.7442819148936171 0.05286865431103948 -0.06430851063829789
2 0.18153908138597905 1.0010638297872338 -0.06277195809830782 -0.4056914893617022
2 0.25170427074939566 0.9983377659574468 -0.21623690572119258 -0.7601329787234041
2 0.3382514101531023 1.2595212765957446 -0.3873489121676068 -1.3182978723404253
2 0.2675060435132957 1.0032446808510638 -0.24410153102336823 -0.8459042553191489
2 0.23024174053182916 0.8820478723404255 -0.16686543110394841 -0.6121276595744681
2 0.24978646253021758 0.9103457446808509 -0.20954875100725218 -0.7269148936170212
2 0.2858178887993554 1.0043218085106382 -0.28020950846091863 -0.9434840425531915
2 0.30755842062852534 1.0829787234042552 -0.3293795326349717 -1.091436170212766
2 0.3285374697824335 1.1497074468085104 -0.3679854955680902 -1.2272340425531914
2 0.32197018533440774 1.113962765957447 -0.3572199838839646 -1.1820212765957447
8 0.2903142626913779 1.0621143617021276 -0.31908138597904917 -1.07375
