2 0.3980233494363929 2.1533333333333333 -0.5121819645732689 -2.312
2 0.08092592592592593 0.8967466666666666 0.16185185185185186 0.20117333333333332
2 0.1635185185185185 0.95864 -0.0510144927536232 -0.3325333333333333
2 0.35336151368760066 1.4595333333333333 -0.42894524959742353 -1.5175733333333334
2 0.2221417069243156 0.98332 -0.16241545893719805 -0.6095733333333334
2 0.3424597423510467 1.3313599999999999 -0.40723832528180354 -1.4322666666666664
3 0.31646537842190015 1.2639333333333334 -0.414975845410628 -1.3702666666666663
2 0.3211795491143317 1.13004 -0.36424315619967795 -1.22136
2 0.2780394524959743 0.98552 -0.2713285024154589 -0.9238399999999998
2 0.3123107890499195 1.1084933333333333 -0.3503703703703704 -1.1890399999999999
2 0.30435587761674715 1.0634533333333334 -0.3284219001610306 -1.1121333333333334
8 0.26739935587761676 0.9329866666666666 -0.2555394524959742 -0.8498133333333332
8 0.28797101449275364 1.0140533333333333 -0.3060708534621578 -1.0154133333333333
8 0.46244363929146537 1.80236 -0.8279307568438002 -2.6437599999999994
