1 0.10822463768115943 0.91996 0.03822061191626409 0.1547466666666666
1 0.2010587761674718 1.0035866666666666 -0.15667471819645734 -0.28130666666666654
0 0.284951690821256 1.0402266666666666 -0.286634460547504 -0.8617866666666665
0 0.2746054750402577 1.0120666666666667 -0.27159420289855074 -0.8071200000000001
0 0.32085346215780997 1.1377733333333333 -0.37177133655394523 -1.1612
0 0.32948470209339775 1.1652266666666666 -0.38561996779388086 -1.2013333333333334
8 0.40333735909822865 1.4936133333333332 -0.5420048309178743 -1.7019466666666667
8 0.2556803542673108 0.9347066666666666 -0.24252012882447668 -0.7359733333333334
8 0.33745169082125603 1.2564266666666666 -0.40293880837359103 -1.4173333333333333
8 0.3067230273752013 1.0804666666666667 -0.3341867954911434 -1.1240800000000002
