2 0.3070088566827697 1.2232533333333333 -0.3316666666666666 -1.1101866666666667
3 0.37198470209339773 1.7863866666666666 -0.525354267310789 -1.9640800000000003
2 0.3548389694041868 1.4648133333333335 -0.43536231884057974 -1.65768
2 0.3390016103059581 1.2725466666666665 -0.4023671497584541 -1.4543733333333333
2 0.33449677938808375 1.2113066666666668 -0.388268921095008 -1.3611733333333333
2 0.07914251207729468 0.6532266666666666 0.12628824476650563 0.09151999999999998
3 0.030471014492753624 0.8714266666666666 0.06094202898550725 0.06904000000000012
2 0.15738325281803542 0.7504133333333333 -0.023381642512077312 -0.23144000000000003
2 0.2023148148148148 0.81804 -0.10282608695652175 -0.4430133333333333
2 0.24510064412238322 0.90504 -0.1997181964573269 -0.7188266666666666
2 0.25353864734299514 0.9185733333333334 -0.2254669887278583 -0.7651466666666666
2 0.266292270531401 0.9501333333333332 -0.2512962962962963 -0.8686933333333333
2 0.28347826086956524 0.9995866666666667 -0.28159420289855075 -0.9785333333333335
2 0.5176932367149758 1.94956 -0.7429710144927535 -2.7195466666666666
2 0.12669484702093398 0.5995199999999999 0.037640901771336555 0.007893333333333355
8 0.2035950080515298 0.7906666666666666 -0.12377616747181966 -0.5721066666666667
8 0.23250402576489532 0.8294933333333333 -0.18262479871175522 -0.6255466666666667
