2 0.07793478260869566 0.7497600000000001 0.15586956521739131 0.43498666666666674
2 0.07253623188405797 0.8067866666666665 0.14507246376811594 0.06519999999999997
2 0.3596779388083736 1.5819733333333332 -0.42449275362318845 -1.5912000000000002
2 0.1655877616747182 0.9473199999999999 -0.031642512077294696 -0.50392
2 0.34497987117552337 1.31188 -0.4003462157809984 -1.40296
2 0.18226650563607086 0.91432 -0.07559581320450885 -0.5176533333333333
2 0.19691626409017712 0.9128933333333332 -0.12085346215780998 -0.5816799999999999
2 0.33039855072463764 1.1877866666666665 -0.38638486312399356 -1.29408
2 0.25171900161030597 0.9793333333333333 -0.2203462157809984 -0.8544533333333335
8 0.2798993558776167 1.13308 -0.29720611916264095 -1.1809866666666666
