2 0.3154951690821256 1.2386 -0.3367552334943639 -1.1247733333333332
2 0.3714653784219002 1.5448133333333334 -0.46117552334943634 -1.73688
2 0.3537238325281804 1.3465866666666666 -0.41670692431561995 -1.49536
2 0.3434500805152979 1.2825199999999999 -0.3929710144927537 -1.41976
2 0.0837842190016103 0.48124 0.1675684380032206 0.6195466666666666
2 0.2220209339774557 0.9220666666666666 -0.14083735909822864 -0.5616266666666666
2 0.27629227053140093 1.0093733333333332 -0.2572061191626409 -0.8823733333333335
2 0.29716586151368757 1.0510666666666666 -0.3018196457326892 -1.0207466666666665
2 0.19421497584541061 0.8288266666666666 -0.07958937198067632 -0.39498666666666665
2 0.21646537842190017 0.8579600000000001 -0.13916264090177133 -0.5162399999999999
2 0.2469645732689211 0.9199866666666666 -0.19719806763285022 -0.7092
2 0.2753985507246377 0.9957466666666666 -0.25179549114331723 -0.8965066666666667
2 0.1339009661835749 0.6398133333333333 0.03517713365539452 -0.03280000000000003
2 0.13241545893719806 0.6179066666666666 0.03495974235104669 -0.06967999999999999
8 0.08439613526570047 0.47092 0.16879227053140095 0.6401333333333333
