2 0.31222624798711757 1.10008 -0.34330917874396133 -1.14032
2 0.35841384863123993 1.5438533333333335 -0.43170692431562 -1.5694666666666666
2 0.336622383252818 1.2415066666666668 -0.39181159420289857 -1.3233333333333335
2 0.34798309178743964 1.3777466666666665 -0.41606280193236717 -1.4289333333333334
2 0.1930354267310789 0.8216933333333333 -0.08616747181964572 -0.45735999999999993
2 0.1405233494363929 0.6670933333333334 0.022270531400966204 -0.1290133333333334
2 0.09041867954911434 0.48157333333333324 0.13033816425120773 0.2630933333333333
2 0.3317391304347826 1.17204 -0.3757326892109501 -1.2586933333333332
0 0.4968961352657005 2.1011733333333336 -0.7977375201288245 -2.2076800000000003
8 0.2629710144927536 1.01492 -0.2456521739130435 -0.92744
