2 0.5279186795491143 2.1533333333333333 -0.7743397745571658 -2.312
2 0.08331723027375201 0.8298 0.16663446054750403 0.3350666666666667
2 0.3897544283413849 2.0455466666666666 -0.49797906602254427 -2.112266666666667
2 0.22400161030595817 0.9322266666666668 -0.1607890499194847 -0.6140533333333335
2 0.35041465378421904 1.41672 -0.4253220611916264 -1.5056
2 0.34221819645732693 1.3146666666666667 -0.411682769726248 -1.4236800000000003
2 0.2451610305958132 0.9432400000000001 -0.20455716586151368 -0.7167199999999999
0 0.3557125603864734 1.2635066666666666 -0.46232689210950084 -1.4429066666666668
0 0.3627012882447665 1.2841066666666665 -0.47569243156199675 -1.4820799999999998
8 0.11375201288244767 0.7397866666666665 0.045491143317230275 -0.3771733333333333
8 0.3983856682769726 1.3866533333333333 -0.5466908212560386 -1.8744800000000001
