2 0.5230964052287582 1.972054054054054 -0.7439869281045751 -2.666702702702703
2 0.49671568627450985 1.8784054054054056 -0.6930555555555556 -2.499513513513514
2 0.4634640522875817 1.7609189189189192 -0.6297549019607843 -2.254702702702703
2 0.31659313725490196 1.1344864864864865 -0.3513562091503268 -1.172756756756757
0 0.5151184640522876 2.0787162162162165 -0.7793055555555557 -2.273756756756757
0 0.530232843137255 2.0533513513513513 -0.786184640522876 -2.3009189189189194
0 0.34978349673202613 1.438581081081081 -0.4459722222222223 -1.270945945945946
0 0.17096813725490198 0.697027027027027 -0.08683823529411766 -0.1432972972972974
0 0.194203431372549 0.7810000000000001 -0.13353758169934643 -0.32502702702702707
0 0.20294934640522877 0.7994594594594595 -0.1460130718954248 -0.3277837837837838
0 0.21211601307189543 0.8841621621621621 -0.16651960784313727 -0.38956756756756755
0 0.23413807189542488 0.9437432432432433 -0.20468137254901964 -0.5513783783783783
0 0.1615400326797386 0.7018783783783784 -0.06963235294117646 -0.0863513513513514
0 0.18093137254901961 0.7611351351351352 -0.10452614379084968 -0.2062162162162162
0 0.19810866013071896 0.7993648648648649 -0.12721405228758167 -0.2932162162162162
0 0.17854983660130722 0.7543783783783784 -0.09755718954248366 -0.23183783783783785
8 0.13570669934640525 0.5780405405405405 -0.009534313725490186 -0.09186486486486489
8 0.2794607843137255 1.0372162162162162 -0.2918300653594771 -1.0343243243243245
8 0.272687908496732 0.9415810810810811 -0.2709967320261438 -0.918891891891892
8 0.585171568627451 2.1243513513513514 -0.7772058823529413 -2.35054054054054
