2 0.442524154589372 2.1533333333333333 -0.6903784219001611 -2.312
3 0.2686231884057971 1.0586266666666666 -0.2748631239935588 -0.8948533333333333
3 0.38549516908212555 1.781573333333333 -0.5743075684380032 -2.3531199999999997
2 0.18243961352657004 0.8030133333333332 -0.06668276972624798 -0.33952000000000004
2 0.1293156199677939 0.6827733333333333 0.010708534621578086 -0.09472000000000003
2 0.24041867954911436 0.9088533333333333 -0.20468599033816423 -0.7071466666666668
2 0.3427294685990338 1.3099466666666666 -0.409951690821256 -1.45728
2 0.28976247987117554 1.0478399999999999 -0.31401771336553946 -1.0512533333333332
3 0.29884057971014494 1.0919999999999999 -0.35718196457326895 -1.1747733333333332
2 0.36290660225442833 1.38628 -0.4593236714975846 -1.6261066666666666
3 0.5046859903381642 1.9227066666666666 -0.8036070853462157 -2.7732533333333333
4 0.27466586151368766 1.0350533333333334 -0.3302012882447665 -1.0443466666666665
7 0.08778985507246377 0.6019333333333333 0.15115136876006444 0.10141333333333333
2 0.076243961352657 0.4694666666666667 0.152487922705314 0.3680533333333333
