2 0.31299114331723027 1.0987866666666666 -0.3378019323671497 -1.1218933333333332
2 0.4386996779388084 2.1533333333333333 -0.574951690821256 -2.312
2 0.2866304347826087 1.0438266666666667 -0.27976650563607086 -0.9460533333333334
2 0.3631561996779388 1.50392 -0.43199677938808373 -1.5303466666666665
2 0.3452455716586151 1.3716266666666665 -0.4069806763285024 -1.4060799999999998
2 0.3407004830917874 1.2947866666666668 -0.40180354267310786 -1.3414666666666668
2 0.33442834138486316 1.2204266666666665 -0.38078904991948476 -1.2892266666666665
2 0.3280475040257649 1.1547999999999998 -0.37134460547504017 -1.2373866666666666
2 0.23815619967793883 0.89816 -0.18169082125603864 -0.7014933333333332
2 0.2053220611916264 0.8007866666666666 -0.11542673107890498 -0.49965333333333334
0 0.3692512077294686 1.3299466666666666 -0.4782286634460548 -1.4712533333333333
