2 0.30826892109500803 1.15712 -0.32697262479871175 -1.1119999999999999
2 0.048760064412238326 0.6744 0.09752012882447665 0.6458666666666666
2 0.1639855072463768 0.94016 -0.033703703703703694 -0.3691199999999999
2 0.19371175523349438 0.9900399999999999 -0.12231884057971015 -0.59656
2 0.23349033816425122 1.0063066666666667 -0.1749194847020934 -0.7778400000000001
2 0.23946054750402573 0.99996 -0.19217391304347828 -0.8102133333333332
2 0.25743558776167474 0.9988266666666666 -0.22677133655394524 -0.8737599999999999
2 0.26599436392914655 1.0096 -0.24970209339774557 -0.93216
3 0.3352697262479871 1.4293466666666665 -0.4422141706924316 -1.5233333333333332
2 0.3357367149758454 1.1876799999999998 -0.3848389694041868 -1.2926933333333332
2 0.30731884057971015 1.1081999999999999 -0.33289855072463764 -1.1135733333333333
2 0.07518115942028986 0.6522133333333333 0.1503623188405797 0.2312533333333333
2 0.09447262479871175 0.59396 0.09973429951690821 0.05672000000000003
3 0.17053140096618358 0.8077066666666666 -0.09489533011272143 -0.40144
2 0.1484500805152979 0.6708933333333333 -0.018687600644122365 -0.18018666666666663
8 0.05522946859903381 0.6452133333333333 0.11045893719806762 0.6989066666666667
8 0.29734702093397747 1.0347600000000001 -0.3123107890499195 -1.0257333333333332
