2 0.3086231884057971 1.0941466666666666 -0.33228663446054746 -1.10136
2 0.21467391304347827 1.0770533333333332 -0.14229468599033818 -0.57336
2 0.10545491143317232 0.6397733333333333 0.10282608695652175 0.13016
1 0.3395692431561997 1.3077999999999999 -0.4183977455716587 -1.3686133333333332
0 0.3468840579710145 1.2511199999999998 -0.4162962962962963 -1.2640533333333333
0 0.33819243156199674 1.2102666666666666 -0.39752818035426735 -1.22256
0 0.22647745571658612 0.8474666666666667 -0.17033011272141707 -0.43136
8 0.1785990338164251 0.7027066666666666 -0.06127214170692431 -0.21671999999999994
8 0.16531803542673107 0.6104133333333334 -0.03783413848631238 -0.15981333333333334
8 0.28119967793880835 0.9838666666666668 -0.2768921095008052 -0.9481066666666667
