1 0.11582516339869282 0.4638918918918919 0.03983660130718955 0.1748648648648649
0 0.2222058823529412 0.9633648648648651 -0.1823856209150327 -0.3954324324324325
0 0.19428921568627452 0.9103378378378381 -0.1475 -0.2626756756756757
0 0.26191584967320264 1.141445945945946 -0.2699754901960784 -0.6241891891891891
1 0.5319158496732027 2.0010000000000003 -0.7964624183006537 -2.5588108108108107
0 0.3993300653594771 1.3937972972972974 -0.535375816993464 -1.694027027027027
0 0.40732843137254904 1.4153378378378378 -0.5449183006535947 -1.7444594594594596
1 0.49791666666666673 1.7785135135135135 -0.7286928104575164 -2.4332972972972975
8 0.1773733660130719 0.640918918918919 -0.08036764705882356 -0.23140540540540536
8 0.06859477124183007 0.34397297297297297 0.13718954248366014 0.3831891891891892
8 0.4721691176470589 1.6712702702702704 -0.6709885620915034 -2.2231351351351356
