2 0.11223027375201287 0.77304 0.07972624798711755 -0.11861333333333338
2 0.14432367149758454 0.8250133333333333 0.004814814814814829 -0.3210133333333333
2 0.20965780998389694 0.9166933333333332 -0.14073268921095008 -0.6479466666666667
2 0.25799919484702094 0.9660266666666666 -0.22942834138486315 -0.8552533333333334
1 0.38551932367149755 1.35228 -0.49797906602254427 -1.6041866666666664
1 0.3791908212560387 1.3206933333333333 -0.48089371980676326 -1.5537066666666668
8 0.29656602254428344 1.0278533333333333 -0.31804347826086954 -1.0878666666666665
8 0.3119283413848631 1.09168 -0.34564412238325276 -1.1637333333333333
8 0.5317028985507246 1.8281866666666668 -0.8122785829307567 -2.7472
8 0.40906199677938804 1.6048533333333335 -0.5617954911433173 -2.2453333333333334
