2 0.31093800322061194 1.14 -0.3352576489533011 -1.1165333333333334
2 0.07841787439613526 0.5374266666666666 0.15683574879227052 0.4453066666666665
2 0.11048309178743962 0.6955066666666666 0.07507246376811595 -0.020240000000000084
2 0.3758212560386473 1.58912 -0.47502415458937197 -1.77904
2 0.3659219001610306 1.5087333333333333 -0.4513123993558776 -1.7143733333333333
2 0.35036231884057967 1.4018666666666668 -0.4130917874396135 -1.5590933333333332
2 0.34341384863123997 1.3496133333333333 -0.4057004830917874 -1.4927199999999998
2 0.34248792270531403 1.3219866666666666 -0.40252818035426735 -1.4874933333333331
2 0.3375764895330113 1.2896266666666667 -0.3953623188405797 -1.4405866666666667
2 0.2880636070853462 0.9985600000000001 -0.28575684380032207 -0.95872
2 0.3295209339774557 1.1834933333333333 -0.3745008051529791 -1.3241066666666668
3 0.32473027375201285 1.1615866666666668 -0.37231078904991943 -1.2991733333333335
2 0.27217391304347827 0.9535200000000001 -0.25697262479871175 -0.8681066666666667
8 0.259585346215781 0.9148666666666666 -0.24095813204508856 -0.7963466666666666
8 0.297085346215781 1.0235333333333332 -0.3097101449275362 -1.0378399999999999
8 0.4400563607085346 1.5660666666666665 -0.6175201288244767 -2.0227999999999997
