2 0.08211755233494364 1.00784 0.16423510466988728 -0.02101333333333332
2 0.2597383252818036 1.0622266666666667 -0.22073268921095007 -0.7670666666666666
2 0.28330917874396133 1.0592533333333332 -0.2681320450885668 -0.9050666666666666
3 0.2845571658615137 1.0575333333333332 -0.30122383252818036 -0.9842933333333334
2 0.3432367149758454 1.3858 -0.39716586151368766 -1.5349599999999999
2 0.3398631239935587 1.3304666666666667 -0.3876006441223832 -1.4818399999999998
2 0.3289814814814815 1.2434 -0.37115136876006444 -1.3563466666666666
3 0.29836956521739133 1.06124 -0.3162238325281804 -1.04824
3 0.19616747181964572 1.09304 -0.1336070853462158 -0.5325333333333333
1 0.48211755233494363 1.8951733333333332 -0.7089049919484702 -2.35664
8 0.32130434782608697 1.1184266666666667 -0.35919484702093396 -1.1654933333333335
