2 0.40021336553945247 1.8701866666666667 -0.48161835748792264 -1.8990400000000003
2 0.3756924315619967 1.52904 -0.4463768115942029 -1.5821866666666664
2 0.2598671497584541 1.0272133333333333 -0.2132286634460548 -0.7658933333333331
2 0.49745169082125607 1.9995199999999997 -0.7096376811594203 -2.6196266666666665
2 0.27273349436392913 1.03932 -0.24356682769726248 -0.8510666666666669
2 0.35215780998389695 1.2518399999999998 -0.414219001610306 -1.37568
2 0.286280193236715 1.05084 -0.2619162640901772 -0.9030133333333333
2 0.2918760064412238 1.0599733333333332 -0.278244766505636 -0.9535466666666665
2 0.15598228663446057 0.7341199999999999 -0.0060225442834138405 -0.24557333333333325
8 0.209585346215781 0.81568 -0.12012077294685988 -0.52896
8 0.3132286634460547 1.17188 -0.3367954911433172 -1.25864
