0 0.32069870759289176 1.2977673796791442 -0.38099353796445884 -1.031149732620321
0 0.3426898222940226 1.3820320855614971 -0.4321970920840064 -1.2062566844919786
0 0.17941841680129242 0.8604411764705882 -0.10478190630048469 -0.11676470588235283
1 0.2259046849757674 1.0181016042780748 -0.1895638126009693 -0.46946524064171113
1 0.2668376413570275 1.053663101604278 -0.264983844911147 -0.8012834224598928
1 0.26033117932148625 0.9971657754010694 -0.2535864297253635 -0.7485561497326201
0 0.3623586429725364 1.2986497326203208 -0.4622940226171244 -1.4121122994652406
2 0.2681825525040388 0.9883422459893048 -0.2671082390953151 -0.8934224598930481
8 0.11457592891760905 0.5869251336898396 0.0440145395799677 0.19053475935828873
8 0.29113893376413574 1.023114973262032 -0.31639741518578346 -1.0507754010695187
