2 0.30795088566827694 1.1500533333333331 -0.32659420289855073 -1.1085333333333334
3 0.04548711755233495 1.0142266666666668 0.03549919484702094 -0.03378666666666671
2 0.18846618357487924 0.9776666666666667 -0.08185990338164252 -0.5680266666666666
2 0.23555958132045088 1.0066933333333332 -0.19894524959742352 -0.8260799999999999
2 0.2654468599033816 1.0180933333333333 -0.2581078904991949 -0.9488800000000001
3 0.323756038647343 1.1913333333333334 -0.39263285024154587 -1.307146666666667
2 0.3084339774557166 1.1079066666666668 -0.33359903381642514 -1.1127733333333334
3 0.20227858293075685 1.0111466666666666 -0.14605475040257648 -0.72832
2 0.06972624798711755 0.6155466666666666 0.1394524959742351 0.33152000000000004
4 0.1355072463768116 0.7263866666666666 -0.062367149758454116 -0.35789333333333334
8 0.5140096618357488 1.93928 -0.742512077294686 -2.73472
8 0.4890136876006441 1.7609733333333333 -0.7144041867954911 -2.360933333333333
