2 0.08844202898550725 0.77864 0.16169887278582928 0.2717866666666666
2 0.28908212560386476 1.0946933333333333 -0.27380032206119165 -0.9539733333333333
2 0.35622383252818035 1.3970133333333332 -0.44256038647342993 -1.6390933333333335
2 0.2840257648953301 1.0506266666666666 -0.26753623188405795 -0.9087733333333332
2 0.21727858293075686 0.81968 -0.12713365539452495 -0.4538133333333334
2 0.3355233494363929 1.29208 -0.38476650563607084 -1.4548266666666665
2 0.27569243156199674 0.9727733333333334 -0.25808373590982286 -0.8548800000000001
3 0.38692028985507243 2.1533333333333333 -0.6082689210950081 -2.312
2 0.33238325281803544 1.49292 -0.34948470209339777 -1.3627466666666668
8 0.23171900161030598 0.9329733333333333 -0.16960547504025766 -0.7186933333333333
8 0.13771336553945251 0.5578 0.0371658615136876 -0.013200000000000045
