2 0.30840982286634455 1.1431866666666666 -0.3351610305958132 -1.1168266666666669
2 0.5318518518518519 2.1533333333333333 -0.7800161030595814 -2.312
2 0.42347826086956525 2.0309733333333333 -0.5589694041867955 -2.1917066666666662
2 0.25181159420289856 0.9371999999999999 -0.2083735909822866 -0.7405333333333334
2 0.08462962962962962 0.5813999999999999 0.16925925925925925 0.78536
2 0.35394927536231885 1.4519333333333333 -0.4333091787439614 -1.6540533333333332
2 0.34024154589371985 1.3268266666666666 -0.3995813204508857 -1.4928533333333334
3 0.32688808373590983 1.2331733333333332 -0.38585346215781 -1.3871999999999998
2 0.23669887278582932 0.8810666666666666 -0.18830917874396136 -0.66944
2 0.24677133655394526 0.8964266666666667 -0.21173913043478262 -0.7343999999999999
2 0.27078099838969405 0.9484666666666666 -0.2552012882447665 -0.8712266666666666
2 0.22850644122383254 0.8218133333333333 -0.17066827697262482 -0.5862400000000001
2 0.14125603864734299 0.54948 0.007938808373590994 -0.013893333333333355
8 0.09715780998389695 0.53216 0.1943156199677939 0.9109333333333334
8 0.2757326892109501 1.0166533333333334 -0.2940901771336554 -1.0206133333333334
