2 0.08798309178743961 0.61632 0.17596618357487923 0.7620266666666666
2 0.0804830917874396 0.9463333333333332 0.1609661835748792 0.04685333333333346
2 0.4553140096618358 2.1533333333333333 -0.5956199677938808 -2.312
2 0.24766505636070854 0.9703333333333333 -0.2057487922705314 -0.7358666666666668
2 0.3905998389694042 1.8552 -0.48691626409017713 -1.8898133333333331
2 0.3695531400966184 1.5132400000000001 -0.4503140096618357 -1.6007733333333332
2 0.35597826086956524 1.3803999999999998 -0.42398550724637674 -1.4835199999999997
2 0.2594524959742351 0.9908800000000001 -0.23214170692431557 -0.82064
2 0.35229066022544286 1.3115599999999998 -0.4191867954911433 -1.4317066666666667
8 0.30281400966183575 1.1891333333333332 -0.33575684380032206 -1.3379999999999999
