0 0.4297899838449112 1.767152406417112 -0.6367366720516963 -1.8104010695187165
0 0.30352988691437804 1.2342513368983956 -0.3451373182552504 -0.947807486631016
0 0.12123586429725365 0.6912433155080213 0.02560581583198707 0.3030748663101604
0 0.22757269789983847 1.009879679144385 -0.1973263327948304 -0.443235294117647
0 0.37825525040387725 1.55677807486631 -0.5334248788368336 -1.517192513368984
1 0.259640549273021 1.0649465240641711 -0.2447415185783522 -0.6541176470588235
5 0.23988691437802911 0.967379679144385 -0.1672697899838449 -0.48427807486631014
0 0.29197495961227793 1.0707754010695185 -0.3105735056542811 -0.9315508021390373
0 0.2815751211631664 1.0264973262032084 -0.292891760904685 -0.8688235294117647
8 0.18644991922455573 0.8989705882352942 -0.06743941841680128 -0.3232352941176472
8 0.3286389337641357 1.1834491978609625 -0.3830613893376414 -1.250748663101604
