2 0.02033816425120773 0.98064 0.04067632850241546 0.03338666666666662
2 0.2515901771336554 0.9981066666666666 -0.2145169082125604 -0.7365866666666666
2 0.3412962962962963 1.3143866666666666 -0.39502415458937196 -1.3463733333333334
2 0.3315740740740741 1.2501066666666667 -0.3683333333333333 -1.2570133333333333
4 0.2537520128824477 0.9957599999999999 -0.26792270531400963 -0.8613333333333333
2 0.3226247987117552 1.1537333333333333 -0.35454106280193237 -1.184853333333333
3 0.3089653784219002 1.0899733333333332 -0.3396054750402576 -1.132
2 0.3522423510466989 1.48784 -0.4130998389694041 -1.4790933333333331
8 0.28693236714975845 1.0131999999999999 -0.29148148148148145 -0.9964266666666666
8 0.302854267310789 1.0517733333333332 -0.3255475040257648 -1.1032266666666666
