2 0.3859621578099839 1.7133733333333332 -0.4768035426731079 -1.8052533333333334
2 0.29275764895330114 1.1108266666666664 -0.30443639291465374 -1.141333333333333
0 0.25911030595813206 0.9410666666666666 -0.24356682769726248 -0.7155733333333334
1 0.4165297906602255 1.5618400000000001 -0.558840579710145 -1.8986666666666665
2 0.3735668276972625 1.3736266666666666 -0.478695652173913 -1.710933333333333
2 0.4433776167471819 1.62992 -0.6231803542673108 -2.246186666666667
3 0.5314130434782609 1.9083599999999998 -0.8122624798711755 -2.801946666666667
2 0.234585346215781 0.8992533333333333 -0.18252012882447666 -0.7021866666666666
2 0.16861513687600646 0.6758666666666667 -0.044186795491143335 -0.24010666666666672
2 0.30557165861513685 1.0631333333333333 -0.3300322061191627 -1.1122933333333334
2 0.29079710144927534 1.0197866666666666 -0.29911433172302737 -1.0191466666666664
8 0.51920692431562 1.7669733333333333 -0.7747906602254429 -2.5626399999999996
8 0.3548953301127214 1.2167333333333332 -0.4367954911433172 -1.4587466666666666
8 0.07189613526570049 0.4752266666666666 0.14379227053140098 0.23472
8 0.3306803542673108 1.1287733333333334 -0.3841948470209339 -1.2897066666666666
8 0.3450040257648953 1.1719066666666667 -0.41491948470209333 -1.3897333333333333
8 0.19630434782608697 0.7285599999999999 -0.11961352657004828 -0.44101333333333326
