2 0.07034219001610305 0.9365466666666667 0.1406843800322061 0.12157333333333327
2 0.4105233494363929 2.1533333333333333 -0.5186312399355878 -2.312
2 0.20336956521739127 0.9985066666666667 -0.10604669887278584 -0.51168
2 0.3537962962962963 1.4734666666666665 -0.41508051529790657 -1.4671466666666668
2 0.3330394524959742 1.25428 -0.38000805152979067 -1.2952266666666667
0 0.2508333333333333 0.9333199999999999 -0.21008856682769728 -0.5986933333333333
2 0.2323429951690821 0.9570266666666666 -0.18318840579710144 -0.7428533333333335
7 0.31219806763285024 1.2156666666666667 -0.3988405797101449 -1.2863733333333334
2 0.2894605475040258 1.0086666666666666 -0.2936070853462158 -0.9805866666666667
8 0.29708937198067636 1.0399466666666666 -0.31804347826086954 -1.0567999999999997
8 0.31739935587761675 1.1098 -0.35763285024154584 -1.1482400000000001
