2 0.2873247381144239 1.0835505319148935 -0.2902981466559227 -0.9706648936170211
2 0.21796535052377114 0.9935771276595745 -0.14632554391619665 -0.5622606382978724
2 0.07858984689766317 0.5346409574468085 0.15717969379532634 0.6338031914893617
2 0.1561804995970991 0.7722606382978723 -0.013053988718775172 -0.21271276595744684
3 0.07833199033037871 0.5988297872340426 0.10751007252215954 0.11297872340425537
2 0.24318694601128124 0.9469946808510638 -0.18885576148267527 -0.6630319148936171
2 0.20507655116841256 0.8251861702127659 -0.11298952457695409 -0.4511170212765957
2 0.16777598710717162 0.6969414893617022 -0.03816277195809829 -0.22404255319148939
3 0.22792103142626916 0.8751063829787233 -0.1936180499597099 -0.6390957446808511
7 0.24921031426269136 0.9548404255319148 -0.2475584206285254 -0.8054787234042553
4 0.26074133763094276 0.949561170212766 -0.2730539887187752 -0.8607712765957446
8 0.0935132957292506 0.5036702127659575 0.1870265914585012 0.6447872340425532
