2 0.5290096618357488 2.1533333333333333 -0.7430917874396136 -2.312
3 0.2905112721417069 1.9896800000000001 -0.5743719806763286 -2.0654933333333334
2 0.3415942028985507 1.3932 -0.4236070853462159 -1.4407466666666666
2 0.3390982286634461 1.2989733333333333 -0.4016908212560386 -1.38056
2 0.32638486312399356 1.19624 -0.36893719806763287 -1.2562666666666666
7 0.1870772946859903 0.71164 -0.06107890499194846 -0.1655199999999999
2 0.25903784219001613 0.9553866666666666 -0.22144122383252815 -0.7581333333333333
2 0.31229468599033816 1.1458 -0.34508856682769723 -1.1807733333333335
2 0.30245974235104667 1.0784799999999999 -0.31580515297906603 -1.0776000000000001
1 0.27914653784219 0.9819733333333334 -0.27592592592592585 -0.8675199999999998
8 0.2556803542673108 0.8915866666666667 -0.22897745571658615 -0.8118666666666666
8 0.1520330112721417 0.57936 0.0043558776167471796 0.0817066666666667
8 0.28524557165861514 1.0323333333333333 -0.2936795491143317 -1.0087733333333333
