2 0.3076570048309179 1.17448 -0.3392592592592592 -1.1323733333333332
2 0.4320128824476651 2.13604 -0.5856038647342996 -2.277413333333333
2 0.3934178743961353 1.7658 -0.5117632850241545 -1.9560266666666666
2 0.3753985507246377 1.5937333333333332 -0.49197262479871173 -1.8308266666666664
3 0.3402657004830918 1.4087599999999998 -0.4327697262479871 -1.6131466666666667
2 0.3390861513687601 1.3075066666666666 -0.4050966183574879 -1.4925599999999997
2 0.3310950080515298 1.2118266666666666 -0.38956521739130434 -1.38632
2 0.17908615136876005 0.7839999999999999 -0.07907407407407406 -0.38373333333333326
3 0.24857085346215782 0.9679066666666667 -0.25390499194847016 -0.8560800000000001
2 0.2091304347826087 0.8306 -0.13439613526570046 -0.5197066666666667
2 0.23185185185185184 0.8672933333333334 -0.1744283413848631 -0.6402399999999999
2 0.25691626409017715 0.9250666666666666 -0.23280193236714974 -0.8154666666666667
2 0.18292673107890497 0.7207199999999999 -0.07960547504025765 -0.32383999999999996
8 0.2840660225442835 0.9942133333333333 -0.29409017713365543 -1.0137066666666665
