2 0.35655797101449277 1.5046133333333334 -0.4275925925925925 -1.6784
2 0.43027777777777776 2.1533333333333333 -0.5669162640901771 -2.312
2 0.07669082125603864 0.70936 0.15338164251207728 0.22826666666666665
2 0.0729549114331723 0.7690666666666666 0.14178743961352658 -0.07119999999999997
2 0.1457165861513688 0.8301066666666665 -0.005829307568437987 -0.3549333333333332
2 0.3477415458937198 1.4252933333333333 -0.40572463768115946 -1.57112
2 0.16962962962962963 0.8333466666666667 -0.060499194847020925 -0.43122666666666665
2 0.19341384863123992 0.8237466666666667 -0.11008051529790658 -0.4993866666666667
2 0.25480273752012883 0.92196 -0.22490338164251206 -0.7806133333333334
8 0.24292270531400964 0.8665733333333332 -0.2065861513687601 -0.6962933333333333
