1 0.06211755233494364 0.79652 0.12423510466988728 0.4016266666666667
1 0.16585346215781 1.0147866666666665 -0.09850241545893722 -0.0349066666666666
0 0.2828502415458937 1.0403466666666665 -0.28146537842190017 -0.8421333333333332
0 0.27280595813204506 1.01164 -0.2664009661835749 -0.7833333333333333
0 0.32304347826086954 1.14868 -0.3751046698872786 -1.1678133333333334
0 0.332121578099839 1.1771333333333334 -0.3917149758454106 -1.2161333333333335
8 0.4137520128824477 1.5376 -0.5597101449275363 -1.7623466666666665
8 0.2548953301127214 0.9321066666666666 -0.23679549114331724 -0.7204266666666665
8 0.34604669887278583 1.2676399999999999 -0.4201288244766506 -1.436293333333333
8 0.30671900161030596 1.0545866666666668 -0.33002415458937195 -1.0826666666666667
