2 0.27397745571658616 1.48296 -0.28611916264090176 -0.9783999999999997
2 0.22646940418679548 0.8302266666666668 -0.15498389694041867 -0.5668533333333333
2 0.21021336553945247 0.7763066666666667 -0.1178341384863124 -0.4417333333333333
2 0.2439412238325282 0.8863333333333333 -0.19572463768115939 -0.6978933333333334
2 0.4517673107890499 1.7389733333333333 -0.6225201288244766 -2.3121333333333336
2 0.3909339774557166 1.6220666666666665 -0.507938808373591 -2.0041333333333333
2 0.3884661835748792 1.4796266666666666 -0.4936795491143317 -1.8375466666666664
2 0.5317914653784219 1.92936 -0.7969645732689212 -2.7599466666666665
3 0.07579710144927536 0.49890666666666666 0.15159420289855072 0.3
8 0.14682367149758455 0.5491733333333333 0.01372785829307567 -0.0028266666666666726
8 0.2551610305958132 0.89332 -0.23835748792270534 -0.7911733333333332
