3 0.006417069243156199 1.08672 0.012834138486312398 -0.1787733333333334
0 0.3934983896940419 1.4577999999999998 -0.5306038647342995 -1.6260533333333331
1 0.24719001610305957 0.9879066666666667 -0.2131078904991949 -0.5911733333333333
1 0.2629066022544283 0.9851733333333333 -0.25077294685990337 -0.7384
2 0.3480716586151369 1.3851599999999997 -0.41158615136876003 -1.4166133333333333
2 0.3339130434782609 1.2891333333333332 -0.39520128824476647 -1.3312799999999998
2 0.3291022544283414 1.2370133333333333 -0.3876409017713366 -1.292
0 0.315084541062802 1.09728 -0.361280193236715 -1.1496
0 0.3161392914653784 1.1014799999999998 -0.3614895330112722 -1.1559199999999998
2 0.28398550724637683 1.0035200000000002 -0.29452495974235104 -0.9740266666666667
2 0.264549114331723 0.9728933333333333 -0.24320450885668282 -0.8284533333333332
2 0.21305152979066025 0.9391066666666666 -0.12988727858293075 -0.5284
8 0.30125201288244763 1.0407866666666667 -0.3242914653784219 -1.06888
