2 0.30088235294117643 1.097406914893617 -0.32153908138597903 -1.0708776595744682
2 0.11583803384367444 0.951223404255319 0.08508460918614022 -0.08558510638297874
2 0.13522159548751006 0.7390292553191489 0.027429492344883174 -0.12023936170212768
2 0.20202256244963737 0.925784574468085 -0.11166800966962127 -0.5009308510638297
3 0.20567284448025785 0.8525531914893617 -0.13529411764705881 -0.5152659574468085
7 0.23960112812248183 0.978311170212766 -0.22672844480257856 -0.7474202127659574
3 0.24800564061240932 0.9921542553191488 -0.24753424657534245 -0.8237765957446807
2 0.23150684931506849 0.8703058510638298 -0.16680096696212732 -0.6000265957446809
2 0.2728968573730862 0.9899069148936172 -0.2669379532634972 -0.8969946808510639
3 0.2820104754230459 1.0010106382978723 -0.2974456083803384 -0.9738829787234043
2 0.16864625302175665 0.7353723404255319 -0.044576954069298944 -0.27622340425531916
8 0.09898066075745365 0.4529521276595745 0.1979613215149073 0.7702659574468085
