2 0.4455193236714976 2.1533333333333333 -0.6007971014492753 -2.312
2 0.08923107890499195 0.8604666666666667 0.14161835748792273 0.10674666666666659
2 0.3664975845410628 1.5339866666666666 -0.44552334943639293 -1.62472
2 0.2068478260869565 0.9348666666666666 -0.11649758454106279 -0.5385866666666667
2 0.35009259259259257 1.373573333333333 -0.4129710144927536 -1.4637333333333333
2 0.258719806763285 0.9671199999999999 -0.2311916264090177 -0.79616
2 0.33821658615136874 1.2547199999999998 -0.3933735909822867 -1.34512
2 0.3355354267310789 1.2212666666666667 -0.3874959742351047 -1.3148533333333332
2 0.2679106280193237 0.9727999999999999 -0.24952495974235103 -0.8446933333333333
2 0.26579307568438004 0.9831466666666666 -0.25250402576489533 -0.9397866666666665
8 0.11434380032206118 0.5236 0.22868760064412236 0.9421333333333334
8 0.08458534621578101 0.6121333333333333 0.12466183574879226 -0.1632533333333334
