0 0.492677705977383 1.9881818181818178 -0.7540630048465268 -2.2457754010695186
0 0.06909127625201938 0.7360294117647058 0.11834410339256866 0.5225935828877005
1 0.19923263327948307 1.031831550802139 -0.13925686591276257 -0.31328877005347594
0 0.3911147011308562 1.5037032085561497 -0.5481583198707594 -1.6399732620320853
0 0.3003473344103393 1.1384491978609623 -0.3478513731825525 -1.0026737967914439
0 0.26009693053311794 1.0024064171122993 -0.2618578352180937 -0.7397860962566845
0 0.28424071082390956 1.0646122994652405 -0.3153796445880453 -0.9212032085561496
0 0.3508117932148627 1.2975935828877003 -0.4668255250403877 -1.4103208556149733
8 0.2726453957996769 1.0222326203208556 -0.28879644588045233 -0.8490641711229948
8 0.25571890145395804 0.9101737967914438 -0.22993537964458807 -0.7490641711229945
8 0.3114499192245557 1.2093048128342245 -0.3726413570274637 -1.3093582887700534
