2 0.3134500805152979 1.1910266666666667 -0.3341304347826087 -1.1376266666666666
2 0.07614734299516908 0.9099866666666666 0.15229468599033816 0.1746933333333333
2 0.19893317230273752 1.0086266666666666 -0.11042673107890498 -0.5708
2 0.2143558776167472 0.9875733333333332 -0.14336553945249597 -0.6610133333333332
2 0.2539814814814815 1.0293999999999999 -0.22690016103059585 -0.9137866666666666
3 0.2833816425120773 1.05152 -0.3098228663446055 -1.1012266666666664
2 0.41409017713365537 2.017986666666667 -0.5131723027375201 -2.1163999999999996
2 0.3679710144927536 1.5183066666666667 -0.46215780998389694 -1.6553866666666666
0 0.36004025764895325 1.3262666666666667 -0.43681159420289856 -1.3515199999999998
2 0.360048309178744 1.3588799999999999 -0.43077294685990347 -1.4950933333333332
2 0.3524597423510467 1.2938533333333335 -0.4163204508856682 -1.4273333333333333
2 0.3457246376811594 1.2676533333333333 -0.41339774557165865 -1.4000533333333331
2 0.12384057971014494 0.7511866666666667 0.04273752012882447 -0.16616000000000009
2 0.3134178743961353 1.1328399999999998 -0.34947665056360705 -1.1662133333333333
2 0.06766505636070853 0.50916 0.13533011272141707 0.21981333333333333
2 0.1776731078904992 0.8106533333333333 -0.07276972624798714 -0.39922666666666673
3 0.39216988727858293 1.5011999999999999 -0.5278502415458938 -1.9259199999999996
8 0.3252093397745572 1.1348 -0.39304347826086955 -1.29488
8 0.44838969404186796 1.57124 -0.6175201288244767 -2.122853333333333
