2 0.30966586151368763 1.1421333333333332 -0.33538647342995165 -1.1172799999999998
2 0.4341062801932367 2.1533333333333333 -0.5794363929146538 -2.312
2 0.38706521739130434 1.81904 -0.5102979066022544 -1.9755199999999997
2 0.380096618357488 1.6147599999999998 -0.4756199677938809 -1.7965066666666667
2 0.36210547504025764 1.5024133333333332 -0.4400885668276972 -1.7037600000000002
2 0.27562399355877615 0.9728533333333335 -0.2629710144927536 -0.8960000000000001
2 0.2310668276972625 0.9167599999999999 -0.16411433172302736 -0.61416
2 0.3419243156199678 1.3246266666666666 -0.4036876006441224 -1.4991200000000002
2 0.33447262479871176 1.2555733333333334 -0.3873671497584541 -1.4126933333333334
3 0.32527375201288244 1.1994799999999999 -0.38004830917874394 -1.34888
2 0.25043880837359095 0.9071066666666667 -0.2167391304347826 -0.75032
2 0.2581199677938808 0.9201733333333333 -0.23329307568438004 -0.7967733333333332
2 0.24242753623188407 0.8562666666666667 -0.19797906602254428 -0.6700266666666667
8 0.29005636070853463 1.0183733333333334 -0.3112721417069243 -1.0619733333333332
8 0.28432769726247986 0.9778399999999999 -0.2904428341384863 -0.9705599999999998
8 0.5004549114331723 1.7988799999999998 -0.7414412238325282 -2.6505599999999996
