0 0.3143739903069467 1.3299732620320857 -0.36508077544426487 -0.9221390374331551
0 0.33391357027463653 1.4114839572192512 -0.41609854604200336 -1.1054812834224599
0 0.14501211631663974 0.8039171122994653 -0.026841680129240705 0.19355614973262028
1 0.05560581583198708 0.7603208556149732 0.11121163166397416 0.47401069518716576
1 0.19840872374798063 1.037820855614973 -0.12264943457189016 -0.28109625668449195
1 0.23130856219709212 0.9855882352941177 -0.1964458804523425 -0.5158823529411765
0 0.3588852988691438 1.3154545454545452 -0.45678513731825526 -1.4014438502673796
0 0.37136106623586435 1.3553342245989304 -0.47532310177705983 -1.4335561497326206
2 0.2620557350565428 0.9782219251336899 -0.25107431340872377 -0.842326203208556
8 0.08652261712439419 0.6028743315508021 0.17304523424878837 0.7835561497326203
8 0.28332390953150244 1.023970588235294 -0.2903634894991923 -0.9697593582887698
8 0.1867124394184168 0.6808957219251337 -0.07525040387722134 -0.22494652406417118
