2 0.5420450885668278 2.0255199999999998 -0.838244766505636 -2.5676266666666665
2 0.06146135265700482 0.7735333333333333 0.12292270531400964 0.446
2 0.11536231884057971 0.88572 0.0342512077294686 -0.32893333333333324
2 0.1492109500805153 0.9073733333333333 -0.00851851851851853 -0.45922666666666667
2 0.07208132045088567 0.7963866666666666 0.14416264090177133 0.029093333333333398
2 0.24365942028985507 0.9992666666666667 -0.20509661835748794 -0.8812533333333333
2 0.49268518518518517 1.9741599999999997 -0.7230837359098229 -2.6703466666666666
2 0.3420169082125604 1.34988 -0.403695652173913 -1.5447199999999999
2 0.3359339774557166 1.3204799999999999 -0.39916264090177134 -1.50208
8 0.31140901771336554 1.0942666666666665 -0.3519001610305958 -1.1137599999999999
8 0.47833735909822866 1.6937066666666665 -0.6868035426731078 -2.2677866666666664
8 0.2760185185185185 1.0087333333333333 -0.26516103059581325 -0.9559733333333333
