2 0.20088969404186796 1.01468 -0.09367954911433171 -0.49549333333333334
2 0.12151771336553946 0.823 0.07841384863123993 -0.03111999999999989
2 0.32856682769726253 1.1905733333333335 -0.37 -1.24344
2 0.24911030595813202 0.9992800000000001 -0.19511272141706926 -0.7109333333333332
2 0.3677375201288245 1.4556266666666666 -0.4718357487922705 -1.8159999999999998
2 0.3599476650563607 1.4092266666666666 -0.47148953301127217 -1.7399466666666668
3 0.4498188405797101 1.7091866666666664 -0.6777214170692432 -2.4555999999999996
8 0.2749476650563607 1.1166933333333333 -0.26960547504025767 -1.1309866666666668
8 0.3426610305958132 1.24952 -0.41648148148148145 -1.4414933333333335
8 0.41896135265700485 1.54104 -0.6003381642512078 -2.1142399999999997
