2 0.06855877616747183 0.8437199999999999 0.13711755233494366 -0.019173333333333327
2 0.07914653784219002 0.7542133333333333 0.12956521739130433 -0.00960000000000006
2 0.11369967793880838 0.84908 0.05070048309178743 -0.30136000000000013
2 0.1606682769726248 0.8158533333333333 -0.04974235104669887 -0.31335999999999997
2 0.18167069243156198 0.94928 -0.0798953301127214 -0.6144
3 0.15928743961352657 0.9664533333333332 -0.1175925925925926 -0.7005866666666666
2 0.3484621578099839 1.3848799999999997 -0.4008856682769726 -1.4092266666666664
2 0.3800805152979066 1.4867733333333333 -0.46869565217391307 -1.7419733333333334
2 0.32561191626409014 1.1302133333333335 -0.3634621578099839 -1.2188266666666667
7 0.41000402576489536 1.6812266666666666 -0.5039694041867956 -1.5958933333333334
8 0.26687600644122383 1.1097866666666667 -0.26388083735909823 -1.1137599999999999
8 0.5957890499194847 2.1506666666666665 -0.6873268921095008 -2.312
8 0.33823268921095007 1.1770666666666665 -0.3972061191626409 -1.2965866666666668
