2 0.29844605475040253 1.1245466666666668 -0.30169082125603863 -1.026
2 0.13063607085346216 0.8980666666666666 0.018534621578099823 -0.3152799999999999
2 0.21942431561996778 0.9480799999999999 -0.14929951690821255 -0.6878933333333332
2 0.23499194847020935 0.9612533333333332 -0.17808373590982285 -0.74864
2 0.2822181964573269 1.0352933333333332 -0.26918679549114327 -0.9337333333333332
3 0.3198711755233494 1.3272666666666666 -0.41046698872785825 -1.3835466666666665
3 0.19317230273752015 0.8357199999999999 -0.12423510466988727 -0.4966666666666666
2 0.3047423510466989 1.1090666666666666 -0.3225442834138486 -1.0773866666666665
1 0.14766505636070854 0.5766666666666667 -0.008454106280193236 -0.02560000000000006
8 0.3242391304347826 1.1892666666666667 -0.36329307568437996 -1.22824
