2 0.326755233494364 1.8992666666666667 -0.3224798711755234 -1.8038666666666667
2 0.2775966183574879 1.4048800000000001 -0.22376006441223834 -0.9765866666666667
2 0.25229066022544283 1.1338266666666665 -0.17111916264090177 -0.6716533333333333
2 0.230036231884058 0.9782000000000001 -0.13509661835748793 -0.49448
2 0.13446054750402575 0.6408133333333333 0.06531400966183576 0.18456000000000009
2 0.10071256038647343 0.6256933333333333 0.15583735909822868 0.4628533333333334
2 0.09064412238325281 0.6235466666666666 0.18128824476650562 0.7475733333333334
2 0.2152938808373591 0.8326 -0.09221417069243158 -0.3317066666666667
2 0.164597423510467 0.6278133333333333 0.013880837359098236 0.03973333333333335
8 0.17599436392914652 0.7501333333333333 -0.019605475040257645 -0.23226666666666673
