2 0.30714573268921097 1.2513999999999998 -0.33290660225442836 -1.1159199999999998
3 0.40507246376811595 2.14064 -0.6306441223832528 -2.2866133333333334
2 0.3670330112721417 1.5646533333333332 -0.46131239935587764 -1.7570400000000002
2 0.3421658615136876 1.2983466666666665 -0.412061191626409 -1.49664
2 0.3368236714975845 1.22684 -0.3970772946859903 -1.3955466666666667
2 0.3325805152979066 1.2012399999999999 -0.3887520128824477 -1.3742666666666667
2 0.07161030595813205 0.57284 0.1432206119162641 0.35298666666666667
2 0.12464170692431563 0.70068 0.03414653784219001 -0.09810666666666656
2 0.18673107890499194 0.7917599999999999 -0.07444444444444442 -0.3741866666666666
2 0.238743961352657 0.8932666666666667 -0.19191626409017712 -0.7006666666666667
2 0.24894927536231884 0.9105733333333333 -0.22148953301127217 -0.7560800000000001
2 0.2642673107890499 0.9474 -0.24822866344605476 -0.8609333333333333
2 0.2818317230273752 0.9970666666666665 -0.2828099838969404 -0.9847999999999999
2 0.5515297906602254 1.9627199999999998 -0.8038486312399357 -2.693226666666667
2 0.09393317230273751 0.53352 0.10543478260869564 0.1914666666666667
8 0.20750000000000002 0.8010133333333332 -0.13158615136876006 -0.5651733333333334
