3 0.28664251207729474 1.1999866666666665 -0.3191304347826087 -1.0336799999999997
3 0.4735305958132045 2.0210399999999997 -0.8110386473429951 -2.5765866666666666
2 0.16280193236714974 0.8499333333333333 -0.02281803542673108 -0.2926133333333332
2 0.09502012882447666 0.7076666666666667 0.07855877616747182 7.999999999992724e-05
2 0.25661433172302733 1.00484 -0.23519323671497586 -0.8321866666666667
2 0.3935708534621578 1.58856 -0.5086876006441224 -1.8745066666666665
2 0.3232045088566828 1.1755066666666667 -0.382512077294686 -1.27336
3 0.33388486312399357 1.23172 -0.4320531400966184 -1.4305866666666667
2 0.42364734299516904 1.7096266666666664 -0.5831400966183575 -2.14384
2 0.4657608695652174 1.8881866666666667 -0.6566103059581321 -2.517866666666667
4 0.30576892109500803 1.1637333333333333 -0.4013929146537842 -1.2729066666666666
7 0.0852818035426731 0.6067733333333334 0.1705636070853462 0.23301333333333338
2 0.07780998389694042 0.4375466666666666 0.15561996779388085 0.4963733333333333
