2 0.3106119162640902 1.1576933333333332 -0.32475040257648957 -1.10056
2 0.07413446054750403 0.84968 0.14826892109500805 0.29530666666666666
2 0.18374798711755233 0.9515199999999999 -0.0672705314009662 -0.45210666666666655
3 0.18830515297906603 1.0185600000000001 -0.15669082125603867 -0.7060266666666666
2 0.23746779388083736 1.0114933333333334 -0.17367954911433173 -0.77696
2 0.27647745571658616 1.0292666666666668 -0.2748711755233495 -0.9887733333333332
0 0.4892149758454106 2.053093333333333 -0.7222946859903383 -2.1115199999999996
3 0.3255998389694042 1.17584 -0.38231078904991944 -1.2716266666666667
2 0.3099315619967794 1.113 -0.3338405797101449 -1.1136266666666665
3 0.24150161030595813 1.0291066666666666 -0.20765700483091784 -0.8626933333333333
2 0.07395330112721417 0.49334666666666666 0.14790660225442834 0.28114666666666666
2 0.0826851851851852 0.7195866666666667 0.12939613526570048 0.05768000000000014
2 0.16057971014492753 0.77348 -0.041095008051529804 -0.2841866666666666
0 0.11037842190016103 0.477 0.043896940418679545 0.24381333333333335
0 0.15848631239935584 0.59992 -0.03806763285024155 -0.08005333333333328
4 0.18074476650563606 0.7960133333333332 -0.13070048309178742 -0.5201866666666667
8 0.5422222222222222 1.8771733333333334 -0.7949436392914653 -2.6749866666666664
8 0.44057568438003214 1.6738666666666664 -0.6154347826086957 -2.272906666666666
