2 0.11137278582930756 1.04868 0.08604669887278582 -0.1026933333333333
2 0.397024959742351 1.97896 -0.4989130434782609 -1.9696000000000002
3 0.1848389694041868 1.0218533333333333 -0.13138486312399358 -0.5184266666666666
2 0.363731884057971 1.5814000000000001 -0.43596618357487926 -1.63096
2 0.3605314009661836 1.3760133333333333 -0.43481481481481477 -1.472133333333333
3 0.09179951690821254 0.7857733333333333 0.040555555555555546 -0.3216800000000001
2 0.3613083735909823 1.3875866666666667 -0.4581400966183575 -1.5860533333333333
3 0.3115458937198068 1.12268 -0.3605152979066023 -1.1890933333333333
3 0.37559581320450885 1.5044133333333332 -0.5155072463768116 -1.9415200000000001
2 0.26799919484702095 0.9730533333333332 -0.254597423510467 -0.8742133333333331
8 0.29396135265700485 1.0416533333333333 -0.3170048309178744 -1.0637333333333336
8 0.32286634460547503 1.1770666666666665 -0.39772946859903385 -1.3517866666666667
