2 0.07883252818035426 0.7429333333333333 0.15766505636070852 0.5088
2 0.10786231884057972 0.9723599999999999 0.08113526570048309 -0.09309333333333325
2 0.3568760064412238 1.370853333333333 -0.4425442834138486 -1.5096533333333333
2 0.20114331723027373 0.97188 -0.0937842190016103 -0.4673333333333333
2 0.23298309178743962 0.9932933333333334 -0.17002415458937198 -0.6652533333333334
2 0.2955434782608696 1.0583866666666666 -0.3070772946859903 -1.0461599999999998
2 0.31549114331723027 1.09132 -0.3506441223832528 -1.1742666666666666
8 0.07573268921095008 0.4198 0.12674718196457327 0.19037333333333334
8 0.34760869565217395 1.22364 -0.4190821256038647 -1.3552266666666668
8 0.39734702093397745 1.446173333333333 -0.5237761674718197 -1.8658399999999997
