2 0.5057648953301128 2.1533333333333333 -0.6915780998389695 -2.312
2 0.4026892109500805 2.1533333333333333 -0.5025442834138487 -2.312
2 0.3018317230273752 1.435 -0.3045330112721417 -1.3892
2 0.2617471819645733 1.2252266666666665 -0.24774557165861513 -1.09824
2 0.0834621578099839 0.5243733333333332 0.1669243156199678 0.7497066666666666
1 0.20661433172302737 0.7816266666666667 -0.12005636070853463 -0.3552533333333334
2 0.07956119162640901 0.5320533333333333 0.15912238325281802 0.3843733333333333
2 0.08207326892109501 0.55048 0.1496537842190016 0.22522666666666669
2 0.12335346215781 0.58284 0.059589371980676334 0.02871999999999995
8 0.10991545893719806 0.49765333333333334 0.21983091787439613 0.67632
