2 0.4326328502415459 2.1533333333333333 -0.66170692431562 -2.312
3 0.273719806763285 1.0682933333333333 -0.2865056360708535 -0.9340266666666666
3 0.38659420289855073 1.7669733333333333 -0.571256038647343 -2.3290933333333332
2 0.19234702093397743 0.8226666666666667 -0.08793075684380033 -0.39792000000000005
2 0.14195249597423512 0.7087199999999999 -0.015241545893719812 -0.16794666666666663
2 0.24666264090177134 0.9245333333333333 -0.21739935587761675 -0.7463466666666666
2 0.34573671497584546 1.3137466666666666 -0.4143236714975846 -1.4684
2 0.2934460547504026 1.0582266666666666 -0.3223349436392915 -1.07896
3 0.3019404186795491 1.1012133333333332 -0.3638486312399356 -1.19832
2 0.3652375201288245 1.3866266666666667 -0.462842190016103 -1.6327733333333332
3 0.5030233494363929 1.9201333333333332 -0.8015700483091787 -2.7784
4 0.2790378421900161 1.0467866666666668 -0.3388647342995169 -1.07352
7 0.10313204508856683 0.63224 0.11780998389694042 0.017333333333333333
2 0.07578502415458938 0.5100266666666666 0.15157004830917875 0.26725333333333334
7 0.07748389694041868 0.37216 0.15496779388083737 0.5123733333333332
