2 0.5278019323671498 2.1533333333333333 -0.717181964573269 -2.312
2 0.07476247987117553 0.9015066666666667 0.14952495974235105 0.19165333333333334
2 0.22528985507246377 0.9583733333333333 -0.15685990338164252 -0.5977066666666666
1 0.28483091787439613 1.01528 -0.2886151368760065 -0.9016533333333333
1 0.29130434782608694 1.0305866666666668 -0.30033816425120774 -0.94128
2 0.26328099838969404 0.9788800000000001 -0.23369565217391305 -0.8187733333333334
1 0.29255636070853464 1.01932 -0.30495169082125606 -0.9766666666666667
2 0.324219001610306 1.1328533333333335 -0.36629629629629623 -1.2246933333333334
2 0.34082528180354266 1.3644266666666665 -0.40437198067632846 -1.3944533333333335
8 0.3166183574879227 1.0925466666666666 -0.3581481481481481 -1.1517066666666667
