0 0.44924071082390954 1.9210828877005346 -0.691470113085622 -1.9181550802139038
0 0.31495153473344106 1.3086898395721926 -0.36841680129240717 -0.9759893048128343
0 0.18264943457189017 0.9889438502673796 -0.11736672051696284 -0.05655080213903737
0 0.42003634894991926 1.8763368983957218 -0.65078352180937 -1.7580213903743314
1 0.22757673667205172 1.1057486631016042 -0.18109854604200323 -0.3874331550802138
5 0.22528675282714053 0.9633823529411765 -0.12438610662358641 -0.327994652406417
0 0.26735460420032314 0.9799064171122994 -0.265032310177706 -0.7694919786096255
0 0.26189418416801297 0.9586764705882352 -0.24674474959612278 -0.720614973262032
0 0.2930411954765751 1.076590909090909 -0.3155815831987076 -0.9330748663101605
0 0.30591680129240717 1.1057754010695187 -0.33892568659127625 -0.9971122994652405
0 0.27613893376413573 1.0188502673796789 -0.28035541195476577 -0.8307486631016042
8 0.14868739903069467 0.7670721925133689 0.029959612277867535 0.11986631016042776
