2 0.45518115942028986 2.1533333333333333 -0.5829066022544284 -2.312
2 0.09186795491143317 0.84868 0.18373590982286633 0.29730666666666666
2 0.38493156199677936 1.92284 -0.45746376811594197 -1.8510133333333336
2 0.35512479871175523 1.5009866666666667 -0.4140982286634461 -1.4792
2 0.2454830917874396 1.0606533333333332 -0.19085346215781 -0.6870133333333331
3 0.34062399355877615 1.3726533333333333 -0.41427536231884066 -1.3932533333333335
2 0.275829307568438 1.0473066666666666 -0.2602576489533011 -0.8924800000000002
2 0.33055555555555555 1.1852933333333333 -0.37533011272141703 -1.2579466666666668
2 0.29643719806763286 1.0426 -0.3074315619967794 -1.0242399999999998
8 0.3043760064412238 1.1244533333333333 -0.3347101449275362 -1.1775466666666667
