2 0.39274959742351045 1.9794399999999999 -0.46675523349436393 -1.9642133333333331
2 0.07983896940418679 0.7583599999999999 0.15967793880837358 0.3393866666666666
2 0.07579710144927536 0.83032 0.15159420289855072 -0.03648000000000002
2 0.11491143317230273 0.8484533333333332 0.07053140096618359 -0.21210666666666672
2 0.14662238325281804 0.8711333333333332 -0.009879227053140104 -0.36413333333333336
2 0.3450161030595813 1.3765066666666668 -0.39674718196457326 -1.41024
2 0.2043196457326892 0.9635733333333333 -0.11132850241545893 -0.65296
2 0.3376409017713366 1.24716 -0.384122383252818 -1.3254666666666668
2 0.21112318840579714 0.9316 -0.1349033816425121 -0.6442666666666665
2 0.22075684380032207 0.9324399999999998 -0.16550724637681158 -0.6849333333333332
2 0.32672302737520126 1.1634533333333332 -0.37555555555555553 -1.2551199999999998
8 0.2640136876006441 1.1279066666666666 -0.257109500805153 -1.1189066666666667
