2 0.30153102336825144 1.0780319148936168 -0.3156647864625302 -1.0495212765957447
2 0.07885173247381144 0.5596010638297872 0.15770346494762288 0.6156382978723403
2 0.11325141015310235 0.7115558510638298 0.08276390008058018 0.018005319148936123
2 0.17704270749395648 0.9427260638297873 -0.044576954069298944 -0.3756117021276595
2 0.20269943593875905 0.8451063829787233 -0.11168412570507656 -0.45776595744680854
2 0.22433118452860593 0.8770345744680851 -0.15449637389202256 -0.579441489361702
3 0.23408138597904915 0.9908909574468084 -0.2337066881547139 -0.7684840425531912
2 0.27461724415793715 0.9943085106382978 -0.25323126510878324 -0.8589893617021277
2 0.15497179693795327 0.7231249999999999 -0.017373086220789688 -0.20109042553191486
8 0.28536663980660754 1.0191489361702126 -0.29564867042707493 -0.9706382978723402
