2 0.522361111111111 1.9708243243243246 -0.7438562091503268 -2.6691621621621624
2 0.4968709150326798 1.8779594594594597 -0.6932352941176472 -2.4982432432432433
2 0.4634803921568627 1.760837837837838 -0.6299836601307189 -2.2552972972972976
2 0.31662990196078433 1.1345 -0.35123366013071894 -1.1721351351351355
1 0.2588153594771242 0.9578783783783783 -0.24308823529411763 -0.756891891891892
0 0.13852532679738563 0.5407702702702704 -0.03174019607843137 -0.013648648648648681
0 0.15091094771241828 0.6290810810810811 -0.05190359477124183 -0.058000000000000024
1 0.356531862745098 1.4405405405405407 -0.47631535947712417 -1.472810810810811
0 0.16886029411764705 0.6523783783783784 -0.08448529411764706 -0.1968108108108109
0 0.15488970588235293 0.6072567567567568 -0.06072712418300655 -0.11667567567567573
0 0.26078839869281045 1.0828783783783784 -0.2618545751633987 -0.6672162162162163
0 0.2694607843137255 1.1465540540540542 -0.2876633986928105 -0.8534864864864866
0 0.29423202614379085 1.221756756756757 -0.3380228758169935 -0.9304864864864866
0 0.4181781045751634 1.7480405405405406 -0.5972712418300653 -1.6905675675675675
0 0.42423202614379085 1.7358783783783787 -0.6002450980392158 -1.7522972972972974
0 0.33042892156862746 1.4344864864864866 -0.4063480392156863 -1.0728108108108108
0 0.339297385620915 1.4177162162162165 -0.4292973856209151 -1.1172162162162163
0 0.36332924836601305 1.478891891891892 -0.46455065359477127 -1.3207567567567566
0 0.2759967320261438 1.1652027027027028 -0.29774509803921567 -0.7492162162162164
8 0.13649101307189543 0.5142972972972973 0.00036764705882352014 0.0597837837837838
8 0.20732434640522876 0.736554054054054 -0.15172385620915033 -0.4708918918918919
8 0.20055147058823533 0.7029594594594596 -0.14339052287581702 -0.43127027027027026
