2 0.33443236714975844 1.1936933333333333 -0.3866103059581321 -1.3230133333333334
3 0.35346618357487924 1.264 -0.4511030595813204 -1.4978666666666667
2 0.2263365539452496 1.0362 -0.15800322061191627 -0.7530399999999999
3 0.21000805152979066 0.9049066666666665 -0.1600161030595813 -0.6343466666666665
2 0.13548711755233492 0.70936 0.03691626409017713 -0.08080000000000002
4 0.2616747181964573 1.0300133333333332 -0.291658615136876 -0.9821066666666666
2 0.34715780998389695 1.2082933333333332 -0.4172141706924315 -1.39408
8 0.18979066022544283 0.7466666666666666 -0.09304347826086956 -0.38405333333333325
8 0.3780756843800322 1.8918533333333332 -0.5143961352657005 -2.829626666666667
8 0.3166183574879227 1.08824 -0.35919484702093396 -1.20864
