0 0.06943236714975845 0.6655333333333333 0.1388647342995169 0.6636
0 0.39474637681159425 1.6129333333333333 -0.5342914653784219 -1.4426133333333333
1 0.23404991948470208 0.9653333333333333 -0.1986473429951691 -0.5578133333333332
1 0.2612721417069243 0.9928266666666666 -0.25673107890499197 -0.7340266666666666
0 0.2906159420289855 1.03952 -0.30047504025764893 -0.9300266666666668
0 0.2834983896940419 1.0187466666666665 -0.29034621578099834 -0.88992
8 0.06616747181964573 0.5900133333333333 0.13233494363929146 0.8093066666666666
8 0.3101046698872786 1.11152 -0.35658615136876004 -1.1413333333333335
8 0.37182367149758455 1.3443866666666666 -0.47690016103059585 -1.5139466666666668
8 0.34265700483091793 1.2124266666666665 -0.4175201288244766 -1.3673066666666667
