2 0.30773349436392916 1.18708 -0.32834943639291464 -1.1221599999999998
2 0.06681159420289855 0.43389333333333335 0.1336231884057971 0.5138666666666666
3 0.3567351046698873 1.7100133333333332 -0.5029710144927536 -1.7662133333333332
0 0.087085346215781 0.7574533333333333 0.031239935587761673 0.47975999999999996
3 0.1009219001610306 0.6418799999999999 0.05055555555555556 -0.04727999999999997
2 0.1698953301127214 0.94628 -0.07470209339774556 -0.4713866666666666
2 0.19861916264090176 0.9656266666666666 -0.11379227053140098 -0.6199466666666666
2 0.2182850241545894 0.9964533333333333 -0.15083735909822865 -0.7384
2 0.25119565217391304 1.01104 -0.22382447665056363 -0.8677333333333334
2 0.2702898550724638 1.01872 -0.2680515297906602 -0.9943466666666666
2 0.3544645732689211 1.34604 -0.41958937198067625 -1.4650933333333336
2 0.3436513687600644 1.27692 -0.4099436392914654 -1.3947466666666666
0 0.3385708534621578 1.1968 -0.4013607085346216 -1.2744
2 0.3076086956521739 1.1210133333333332 -0.3368921095008051 -1.1251200000000001
2 0.16187600644122385 0.7022533333333334 -0.05584541062801931 -0.32487999999999995
8 0.2887520128824477 1.1020266666666667 -0.32325281803542677 -1.2914133333333333
