2 0.06960144927536231 0.7353466666666666 0.13920289855072462 0.30141333333333326
2 0.06783011272141708 0.7076 0.12767310789049918 0.12842666666666666
2 0.1169363929146538 0.9150133333333333 0.046867954911433175 -0.38767999999999997
3 0.09886070853462157 0.9478800000000001 -0.024694041867954913 -0.52952
2 0.3620088566827697 1.5906799999999999 -0.42425925925925934 -1.5715466666666664
2 0.40085346215781 1.6486133333333333 -0.5118679549114332 -1.9735999999999998
2 0.20263687600644123 0.9373866666666666 -0.12533816425120772 -0.6677866666666666
2 0.3257286634460547 1.13632 -0.36633655394524955 -1.2302933333333332
2 0.26438003220611916 0.9979066666666667 -0.2523671497584541 -0.9485600000000001
2 0.34430354267310787 1.2783733333333334 -0.4061755233494364 -1.4698133333333334
2 0.35958937198067636 1.3666933333333333 -0.4388083735909823 -1.59776
7 0.5261956521739131 2.1533333333333333 -0.7218115942028985 -2.312
8 0.2897946859903382 1.0925466666666668 -0.3159661835748792 -1.1827466666666666
8 0.4400523349436393 1.6721333333333335 -0.6435668276972625 -2.3246933333333337
