2 0.36397342995169085 1.24888 -0.4520531400966183 -1.5021866666666668
2 0.3471819645732689 1.2001199999999999 -0.41838969404186793 -1.3905333333333334
2 0.07956924315619968 0.4254666666666666 0.15913848631239935 0.6158399999999999
2 0.2976650563607085 1.2312533333333333 -0.32938808373590983 -1.1783466666666667
2 0.21901771336553943 0.8710666666666665 -0.14365539452495976 -0.5616533333333332
2 0.2686996779388084 0.9814933333333333 -0.24583735909822865 -0.8690666666666665
6 0.3033574879227053 1.1352266666666668 -0.3543961352657005 -1.26528
8 0.07971014492753623 0.4122666666666666 0.15942028985507245 0.6090666666666666
8 0.18927133655394524 0.7458133333333333 -0.09512882447665054 -0.38234666666666667
8 0.2856280193236715 1.0175066666666666 -0.28679549114331726 -0.9705866666666664
8 0.37703301127214167 1.8886399999999999 -0.5175281803542673 -2.830133333333334
