2 0.29898066075745366 1.0865159574468084 -0.31312651087832394 -1.0426595744680849
2 0.12413376309427882 0.990438829787234 0.07070104754230458 -0.07300531914893614
2 0.07930298146655923 0.524468085106383 0.15860596293311846 0.6677659574468086
2 0.09936341659951652 0.7040026595744682 0.10523771152296536 0.06465425531914894
3 0.1701490733279613 0.8629654255319149 -0.11032232070910558 -0.44965425531914893
2 0.10726833199033038 0.6244015957446808 0.08546333601933924 0.05146276595744679
2 0.22136180499597097 0.8675797872340425 -0.14955680902497984 -0.5621276595744681
7 0.2650201450443191 0.9993617021276595 -0.2661724415793715 -0.8797872340425531
7 0.23414182111200643 1.0027659574468086 -0.2344077356970185 -0.7781382978723406
4 0.2696011281224819 1.0040558510638298 -0.3029895245769541 -0.9574734042553191
2 0.17170829975825944 0.7242420212765958 -0.052860596293311836 -0.27279255319148943
8 0.09507655116841256 0.499375 0.1901531023368251 0.6740159574468085
