2 0.07734068627450981 1.0163513513513514 0.15468137254901962 -0.03810810810810817
0 0.3361968954248366 1.3525 -0.42638071895424845 -1.2884054054054055
1 0.5016421568627452 1.8096756756756758 -0.7711764705882354 -2.581675675675676
0 0.22763480392156862 1.0177162162162163 -0.1983088235294118 -0.5551621621621621
0 0.229375 1.0159054054054055 -0.21125000000000005 -0.508945945945946
1 0.4476919934640523 1.6083513513513514 -0.653031045751634 -2.081837837837838
0 0.1148406862745098 0.5405945945945946 0.05741013071895423 0.3365405405405405
0 0.11131535947712419 0.5305540540540541 0.07486928104575162 0.3794864864864865
1 0.21657271241830064 1.0045675675675676 -0.16667483660130716 -0.5623783783783786
0 0.08836601307189543 0.49755405405405406 0.09297385620915034 0.4873783783783784
2 0.5390114379084967 1.9182702702702703 -0.8281862745098039 -2.7742702702702706
2 0.2545588235294118 0.916918918918919 -0.23339869281045753 -0.7951351351351353
8 0.38753267973856215 1.3473513513513513 -0.5204738562091503 -1.6821621621621625
8 0.3213888888888889 1.1337162162162164 -0.3788071895424837 -1.3065675675675679
