2 0.30535024154589374 1.1340133333333333 -0.32702898550724646 -1.1102666666666663
2 0.07028985507246377 0.7509333333333333 0.14057971014492754 0.4928
2 0.16396537842190015 0.8665066666666668 -0.03087761674718196 -0.3374933333333333
2 0.25060789049919485 1.0796000000000001 -0.19744766505636072 -0.7394133333333334
2 0.26832528180354265 1.0745200000000001 -0.24504025764895332 -0.8661066666666667
2 0.2200442834138486 0.94936 -0.1631159420289855 -0.7218133333333335
2 0.40479871175523346 2.1533333333333333 -0.49011272141706924 -2.312
4 0.30221417069243156 1.5504533333333335 -0.5038486312399356 -1.6689066666666668
0 0.4310950080515298 1.66872 -0.6024154589371981 -1.7746666666666666
2 0.33218599033816426 1.21632 -0.3829871175523349 -1.2955733333333332
4 0.3075966183574879 1.1513466666666665 -0.3894927536231884 -1.25432
2 0.17892512077294687 0.7275466666666668 -0.07264895330112718 -0.34314666666666666
2 0.3024919484702093 1.0887733333333334 -0.3228099838969404 -1.0770666666666666
2 0.07834541062801934 0.5262 0.12851046698872787 0.18525333333333333
8 0.27 0.9873066666666667 -0.2763768115942029 -1.0171200000000002
