1 0.061413570274636516 0.8507486631016042 0.12282714054927303 0.2931550802139037
0 0.40405088852988696 1.5966310160427806 -0.5791518578352182 -1.6893048128342243
0 0.2937843295638127 1.1600935828877004 -0.33078352180937 -0.9425401069518716
0 0.2093659127625202 0.8802139037433155 -0.16571082390953148 -0.3702139037433154
0 0.2628231017770598 1.0405080213903741 -0.2704765751211632 -0.7432085561497327
0 0.3580210016155089 1.375975935828877 -0.48431340872374795 -1.4299732620320853
1 0.27673263327948305 1.0516711229946523 -0.28584006462035544 -0.842754010695187
0 0.28396203554119553 1.0273262032085562 -0.3068093699515348 -0.9245989304812834
8 0.23567043618739905 0.9765641711229947 -0.1835864297253635 -0.61975935828877
8 0.3114499192245557 1.1799866310160427 -0.36952342487883677 -1.3024866310160428
