2 0.30364331723027377 1.4620266666666666 -0.319122383252818 -1.0834133333333331
2 0.5435386473429951 2.1533333333333333 -0.7987842190016102 -2.312
2 0.35866747181964576 1.4278133333333334 -0.44242351046698875 -1.6401066666666668
2 0.3475644122383253 1.2977999999999998 -0.4144847020933978 -1.4738933333333333
2 0.33967391304347827 1.2500133333333332 -0.3965942028985507 -1.4187466666666666
2 0.2549154589371981 0.95796 -0.21657809983896942 -0.7686133333333334
2 0.09386473429951692 0.6660666666666666 0.1264573268921095 0.10695999999999996
2 0.2942834138486312 1.0374266666666667 -0.30505636070853465 -1.0354933333333334
2 0.3112600644122383 1.0818 -0.34252012882447663 -1.1522400000000002
2 0.21547504025764896 0.8583733333333333 -0.13692431561996776 -0.5529599999999999
2 0.2322745571658615 0.8844133333333333 -0.181682769726248 -0.63944
2 0.2558816425120773 0.9381066666666666 -0.22501610305958133 -0.7967466666666666
2 0.2788888888888889 1.0002133333333334 -0.2706119162640901 -0.9565866666666667
2 0.16711352657004833 0.7059466666666667 -0.042858293075684374 -0.25136000000000003
2 0.1609782608695652 0.6793333333333333 -0.03148953301127215 -0.25215999999999994
