3 0.0 0.87228 0.0 0.2501066666666667
2 0.28876006441223834 1.0095466666666666 -0.2835587761674718 -0.9443733333333333
2 0.17020933977455716 0.6727866666666666 -0.05281803542673107 -0.24178666666666662
2 0.18833333333333335 0.7147333333333332 -0.08294685990338165 -0.33757333333333334
2 0.4675040257648953 1.7075733333333334 -0.6235587761674718 -2.21568
2 0.20458132045088567 0.7535733333333332 -0.1162962962962963 -0.4296533333333333
2 0.2939613526570048 1.0213333333333332 -0.2967954911433172 -0.9928533333333331
2 0.2987278582930757 1.1308133333333332 -0.3078743961352657 -1.0201866666666668
2 0.147914653784219 0.61724 -0.00016103059581319535 -0.10221333333333328
1 0.4214371980676328 1.4837066666666665 -0.5469001610305958 -1.7676800000000001
2 0.5027858293075684 1.800706666666667 -0.6915780998389695 -2.4061600000000003
8 0.2543760064412238 0.9390266666666666 -0.22429146537842193 -0.8584266666666667
