2 0.3132085346215781 1.1794666666666667 -0.34029790660225445 -1.1564266666666665
0 0.39506038647342995 1.3955733333333333 -0.5243236714975845 -1.6653866666666666
2 0.4418639291465379 1.6430533333333333 -0.6061272141706925 -2.2024266666666663
2 0.23795893719806765 0.8754133333333333 -0.19173107890499197 -0.6785066666666666
1 0.36265700483091784 1.29396 -0.4534782608695652 -1.5238133333333335
3 0.3239694041867955 1.1574933333333333 -0.38106280193236713 -1.2523199999999999
0 0.2873268921095008 1.0065866666666667 -0.3015458937198067 -0.9341333333333334
2 0.3047302737520129 1.1111733333333333 -0.3309259259259259 -1.1053333333333335
8 0.34187600644122385 1.228813333333333 -0.4263768115942029 -1.45528
8 0.2551610305958132 1.0511599999999999 -0.24460547504025765 -1.0378399999999999
