2 0.4526633986928104 1.7958783783783785 -0.6761764705882353 -2.5472162162162166
2 0.2789174836601307 1.0227027027027027 -0.2740604575163399 -0.9350270270270272
1 0.3386437908496732 1.2059594594594596 -0.4078921568627451 -1.3535405405405405
1 0.3150245098039216 1.1251216216216215 -0.3590522875816994 -1.1877567567567568
1 0.22291666666666668 0.826554054054054 -0.1558496732026144 -0.4920810810810812
0 0.2531004901960784 0.9042432432432432 -0.22165849673202614 -0.6823783783783783
8 0.29274101307189543 1.0397972972972973 -0.31734477124183 -0.9946756756756756
8 0.3992524509803922 1.5446486486486486 -0.5553676470588236 -2.1042702702702702
8 0.5367320261437909 1.8656621621621625 -0.8574183006535948 -2.873864864864865
8 0.21565767973856212 0.7735945945945947 -0.14026960784313725 -0.41405405405405404
