2 0.08410225442834138 0.8620666666666665 0.16820450885668276 0.23554666666666663
2 0.16692028985507246 0.8858800000000001 -0.01458132045088568 -0.2279199999999999
2 0.2133574879227053 0.9252933333333333 -0.11436392914653784 -0.4958666666666666
2 0.4265136876006441 1.8239999999999998 -0.6251529790660226 -2.45952
2 0.41697665056360705 1.6687466666666666 -0.6055797101449276 -2.1959999999999997
2 0.39847423510466984 1.5971066666666665 -0.5605555555555556 -2.0786933333333333
2 0.38188003220611916 1.5085466666666667 -0.5125201288244767 -1.9115466666666667
2 0.24424315619967796 0.9597466666666667 -0.18524959742351046 -0.68936
2 0.34404589371980676 1.3150933333333334 -0.4059339774557166 -1.4057066666666667
2 0.33869162640901773 1.25528 -0.39760869565217394 -1.3417599999999998
8 0.2671376811594203 1.1667066666666666 -0.25606280193236713 -1.17928
