2 0.5052334943639292 2.1533333333333333 -0.6379066022544283 -2.312
2 0.16726650563607084 1.11928 -0.031054750402576485 -0.3401066666666667
2 0.28008454106280195 1.07276 -0.2804750402576489 -0.9666399999999999
2 0.3538083735909823 1.3987999999999998 -0.4211433172302738 -1.423093333333333
1 0.31841384863123995 1.1135466666666667 -0.35545893719806765 -1.11728
2 0.3535708534621578 1.3296000000000001 -0.40604669887278577 -1.3751466666666667
2 0.3350402576489533 1.1705866666666664 -0.38265700483091786 -1.2757866666666666
8 0.10288647342995169 0.60036 0.20577294685990338 0.7886133333333334
8 0.30541867954911434 1.0692533333333334 -0.3399194847020934 -1.13616
8 0.22026570048309177 0.8398399999999999 -0.16127214170692436 -0.6910933333333332
