2 0.3056682769726248 1.4090666666666665 -0.32544283413848635 -1.1007999999999998
2 0.5513888888888888 2.1533333333333333 -0.8115700483091787 -2.312
2 0.3593196457326892 1.4316266666666666 -0.44243961352657 -1.6413333333333333
2 0.34834943639291466 1.3007866666666668 -0.4142028985507247 -1.4728266666666667
2 0.34031803542673106 1.2525733333333333 -0.3965297906602254 -1.4185333333333334
2 0.2411352657004831 0.9372933333333333 -0.1851368760064412 -0.6794933333333333
2 0.09281803542673107 0.6666533333333333 0.13069243156199678 0.11703999999999996
2 0.29004025764895325 1.0268 -0.29541062801932366 -1.0026133333333331
2 0.3075080515297906 1.0722533333333333 -0.3347584541062802 -1.1272266666666668
2 0.2155193236714976 0.86024 -0.13535426731078906 -0.5497066666666667
2 0.23208937198067633 0.8847999999999998 -0.180024154589372 -0.63552
2 0.2559339774557166 0.93848 -0.22421900161030597 -0.7941866666666665
2 0.2790780998389694 1.00112 -0.26989533011272143 -0.9542400000000001
2 0.16685990338164253 0.7055466666666667 -0.04143317230273753 -0.2466666666666666
2 0.1607648953301127 0.67904 -0.030547504025764893 -0.24938666666666662
8 0.2020330112721417 0.7216666666666667 -0.10398550724637681 -0.33058666666666675
