2 0.4920531400966184 2.0116266666666665 -0.7317069243156199 -2.595413333333333
2 0.45061191626409014 1.8468399999999998 -0.6457004830917875 -2.39608
2 0.5460346215780998 2.1533333333333333 -0.7763365539452496 -2.312
2 0.3938365539452496 2.0768 -0.4957890499194847 -2.158933333333333
2 0.07436392914653785 0.9628533333333332 0.1487278582930757 0.06896000000000004
3 0.15112721417069241 1.03296 -0.07455716586151369 -0.42373333333333324
2 0.42774959742351043 1.7025199999999998 -0.5964331723027375 -2.1871199999999997
2 0.3842069243156199 1.5662666666666667 -0.5219404186795491 -1.9696533333333333
3 0.37331320450885663 1.5679466666666666 -0.508268921095008 -2.0103466666666665
2 0.22528582930756844 1.0191199999999998 -0.17622383252818036 -0.6694933333333333
2 0.2513365539452496 1.0169333333333332 -0.22375201288244764 -0.7937066666666666
4 0.2878945249597423 1.1909466666666666 -0.3782850241545894 -1.27592
