2 0.30588969404186794 1.2757866666666666 -0.3332769726247987 -1.1187733333333334
3 0.45997181964573264 2.1533333333333333 -0.7926489533011273 -2.312
2 0.37651368760064413 1.6742000000000001 -0.48256038647342986 -1.8731466666666665
2 0.34390096618357485 1.3158666666666665 -0.4181561996779387 -1.52304
2 0.3381521739130435 1.2376133333333332 -0.40103864734299516 -1.41272
2 0.3328341384863124 1.20692 -0.3903220611916264 -1.3833866666666665
2 0.07197262479871176 0.46175999999999995 0.14394524959742352 0.5848533333333333
2 0.09723832528180355 0.6662133333333333 0.09194847020933977 0.03471999999999995
2 0.1720450885668277 0.76732 -0.04663446054750402 -0.30696
2 0.2334742351046699 0.8822399999999999 -0.18355072463768113 -0.6770133333333332
2 0.24429549114331725 0.9010799999999999 -0.21446859903381643 -0.7357600000000001
2 0.2616505636070854 0.9421866666666666 -0.2455072463768116 -0.8541866666666668
2 0.2798752012882448 0.9931466666666666 -0.28128019323671494 -0.9818666666666664
2 0.19567230273752012 0.7629866666666667 -0.11039452495974234 -0.44271999999999995
2 0.07282608695652174 0.46796000000000004 0.14565217391304347 0.3590133333333333
8 0.097085346215781 0.43705333333333335 0.19341384863123992 0.6285066666666667
