2 0.41258856682769723 2.1533333333333333 -0.48884863123993555 -2.312
2 0.335024154589372 1.2791733333333333 -0.38674718196457325 -1.3168000000000002
2 0.18989130434782608 0.9165466666666666 -0.08105475040257651 -0.5213066666666666
2 0.19813204508856683 0.95048 -0.10344605475040257 -0.6404266666666666
2 0.23294283413848632 0.9863066666666667 -0.18250402576489533 -0.7816266666666666
2 0.33398953301127215 1.2047066666666666 -0.3708615136876007 -1.245573333333333
0 0.1346497584541063 0.5663866666666666 0.00743156199677938 0.14279999999999995
7 0.19987117552334943 0.9047333333333333 -0.06101449275362319 -0.33394666666666656
7 0.18336151368760065 0.84888 -0.04041062801932369 -0.11829333333333336
7 0.20884863123993558 0.9097733333333332 -0.10312399355877618 -0.4392799999999999
7 0.2227495974235105 0.92276 -0.12793075684380034 -0.4913333333333334
7 0.38493156199677936 1.6395466666666667 -0.43585346215781 -1.6068799999999996
8 0.2798993558776167 1.13136 -0.27741545893719805 -1.1533866666666666
