1 0.4284541062801932 1.7593599999999998 -0.6167471819645732 -1.8450666666666669
0 0.3721578099838969 1.4103066666666666 -0.49330112721417063 -1.4372
5 0.5876892109500805 2.13104 -0.8167954911433173 -2.356586666666667
0 0.47103462157809983 1.7751199999999998 -0.6848550724637681 -2.0738133333333333
0 0.45877214170692426 1.7041066666666664 -0.6547745571658615 -1.9925333333333335
0 0.16721819645732688 0.7049733333333333 -0.06031400966183575 -0.0637066666666667
0 0.19766908212560386 0.8011066666666667 -0.12586956521739132 -0.26136000000000004
1 0.2646256038647343 0.9888933333333333 -0.2604911433172303 -0.8178399999999998
3 0.2801449275362319 1.0768933333333333 -0.31375201288244764 -1.0745333333333331
8 0.07528180354267311 0.6563599999999999 0.15056360708534622 0.034640000000000025
8 0.22026167471819647 0.8579466666666666 -0.18210144927536231 -0.5755199999999999
8 0.3929186795491143 1.5289599999999999 -0.5117954911433173 -1.7623466666666665
