6 0.3347302737520129 1.2194266666666664 -0.42952495974235105 -1.4486666666666665
2 0.07200080515297906 0.6666933333333332 0.14400161030595812 0.2941866666666667
2 0.1428743961352657 0.7596 0.02365539452495974 -0.1215999999999999
2 0.1776167471819646 0.8272400000000001 -0.0668438003220612 -0.3577866666666667
2 0.22893719806763288 0.8943866666666666 -0.16457326892109503 -0.6169333333333333
2 0.24511674718196458 0.9215066666666666 -0.19741545893719803 -0.7077066666666666
2 0.273683574879227 0.97688 -0.2623429951690821 -0.8951466666666665
8 0.39760466988727855 1.3780266666666665 -0.5347101449275362 -1.7295466666666663
8 0.3726046698872786 1.2771066666666666 -0.4847101449275362 -1.5794933333333334
8 0.3194806763285024 1.1339466666666667 -0.3722141706924316 -1.3242133333333332
