2 0.32377616747181964 1.2500266666666666 -0.38251207729468595 -1.3209066666666665
2 0.1999315619967794 0.8324933333333333 -0.10337359098228663 -0.45047999999999994
2 0.2605756843800322 0.9665866666666667 -0.228816425120773 -0.8235199999999999
6 0.3033896940418679 1.1360133333333333 -0.3544605475040257 -1.26648
8 0.11252012882447665 0.5831066666666667 0.2250402576489533 0.82312
8 0.2851046698872786 1.0114666666666667 -0.28679549114331726 -0.9757333333333332
8 0.3601046698872786 1.2469199999999998 -0.4472141706924316 -1.49496
8 0.3822423510466989 1.8892666666666666 -0.5154347826086957 -2.8348
8 0.1879710144927536 0.6923466666666667 -0.06752012882447664 -0.2857066666666666
8 0.14135668276972624 0.6198933333333333 0.033003220611916274 -0.08218666666666664
8 0.26323268921095005 1.02528 -0.26179549114331724 -1.0861333333333332
