3 0.36738727858293074 1.5293866666666667 -0.48847826086956525 -1.5985066666666667
2 0.23613123993558774 1.1068 -0.16809178743961356 -0.7696000000000001
2 0.1754106280193237 0.9572666666666667 -0.08215780998389693 -0.49159999999999987
2 0.33218196457326893 1.2648533333333334 -0.38584541062801925 -1.3233066666666669
2 0.5065660225442834 2.0202533333333332 -0.7292028985507247 -2.5781599999999996
2 0.4053059581320451 1.4672266666666667 -0.5461835748792271 -1.8287466666666665
3 0.4173389694041868 1.536773333333333 -0.5999919484702093 -2.008373333333333
2 0.5499114331723027 1.9850666666666665 -0.8355233494363927 -2.6485333333333334
4 0.3839009661835749 1.4498533333333334 -0.5675281803542673 -1.8326666666666667
7 0.1318156199677939 0.8675600000000001 0.07680354267310789 -0.2894133333333334
2 0.10827294685990338 0.7236933333333333 0.09490338164251207 -0.03421333333333329
2 0.07985507246376812 0.5244533333333333 0.15971014492753624 0.32090666666666656
7 0.0897181964573269 0.56516 0.14338164251207727 0.2502666666666667
7 0.13739130434782607 0.6023866666666666 0.014299516908212576 -0.00024000000000000909
8 0.5121819645732689 1.7928666666666668 -0.7930273752012882 -2.66616
