2 0.3046014492753623 1.1481866666666667 -0.3162882447665057 -1.0755733333333335
2 0.06981481481481482 0.7967733333333333 0.13962962962962963 0.40112
2 0.19393719806763285 0.9351466666666667 -0.09275362318840581 -0.5466133333333334
2 0.21913848631239938 0.9617466666666665 -0.13971014492753625 -0.65896
2 0.27985909822866345 1.0532666666666666 -0.2627133655394525 -0.9223733333333333
3 0.3258333333333333 1.49628 -0.451231884057971 -1.5456799999999997
2 0.3401731078904992 1.2960266666666667 -0.39002415458937206 -1.3512533333333334
2 0.32582125603864737 1.1411066666666665 -0.3619645732689211 -1.2141066666666664
2 0.13693236714975845 0.7205199999999999 0.029275362318840592 -0.10034666666666665
3 0.16128824476650563 0.8034133333333332 -0.06592592592592592 -0.35365333333333326
2 0.3087721417069243 1.1224266666666665 -0.3309259259259259 -1.10512
2 0.12255636070853462 0.59176 0.0484621578099839 0.014773333333333388
1 0.09706521739130436 0.45050666666666667 0.10020128824476651 0.31616
