0 0.3954523424878837 1.6497860962566844 -0.5306300484652665 -1.4011229946524062
0 0.16403877221324717 0.9391711229946523 -0.06751211631663975 0.060855614973262
0 0.11275444264943459 0.7119786096256683 0.03935379644588044 0.4441176470588235
0 0.5195274636510501 2.1524064171122994 -0.7933037156704362 -2.3101604278074865
0 0.5006785137318256 2.095922459893048 -0.7699192245557351 -2.197192513368984
0 0.3161308562197092 1.196898395721925 -0.3752342487883683 -1.0962566844919786
0 0.38403473344103395 1.5779144385026738 -0.49585621970920846 -1.4199465240641709
0 0.3658117932148627 1.4394385026737968 -0.4612520193861066 -1.2782887700534757
0 0.35553311793214865 1.3771925133689837 -0.44058158319870766 -1.2484491978609624
0 0.3764256865912763 1.4802673796791443 -0.49656704361873993 -1.5248663101604276
0 0.3689983844911147 1.4229545454545451 -0.4593376413570275 -1.3277807486631017
0 0.38368336025848143 1.4568048128342246 -0.515864297253635 -1.6046791443850266
2 0.2863449111470113 1.0786898395721924 -0.30060581583198714 -1.02855614973262
8 0.33801292407108247 1.2343048128342244 -0.4101453957996769 -1.3145454545454547
