0 0.3350735294117647 1.2096216216216218 -0.4304575163398694 -1.3154054054054054
0 0.16961601307189544 0.7702297297297298 -0.11411764705882352 -0.14305405405405408
0 0.3794076797385621 1.591662162162162 -0.5268709150326798 -1.3941891891891893
0 0.37588235294117645 1.548472972972973 -0.5305718954248366 -1.4982972972972974
0 0.34117238562091506 1.5266486486486488 -0.4559558823529411 -1.321027027027027
0 0.3481903594771242 1.5142702702702704 -0.46218137254901953 -1.1842702702702703
0 0.28202614379084967 1.0955405405405405 -0.33279411764705885 -0.9631891891891893
0 0.29525735294117644 1.1445540540540542 -0.36822712418300657 -1.0699189189189189
0 0.2819158496732026 1.0781486486486487 -0.3338480392156863 -0.9791081081081081
0 0.2662704248366013 1.0303783783783784 -0.29909313725490194 -0.8543243243243243
0 0.2931168300653595 1.0792027027027027 -0.3484722222222222 -1.023810810810811
0 0.2349714052287582 0.9202162162162163 -0.23870098039215684 -0.638972972972973
0 0.2466748366013072 0.9406351351351351 -0.25243464052287584 -0.7065675675675677
0 0.25342728758169936 0.9736081081081082 -0.2823611111111111 -0.7806756756756758
3 0.0 0.860391891891892 0.0 0.2738108108108108
8 0.19534313725490196 0.7434459459459462 -0.13609477124183006 -0.463972972972973
8 0.42789624183006536 1.8220405405405407 -0.6553676470588236 -2.900297297297298
8 0.2260743464052288 0.8235675675675677 -0.2121323529411765 -0.6552432432432432
