2 0.3060426731078905 1.1943599999999999 -0.33670692431562 -1.12536
2 0.5376449275362318 2.1533333333333333 -0.7834541062801932 -2.312
2 0.4251811594202899 2.0054399999999997 -0.604597423510467 -2.2194133333333337
3 0.3511674718196457 1.5556 -0.47061191626409016 -1.7780266666666666
2 0.345354267310789 1.3724933333333333 -0.4200966183574879 -1.5662133333333335
2 0.334134460547504 1.23952 -0.3988969404186796 -1.4305066666666664
2 0.332121578099839 1.194613333333333 -0.39195652173913037 -1.3677333333333332
2 0.13438808373590982 0.7204399999999999 0.008760064412238321 -0.17623999999999992
3 0.19912640901771336 0.92344 -0.18097423510466987 -0.65632
2 0.18294685990338164 0.78648 -0.0826892109500805 -0.38517333333333326
2 0.21537842190016104 0.8360933333333332 -0.1384219001610306 -0.5414666666666667
2 0.24840982286634458 0.9065066666666667 -0.21685185185185185 -0.7686933333333332
2 0.2557487922705314 0.9190266666666667 -0.23903381642512078 -0.8078666666666667
2 0.2680998389694042 0.9509333333333332 -0.26053140096618355 -0.8956799999999999
2 0.15380434782608693 0.6566799999999999 -0.018639291465378426 -0.14914666666666676
8 0.28171900161030594 0.9890399999999999 -0.2925201288244766 -0.9964266666666667
