2 0.08530998389694042 0.7111466666666667 0.14119967793880836 0.11322666666666675
6 0.3403099838969404 1.2288666666666666 -0.43519323671497584 -1.4541600000000001
2 0.16946859903381645 0.8091066666666666 -0.054122383252818033 -0.30296
2 0.20858695652173911 0.8561733333333333 -0.11625603864734299 -0.47837333333333326
2 0.22328502415458937 0.8953066666666667 -0.1591304347826087 -0.5998399999999999
2 0.2539251207729469 0.9424533333333331 -0.2151610305958132 -0.7595733333333332
2 0.26400161030595815 0.9599199999999999 -0.23581320450885668 -0.8189333333333334
8 0.28172302737520133 0.9959466666666666 -0.28210950080515296 -0.9585066666666667
8 0.3944806763285024 1.3685466666666668 -0.5253381642512076 -1.70024
8 0.3731280193236715 1.2719466666666668 -0.48263285024154584 -1.5622399999999996
8 0.3306803542673108 1.1486133333333333 -0.3893961352657005 -1.3466133333333334
