2 0.297548309178744 1.1016933333333332 -0.30926731078904995 -1.0481333333333331
2 0.07659017713365539 0.7398266666666666 0.15318035426731078 0.2944799999999999
2 0.18669484702093397 1.1269733333333334 -0.05480676328502417 -0.38648
2 0.23927938808373592 1.0810933333333332 -0.18340579710144927 -0.6972266666666666
2 0.1884339774557166 0.9109333333333334 -0.0926972624798712 -0.5309333333333333
7 0.2809339774557166 0.9946666666666666 -0.26763285024154587 -0.8717333333333334
2 0.2265378421900161 0.9329733333333333 -0.1703220611916264 -0.7393866666666666
3 0.2631441223832528 0.9866 -0.25474235104669884 -0.9255733333333332
4 0.28524959742351047 1.9979333333333333 -0.5704991948470209 -2.08424
0 0.5450040257648953 2.1533333333333333 -0.8363204508856683 -2.312
2 0.33365942028985507 1.2528933333333334 -0.378268921095008 -1.28744
2 0.32643317230273755 1.18196 -0.3648470209339774 -1.2337866666666668
4 0.30131642512077295 1.1559866666666667 -0.38206924315619967 -1.2343199999999999
2 0.14250402576489535 0.6492666666666667 0.0016264090177133738 -0.14386666666666664
2 0.296195652173913 1.06616 -0.3113607085346216 -1.03904
