2 0.2980016116035455 1.0844680851063828 -0.3109750201450443 -1.0356914893617022
2 0.15088235294117647 0.9815292553191489 0.013755036261079769 -0.19492021276595733
2 0.07813859790491538 0.6231648936170213 0.15627719580983077 0.46436170212765965
2 0.07704270749395649 0.39445478723404254 0.15408541498791298 0.6005585106382979
2 0.12352538275584207 0.7270478723404256 0.054093473005640616 -0.04845744680851071
3 0.18003223207091054 0.8682313829787234 -0.1254794520547945 -0.4842287234042554
2 0.12253827558420627 0.647686170212766 0.05432715551974214 -0.02138297872340431
2 0.22551168412570508 0.872247340425532 -0.15796937953263496 -0.5832712765957446
7 0.26556406124093473 0.9974999999999999 -0.2663255439161966 -0.8801595744680849
7 0.23701450443190974 0.9995478723404254 -0.2378323932312651 -0.7869148936170213
4 0.2696535052377115 1.0013962765957447 -0.30182111200644635 -0.95375
2 0.1786543110394843 0.7360904255319148 -0.06672038678485093 -0.30867021276595746
8 0.13335616438356165 0.6326728723404255 0.2667123287671233 0.7240159574468086
