0 0.32621970920840065 1.2547326203208555 -0.3824878836833603 -1.0856684491978608
0 0.24460016155088854 0.94725935828877 -0.20983037156704362 -0.5887433155080214
0 0.23686187399030698 0.9011096256684491 -0.19285137318255252 -0.5147860962566844
5 0.12090468497576738 0.8165641711229945 0.16663974151857838 0.361524064171123
0 0.3678675282714055 1.32927807486631 -0.4673828756058159 -1.4273262032085559
0 0.31703957996768983 1.1707486631016042 -0.3613327948303715 -1.0960427807486632
0 0.3445113085621971 1.3085160427807485 -0.4138529886914378 -1.195855614973262
0 0.3528675282714055 1.3076604278074866 -0.4421647819063005 -1.3323796791443852
0 0.3645234248788369 1.342272727272727 -0.4669466882067852 -1.4649732620320857
2 0.2876817447495961 1.0487967914438503 -0.28636510500807755 -0.9747593582887698
0 0.12985056542810985 0.6427673796791443 0.02871567043618741 0.25890374331550803
5 0.15359854604200324 0.8148930481283422 0.03537156704361876 0.17780748663101603
8 0.30519789983844914 1.0705080213903744 -0.3299434571890146 -1.1352941176470586
8 0.09876009693053313 0.5242245989304812 0.19752019386106626 0.8468983957219252
