2 0.3531763285024155 1.4606266666666667 -0.4231964573268921 -1.5038666666666667
2 0.5170370370370371 2.0623733333333334 -0.793059581320451 -2.49392
2 0.44962560386473427 2.0030799999999997 -0.7120692431561997 -2.6125066666666665
7 0.19207326892109503 0.8586666666666667 -0.031747181964573254 -0.2563733333333333
2 0.20369565217391306 0.9149200000000001 -0.1128985507246377 -0.48125333333333326
2 0.08347826086956522 0.7969733333333333 0.16695652173913045 0.40072
2 0.4082608695652174 1.7550133333333333 -0.5790660225442834 -2.3156799999999995
2 0.24981078904991946 0.9574399999999998 -0.2082206119162641 -0.7395733333333332
2 0.43596618357487926 1.59776 -0.6239291465378421 -2.2416
8 0.26713768115942027 1.1701733333333333 -0.2654347826086957 -1.2241333333333335
8 0.35568035426731076 1.3064533333333332 -0.4560628019323672 -1.6933333333333334
