2 0.3835950080515298 2.1533333333333333 -0.5290418679549115 -2.312
2 0.3519887278582931 1.6338933333333334 -0.46120772946859906 -1.6400533333333331
2 0.35126811594202895 1.4021333333333332 -0.42778582930756837 -1.4631466666666664
0 0.33952898550724636 1.2123599999999999 -0.4141304347826087 -1.3025866666666668
0 0.3427979066022544 1.2170133333333333 -0.4166747181964573 -1.3073599999999999
2 0.28071658615136874 1.0186 -0.2828341384863124 -0.938
0 0.3184581320450886 1.1038133333333333 -0.36079710144927535 -1.1483733333333332
2 0.22945652173913045 0.9620399999999999 -0.16041062801932368 -0.6115466666666667
2 0.07834943639291465 0.8965866666666668 0.1566988727858293 0.20149333333333333
2 0.16557165861513687 0.9317999999999999 -0.034396135265700484 -0.29421333333333327
0 0.2568035426731079 0.9078666666666666 -0.22362318840579712 -0.6828266666666668
