2 0.39283011272141705 2.021 -0.45991143317230276 -2.0473333333333334
2 0.33421095008051527 1.2620666666666667 -0.38354267310789053 -1.30168
2 0.20188808373590983 0.9277466666666667 -0.10759259259259259 -0.5830666666666666
2 0.2086996779388084 0.9588666666666666 -0.12694847020933978 -0.6905333333333334
2 0.23728663446054749 0.9870266666666666 -0.19605475040257647 -0.8147999999999999
2 0.33347423510466984 1.19732 -0.37153784219001607 -1.2469066666666666
0 0.15234299516908212 0.6093733333333333 -0.03241545893719806 0.0044533333333333
7 0.21592190016103055 0.9244933333333333 -0.1013123993558776 -0.44802666666666663
7 0.2056924315619968 0.87424 -0.09169082125603867 -0.27781333333333336
7 0.22282608695652173 0.9273866666666666 -0.13346215780998388 -0.5248533333333333
7 0.2340619967793881 0.9382933333333333 -0.15321256038647343 -0.5656
7 0.37415458937198065 1.5315199999999998 -0.4255716586151369 -1.5389333333333333
8 0.2806803542673108 1.1253199999999999 -0.284194847020934 -1.16552
8 0.3723470209339774 1.2736666666666667 -0.4737761674718196 -1.5553333333333332
