0 0.31376817447495964 1.1331016042780748 -0.34218901453958 -1.0250802139037432
0 0.3191397415185783 1.1695989304812833 -0.3617528271405493 -1.1110695187165778
0 0.12380452342487883 0.8289572192513368 0.033634894991922466 0.3367379679144385
0 0.1713327948303716 0.7657219251336898 -0.0421647819063005 0.011711229946524052
2 0.062136510500807755 0.7324064171122995 0.12427302100161551 0.5298395721925133
0 0.17792810985460422 0.8071122994652407 -0.06205977382875605 0.002834224598930487
0 0.37653877221324716 1.5224732620320853 -0.5039822294022618 -1.437941176470588
0 0.4689297253634895 1.9930748663101605 -0.7220920840064621 -2.1696256684491977
0 0.2147576736672052 0.8352139037433155 -0.13054927302100164 -0.3213903743315508
0 0.2788529886914378 1.019625668449198 -0.27064620355411956 -0.791657754010695
2 0.2105896607431341 0.9868315508021389 -0.1529725363489499 -0.5775133689839572
3 0.24470920840064622 0.992994652406417 -0.21497576736672053 -0.720855614973262
8 0.08652261712439419 0.6364973262032085 0.17304523424878837 0.7163101604278074
8 0.35806542810985464 1.3756684491978608 -0.410670436187399 -1.383529411764706
