2 0.3396779388083736 1.23112 -0.3884863123993559 -1.317813333333333
3 0.22937600644122383 1.0027466666666665 -0.19469404186795494 -0.8538133333333333
2 0.23176731078904994 0.9945466666666666 -0.17615942028985507 -0.8177333333333332
2 0.2068478260869565 0.9680399999999999 -0.12252012882447666 -0.6976266666666667
2 0.19728663446054748 0.9704266666666665 -0.10484702093397745 -0.6591999999999999
2 0.18698470209339776 0.9580933333333334 -0.08024959742351045 -0.5843466666666667
2 0.1596256038647343 0.91812 -0.028655394524959747 -0.43666666666666665
2 0.07423107890499195 0.7791066666666665 0.1484621578099839 0.11512000000000004
2 0.07967793880837358 0.7772933333333334 0.15935587761674716 0.4000266666666667
4 0.3247061191626409 1.1864666666666666 -0.38635265700483096 -1.2972
8 0.2858856682769726 1.1063333333333334 -0.31127214170692435 -1.1724
