3 0.24519323671497587 1.0299866666666666 -0.236231884057971 -0.7638666666666668
3 0.39480273752012884 1.9721466666666667 -0.6224235104669887 -2.6477066666666667
2 0.1310668276972625 0.7184666666666667 0.03817230273752013 -0.07394666666666672
2 0.06847020933977456 0.5751333333333334 0.13694041867954912 0.2571466666666666
2 0.21793880837359098 0.86364 -0.1569404186795491 -0.5662666666666667
2 0.3388204508856682 1.3460266666666667 -0.40437198067632846 -1.473066666666667
2 0.27888083735909824 1.02188 -0.2944766505636071 -0.9832266666666665
3 0.2886674718196457 1.0695599999999998 -0.3420209339774557 -1.1243466666666666
2 0.365877616747182 1.4423333333333332 -0.46764895330112727 -1.6835999999999998
2 0.3985950080515298 1.5611333333333335 -0.5244041867954912 -1.9454666666666667
3 0.5301489533011272 1.9235866666666668 -0.8591867954911432 -2.771493333333333
4 0.26237520128824476 1.011 -0.3105152979066023 -0.9762399999999998
7 0.08486714975845411 0.46026666666666666 0.16973429951690822 0.4408533333333333
