2 0.27410628019323674 1.4835066666666665 -0.28594202898550725 -0.9778933333333333
2 0.2264855072463768 0.8301999999999999 -0.15501610305958133 -0.5668533333333333
2 0.21024557165861513 0.7763466666666666 -0.11786634460547503 -0.4417599999999999
2 0.24392914653784217 0.8862533333333332 -0.1958454106280193 -0.6982666666666667
2 0.4517391304347826 1.7387733333333333 -0.6224637681159421 -2.3117866666666664
2 0.4215619967793881 1.6930666666666665 -0.5594685990338164 -2.131413333333333
2 0.37764895330112724 1.4113066666666667 -0.47737520128824473 -1.7213866666666666
2 0.17877616747181965 0.8957066666666667 -0.06619967793880835 -0.5171733333333334
8 0.25593800322061194 0.8993333333333333 -0.22846215780998388 -0.7687466666666666
8 0.145 0.5500266666666667 0.017375201288244754 0.005813333333333352
