2 0.08286634460547504 0.67252 0.16573268921095008 0.3449333333333333
2 0.07324476650563606 0.7256 0.14648953301127213 0.07423999999999993
2 0.12324879227053138 0.8080266666666667 0.05727053140096617 -0.17658666666666673
2 0.16753220611916264 0.8516133333333333 -0.04050724637681159 -0.38845333333333326
2 0.21725040257648953 0.8665333333333333 -0.13559581320450884 -0.5341866666666667
2 0.2246014492753623 0.9195466666666666 -0.15377616747181963 -0.66272
2 0.26443639291465376 0.9603733333333333 -0.23492753623188403 -0.80048
8 0.2780756843800322 0.9959333333333332 -0.2685668276972624 -0.9170933333333332
8 0.3160950080515298 1.0959866666666667 -0.3487761674718196 -1.1862133333333331
8 0.3325040257648953 1.1839733333333333 -0.38574879227053144 -1.3241599999999998
8 0.3806803542673108 1.9047866666666664 -0.5196054750402577 -2.80376
