2 0.30892109500805154 1.1506666666666667 -0.33600644122383255 -1.1392
2 0.11307568438003221 0.8181999999999999 0.07776167471819645 0.039653333333333346
2 0.1504549114331723 0.887 -0.018140096618357488 -0.30365333333333333
2 0.20714975845410627 0.92268 -0.12407407407407407 -0.60232
2 0.27293075684380036 1.0695066666666666 -0.24896940418679547 -0.8778933333333331
2 0.28154589371980676 1.0688666666666669 -0.2781964573268922 -0.9573600000000001
2 0.2389130434782609 0.97108 -0.2056843800322061 -0.8335200000000001
2 0.36569645732689215 1.5607466666666665 -0.43601449275362314 -1.583786666666667
4 0.310817230273752 1.3892533333333335 -0.4683333333333333 -1.5338666666666667
0 0.3958212560386474 1.4595466666666668 -0.5312399355877616 -1.61696
2 0.3315458937198068 1.1920933333333332 -0.3857648953301127 -1.2964533333333332
4 0.30979468599033816 1.1443866666666667 -0.3908615136876007 -1.26568
2 0.3080555555555555 1.1092 -0.33566022544283414 -1.1198399999999997
2 0.14177536231884055 0.6481866666666666 0.0010708534621578201 -0.1364800000000001
