2 0.30256441223832525 1.1392133333333332 -0.3192673107890499 -1.0857333333333332
2 0.08644524959742352 0.9395333333333332 0.1347584541062802 0.11560000000000005
2 0.1371940418679549 0.9341199999999998 0.01641706924315621 -0.26482666666666665
2 0.21075281803542673 0.95648 -0.1307648953301127 -0.6295466666666668
2 0.23737117552334944 0.9922533333333333 -0.18987922705314011 -0.7892533333333334
2 0.2671296296296296 1.0235066666666666 -0.2557568438003221 -0.9610933333333332
3 0.35163848631239936 2.1533333333333333 -0.7032769726247987 -2.312
2 0.3886312399355878 1.776093333333333 -0.47457326892109497 -1.8445066666666667
2 0.34425925925925926 1.2683733333333334 -0.39589371980676324 -1.35632
3 0.3230152979066023 1.1704666666666665 -0.38680354267310785 -1.2785333333333333
2 0.19233494363929146 0.8037199999999999 -0.09533011272141705 -0.42456
2 0.30865539452495977 1.11688 -0.33497584541062797 -1.1181333333333334
3 0.05037842190016103 0.473 0.10075684380032206 0.5991199999999999
2 0.07278985507246377 0.47951999999999995 0.14557971014492754 0.28314666666666666
2 0.15208937198067635 0.6674133333333333 -0.018977455716586145 -0.20512000000000002
