2 0.3665821256038648 1.6901333333333335 -0.48437198067632853 -2.06016
2 0.4992109500805153 1.8845333333333334 -0.7598067632850241 -2.7662933333333335
2 0.48627214170692434 1.8294133333333336 -0.728695652173913 -2.6538666666666666
2 0.47258454106280195 1.7809599999999999 -0.7036070853462157 -2.56608
2 0.23917874396135266 0.9544933333333333 -0.18729468599033816 -0.6667466666666666
2 0.27605072463768116 1.0441733333333334 -0.2653864734299517 -0.9113866666666668
2 0.37080917874396135 1.4392266666666667 -0.4948389694041868 -1.828853333333333
2 0.42587761674718194 1.5281866666666668 -0.604830917874396 -2.0682133333333335
3 0.46342592592592596 1.6718533333333334 -0.6944847020933977 -2.3748533333333333
2 0.4403703703703704 1.5811866666666667 -0.6318679549114331 -2.1833866666666664
2 0.25302334943639293 0.9700666666666665 -0.21355072463768118 -0.7564533333333333
2 0.3286191626409018 1.1777466666666665 -0.37670692431562 -1.2811466666666667
2 0.3110990338164251 1.0970533333333332 -0.3350805152979066 -1.1248799999999997
8 0.34838566827697265 1.2029333333333334 -0.4102334943639292 -1.3655999999999997
