1 0.21491545893719807 0.968 -0.13309983896940417 -0.31135999999999997
2 0.454549114331723 2.1533333333333333 -0.6043800322061191 -2.312
2 0.4204991948470209 2.0773333333333333 -0.5851529790660225 -2.464
2 0.1459098228663446 0.8779333333333333 0.0023027375201288354 -0.4025333333333333
2 0.17876409017713363 0.9098133333333334 -0.06277777777777778 -0.5200533333333334
2 0.20784621578099838 0.8984666666666665 -0.12683574879227055 -0.5862133333333333
2 0.32902173913043475 1.2511066666666666 -0.36902576489533007 -1.2737333333333332
2 0.236280193236715 0.9442666666666667 -0.18735909822866342 -0.7625066666666667
2 0.319951690821256 1.1447599999999998 -0.35914653784219 -1.2038133333333334
3 0.307866344605475 1.0716133333333333 -0.3521256038647343 -1.1574666666666664
8 0.2686996779388084 1.052 -0.27065217391304347 -1.04992
8 0.11070048309178744 0.5227333333333334 0.22140096618357488 0.9438666666666666
