0 0.3493639291465378 1.2020533333333332 -0.4164734299516908 -1.33376
3 0.10941626409017714 0.5698666666666666 0.057576489533011276 0.01722666666666669
7 0.15547906602254427 0.6108 -0.02148953301127214 -0.1067733333333333
2 0.17988727858293077 0.7339333333333333 -0.06784219001610307 -0.31197333333333344
2 0.15984702093397746 0.68432 -0.024573268921094994 -0.21429333333333336
2 0.22289452495974232 0.8320533333333333 -0.16134460547504026 -0.5874133333333333
2 0.2105072463768116 0.7903733333333333 -0.1365378421900161 -0.5054933333333334
2 0.2529830917874396 0.8973466666666666 -0.22190821256038648 -0.7642933333333334
8 0.3332850241545894 1.1494799999999998 -0.39460547504025767 -1.2793333333333332
8 0.3934380032206119 1.4047733333333332 -0.4826247987117553 -1.7140266666666666
8 0.3627133655394525 1.251253333333333 -0.45033816425120765 -1.4898133333333332
8 0.308023349436393 1.0546 -0.3357568438003221 -1.14824
8 0.2921376811594203 0.9976666666666666 -0.3050161030595814 -1.0170933333333336
8 0.38015700483091786 1.32628 -0.4706521739130434 -1.6433333333333333
