2 0.30229871175523354 1.1351866666666666 -0.320426731078905 -1.1415733333333333
2 0.3563969404186796 1.25548 -0.4409098228663446 -1.4844533333333332
3 0.31564009661835746 1.2435333333333332 -0.38983091787439617 -1.3489866666666666
2 0.08266908212560387 0.6785599999999999 0.16533816425120773 0.4450133333333332
2 0.07685990338164252 0.6335733333333332 0.14225442834138488 0.14533333333333326
3 0.26012882447665053 0.98468 -0.25347826086956526 -0.8741599999999998
2 0.24140096618357487 0.9169200000000001 -0.19164251207729466 -0.6981066666666667
4 0.27811594202898554 1.03012 -0.31555555555555553 -1.0222666666666667
2 0.33990338164251205 1.2009599999999998 -0.4039613526570048 -1.3643733333333332
8 0.19161835748792272 0.7561733333333333 -0.10085346215780998 -0.40647999999999995
8 0.1627133655394525 0.6526799999999999 -0.01595813204508856 -0.14770666666666663
8 0.37729468599033816 1.8834533333333332 -0.5159581320450886 -2.84392
