3 0.05650966183574879 0.7072666666666667 0.11301932367149758 0.5801333333333334
2 0.46817230273752014 2.0916533333333334 -0.6321095008051529 -2.4353599999999997
2 0.3452294685990338 1.31904 -0.38541867954911435 -1.3418133333333333
2 0.0780475040257649 0.80156 0.1560950080515298 0.06749333333333334
2 0.10839371980676328 0.8346133333333333 0.09103864734299516 -0.1408533333333333
2 0.17482286634460548 0.9225066666666666 -0.04310789049919484 -0.48111999999999994
2 0.2041022544283414 0.9313466666666667 -0.1000563607085346 -0.5705333333333333
2 0.3321256038647343 1.21848 -0.36412238325281804 -1.248746666666667
2 0.25085346215780996 0.99692 -0.19816425120772946 -0.8155466666666666
2 0.2536594202898551 0.9674133333333333 -0.2194283413848631 -0.8101866666666667
8 0.28510869565217395 1.12188 -0.2878341384863124 -1.12408
