2 0.07475442834138486 0.5061466666666666 0.14950885668276973 0.7641333333333332
2 0.07328099838969404 0.6003066666666667 0.14656199677938808 0.4585866666666667
2 0.1174074074074074 0.6712266666666666 0.06162640901771337 0.03327999999999997
2 0.14298711755233495 0.7902133333333332 0.005265700483091804 -0.26922666666666667
2 0.22859098228663444 0.8853599999999999 -0.1713687600644122 -0.6133333333333333
2 0.23760869565217393 0.8995466666666666 -0.18990338164251208 -0.6803733333333333
0 0.21083333333333334 0.8049999999999999 -0.13039452495974235 -0.3268533333333334
0 0.2199597423510467 0.8037466666666667 -0.12059581320450884 -0.32536000000000004
8 0.2595893719806763 0.9390266666666666 -0.2399194847020934 -0.7963466666666666
8 0.29604669887278584 1.03476 -0.3128341384863125 -1.0671733333333333
8 0.3257286634460548 1.1856799999999998 -0.38158615136876 -1.34144
8 0.3827657004830918 1.8955333333333333 -0.5466908212560386 -2.8197599999999996
8 0.21765700483091785 0.7906666666666666 -0.15397745571658614 -0.4789333333333334
