2 0.27440418679549117 1.4847866666666665 -0.28557165861513684 -0.9766133333333332
2 0.22652576489533008 0.8301466666666667 -0.1550805152979066 -0.5668
2 0.21032608695652175 0.7764666666666666 -0.11796296296296298 -0.4418399999999999
2 0.24389694041867951 0.8860799999999999 -0.19611916264090176 -0.6991466666666667
2 0.4516626409017713 1.7382933333333332 -0.6223268921095008 -2.3109333333333337
2 0.4330434782608696 1.7672666666666668 -0.5992109500805153 -2.3148
3 0.18159420289855074 0.8118933333333332 -0.09373590982286634 -0.4753066666666666
2 0.17260466988727857 0.8854399999999999 -0.04707729468599036 -0.4666133333333332
2 0.08141304347826087 0.45729333333333333 0.16282608695652173 0.44536
8 0.1481280193236715 0.5508933333333333 0.014243156199677937 0.004026666666666642
8 0.2559420289855072 0.9355733333333334 -0.22950080515297905 -0.8618666666666668
