2 0.23097826086956522 0.9330799999999999 -0.1481561996779388 -0.55944
2 0.33696054750402576 1.2522533333333334 -0.38968599033816426 -1.3287733333333334
2 0.24806763285024155 0.9550133333333333 -0.18710144927536235 -0.6792
2 0.26209742351046694 0.9764533333333332 -0.23047504025764895 -0.7874133333333332
2 0.2696376811594203 0.9804266666666667 -0.244573268921095 -0.8343466666666667
3 0.4734057971014493 1.7765866666666668 -0.734074074074074 -2.58896
2 0.08503220611916264 0.42173333333333335 0.17006441223832527 0.48954666666666663
2 0.0885708534621578 0.48766666666666664 0.16044283413848628 0.3508
2 0.10602657004830918 0.5593733333333333 0.11825281803542674 0.20194666666666664
8 0.2806803542673108 1.1348133333333332 -0.2852254428341385 -1.17064
8 0.5030756843800323 1.8892666666666666 -0.8175201288244767 -2.8348
8 0.4108896940418679 1.4177066666666667 -0.5623107890499195 -1.8744533333333335
