2 0.31083333333333335 1.1405866666666666 -0.33685185185185185 -1.1218666666666668
2 0.07468196457326892 0.6086133333333333 0.14936392914653784 0.3067733333333333
2 0.4046698872785829 1.83816 -0.5389694041867955 -2.0220266666666666
2 0.38301932367149755 1.6593066666666667 -0.4880354267310789 -1.8806933333333333
2 0.35991545893719806 1.4907733333333333 -0.43403381642512073 -1.6573333333333333
2 0.3480434782608696 1.4085333333333334 -0.4207729468599034 -1.5633066666666666
2 0.3469162640901771 1.3715333333333335 -0.4122222222222222 -1.5446133333333334
2 0.3408574879227053 1.3288133333333334 -0.40417874396135267 -1.490106666666667
2 0.2836231884057971 0.9913599999999999 -0.27718196457326894 -0.9334399999999998
2 0.32949677938808375 1.19072 -0.3773510466988728 -1.3401066666666666
3 0.3248913043478261 1.1672933333333333 -0.3745008051529791 -1.3095733333333333
2 0.2684983896940419 0.9450799999999999 -0.2523429951690821 -0.8547999999999999
8 0.25802334943639293 0.8993466666666666 -0.2336634460547504 -0.7825333333333334
8 0.29291867954911427 1.0261333333333333 -0.30554750402576486 -1.04304
