2 0.30220209339774556 1.4327466666666666 -0.32598228663446055 -1.1046399999999998
2 0.4703019323671498 2.1533333333333333 -0.6689935587761675 -2.312
2 0.3536272141706924 1.3981599999999998 -0.4364653784219002 -1.61696
2 0.3447745571658615 1.28172 -0.4127858293075684 -1.4633333333333334
2 0.33756038647342995 1.23904 -0.39684380032206124 -1.417493333333333
2 0.07528582930756843 0.44881333333333334 0.15057165861513686 0.6440266666666666
2 0.3041062801932367 1.0574000000000001 -0.3299838969404187 -1.1136266666666668
2 0.11349838969404187 0.68832 0.08311594202898552 0.0061866666666666485
2 0.21907407407407406 0.8614666666666667 -0.14784219001610305 -0.5816
2 0.2338526570048309 0.8849066666666667 -0.18966988727858294 -0.66384
2 0.25615942028985506 0.9354399999999998 -0.2305958132045089 -0.8128
2 0.27794685990338164 0.9946666666666666 -0.27365539452495974 -0.9638400000000001
2 0.17191626409017713 0.7150933333333334 -0.05752012882447665 -0.2963733333333334
2 0.16622785829307568 0.68928 -0.04598228663446054 -0.2923733333333334
8 0.07580112721417069 0.4433066666666667 0.15160225442834138 0.6642666666666667
