2 0.2952495974235105 1.26464 -0.31483091787439615 -1.0588266666666666
2 0.5300080515297907 2.1533333333333333 -0.7664895330112722 -2.312
2 0.4025402576489533 2.056106666666667 -0.5553220611916263 -2.22464
2 0.39388486312399357 1.72556 -0.506256038647343 -1.9433333333333334
2 0.06787842190016104 0.5529733333333333 0.13575684380032207 0.3590133333333333
3 0.27743961352657004 0.9935866666666667 -0.2810950080515298 -0.94664
0 0.36704911433172305 1.31276 -0.46517713365539454 -1.4630666666666665
0 0.4607206119162641 1.6060533333333333 -0.6615378421900161 -2.09632
0 0.4561795491143318 1.5691866666666665 -0.6372222222222221 -2.0485599999999997
8 0.25880434782608697 0.9234933333333333 -0.23627214170692434 -0.79632
