2 0.07251207729468599 0.6621866666666666 0.14502415458937198 0.6702933333333333
2 0.3802697262479871 1.9401466666666665 -0.4539210950080515 -1.8856266666666663
2 0.11382447665056361 0.9191199999999998 0.07595813204508856 -0.29717333333333334
2 0.35164653784219 1.37548 -0.40709339774557163 -1.4449333333333334
2 0.14632850241545894 0.8876799999999999 -0.004782608695652172 -0.3693866666666666
2 0.16893719806763285 0.8861066666666667 -0.06808373590982286 -0.4584
2 0.3328864734299517 1.2064533333333334 -0.3876086956521739 -1.3010133333333334
2 0.24482286634460546 0.9736933333333333 -0.204170692431562 -0.8161333333333332
8 0.09221014492753624 0.63228 0.18442028985507247 0.7247733333333334
8 0.2785990338164251 1.1382666666666668 -0.28523349436392914 -1.1741333333333333
8 0.2627093397745571 0.9329733333333333 -0.25450080515297907 -0.9394933333333332
