2 0.08424718196457327 1.02848 0.16849436392914655 -0.06229333333333337
2 0.19552737520128824 1.1093466666666667 -0.08169887278582928 -0.47064
2 0.38742351046698875 1.7438933333333333 -0.49148148148148146 -1.737173333333333
2 0.2589855072463768 1.0525866666666668 -0.23578099838969402 -0.8119466666666667
2 0.2692391304347826 1.0610799999999998 -0.24719001610305957 -0.9053066666666667
2 0.3215539452495974 1.1832 -0.37771336553945245 -1.3689066666666667
2 0.38986714975845416 1.5761199999999997 -0.4936151368760064 -1.7151200000000002
2 0.40652979066022543 1.6020533333333333 -0.5460708534621578 -1.9303466666666667
2 0.3671779388083736 1.4459733333333333 -0.47152173913043477 -1.77104
2 0.500950080515298 1.9089466666666666 -0.7402576489533012 -2.657093333333333
2 0.46544283413848636 1.7277600000000002 -0.6677455716586151 -2.3976
8 0.13146135265700484 0.5276133333333334 0.04654589371980677 0.02994666666666664
8 0.5491626409017714 1.9047733333333332 -0.8544927536231883 -2.8037333333333336
