2 0.07858293075684379 0.8399466666666667 0.15716586151368758 0.010133333333333364
2 0.1194122383252818 0.8970666666666666 0.0723671497584541 -0.2584000000000001
2 0.13990338164251206 0.8814666666666666 0.03202898550724638 -0.3426133333333334
2 0.1821497584541063 0.8972533333333333 -0.061900161030595834 -0.43983999999999995
2 0.34731884057971013 1.4011066666666665 -0.39703703703703697 -1.4027466666666666
2 0.2300966183574879 0.9644933333333333 -0.16605475040257647 -0.72792
2 0.3340660225442834 1.2130133333333333 -0.38057971014492753 -1.2810133333333333
2 0.23929146537842189 0.9597999999999999 -0.1834782608695652 -0.7728799999999999
3 0.319963768115942 1.11736 -0.36970209339774557 -1.2167466666666666
8 0.27443236714975844 1.1046266666666666 -0.27272946859903385 -1.1033866666666665
