2 0.31533011272141703 1.23184 -0.33631239935587764 -1.1229333333333333
2 0.3738446054750403 1.5720399999999999 -0.46722222222222226 -1.7671733333333335
2 0.35446859903381644 1.3555066666666669 -0.4189049919484702 -1.5060533333333332
2 0.3436473429951691 1.2873066666666666 -0.39409017713365535 -1.4266133333333333
2 0.20368357487922706 0.90092 -0.10160225442834138 -0.45976000000000006
2 0.27100644122383255 0.9997199999999999 -0.24578099838969403 -0.8467466666666665
2 0.2938808373590982 1.04472 -0.2943639291465378 -0.9982933333333334
2 0.18849436392914654 0.8197333333333332 -0.06789049919484702 -0.36624
2 0.21347020933977456 0.8525066666666666 -0.13363929146537842 -0.5001066666666666
2 0.2451046698872786 0.9159999999999999 -0.1928180354267311 -0.6950933333333332
2 0.27359903381642514 0.9923066666666667 -0.24888888888888888 -0.8902666666666665
2 0.12520933977455717 0.62164 0.05209339774557167 0.011919999999999997
2 0.12532608695652173 0.60176 0.04868760064412237 -0.03354666666666662
