0 0.41942245557350566 1.9902673796791444 -0.600638126009693 -1.9858823529411764
0 0.23174474959612276 0.9656550802139036 -0.20854604200323104 -0.5191711229946524
0 0.4273101777059774 1.7967647058823528 -0.5907108239095316 -1.5988770053475936
0 0.36576332794830374 1.5410160427807484 -0.4712681744749596 -1.218235294117647
0 0.2911631663974152 1.2567513368983958 -0.31760904684975766 -0.8244117647058824
0 0.3717407108239096 1.5602673796791442 -0.4915589660743134 -1.4972192513368985
0 0.33133683360258487 1.321390374331551 -0.40451534733441036 -1.1444385026737969
0 0.3724959612277868 1.543850267379679 -0.4650565428109855 -1.3012299465240642
0 0.34949515347334414 1.3683288770053474 -0.445129240710824 -1.297566844919786
0 0.3560743134087238 1.4754812834224595 -0.45195476575121163 -1.3528342245989302
2 0.26681744749596126 1.0777139037433154 -0.2563974151857835 -0.9018983957219252
8 0.31900242326332795 1.174812834224599 -0.3742084006462036 -1.1852406417112298
8 0.21613489499192245 0.7912165775401068 -0.14348142164781907 -0.4387433155080213
