0 0.49729806138933763 2.1524064171122994 -0.8677463651050081 -2.3101604278074865
5 0.15190630048465267 0.9253342245989304 0.07812600969305332 0.1439839572192514
0 0.2493820678513732 1.1036898395721924 -0.24666397415185787 -0.4918716577540106
0 0.22708400646203555 1.0619385026737966 -0.18945072697899837 -0.36136363636363644
0 0.3197172859450727 1.2077005347593583 -0.3863974151857836 -1.1371657754010696
0 0.3144305331179322 1.1580748663101603 -0.3757108239095316 -1.1689839572192513
0 0.34069466882067856 1.2636898395721925 -0.42416801292407114 -1.2480748663101602
0 0.3557148626817448 1.2979679144385026 -0.46309369951534735 -1.4149197860962566
0 0.36106219709208404 1.294157754010695 -0.4760662358642972 -1.4581016042780746
2 0.29526655896607434 1.0609491978609624 -0.3199353796445881 -1.0794919786096255
0 0.22190630048465265 0.889933155080214 -0.17840064620355411 -0.45975935828877
0 0.3514135702746365 1.286229946524064 -0.44264943457189015 -1.3475935828877004
8 0.10311793214862681 0.6741978609625668 0.1950565428109855 0.6409090909090909
8 0.2093659127625202 0.8929411764705881 -0.10598546042003232 -0.2559893048128342
8 0.17550888529886916 0.6610427807486631 -0.04452342487883684 -0.092192513368984
