2 0.30800322061191626 1.79448 -0.288341384863124 -1.5942933333333333
2 0.26113929146537845 1.3405866666666666 -0.18933172302737522 -0.8607466666666668
2 0.23682769726247985 1.08288 -0.13909822866344604 -0.5707200000000001
2 0.21365539452495974 0.92656 -0.10043478260869566 -0.3841066666666667
2 0.11314814814814815 0.5750533333333333 0.10648953301127213 0.3191733333333333
2 0.09077697262479871 0.5692666666666666 0.18155394524959742 0.5958666666666667
2 0.09157407407407407 0.5661466666666667 0.18314814814814814 0.8623733333333332
2 0.19793075684380032 0.7866933333333332 -0.05376811594202901 -0.22442666666666658
2 0.1456964573268921 0.5686133333333334 0.05506441223832529 0.17392
8 0.15906602254428343 0.6845866666666666 0.01632850241545894 -0.10463999999999994
