2 0.08009661835748792 0.9942133333333334 0.16019323671497585 0.006239999999999933
0 0.40085346215781 1.4786533333333334 -0.5490660225442835 -1.6721333333333332
2 0.38892914653784216 1.6640533333333332 -0.4841062801932367 -1.7616533333333335
2 0.37221014492753624 1.4658133333333332 -0.4505555555555556 -1.5819733333333332
2 0.24365539452495974 1.0409466666666667 -0.19484702093397746 -0.7372533333333334
2 0.26849436392914655 1.0460266666666667 -0.2438647342995169 -0.8521066666666666
2 0.3592028985507246 1.3539999999999999 -0.42904991948470217 -1.4761066666666665
2 0.2818558776167472 1.0614799999999998 -0.27710950080515295 -0.9386933333333332
2 0.3001932367149759 1.1048 -0.3148792270531401 -1.08768
2 0.35727858293075687 1.2945866666666666 -0.4264090177133655 -1.4223999999999999
2 0.3354951690821256 1.2113066666666668 -0.38673913043478264 -1.3508266666666664
8 0.2035950080515298 0.8251733333333333 -0.11023349436392914 -0.5927999999999999
8 0.3650563607085346 1.3478533333333333 -0.4685668276972625 -1.7485599999999997
