0 0.3194321895424837 1.1664054054054054 -0.40154411764705883 -1.2387027027027029
0 0.15657271241830065 0.7384594594594596 -0.08544934640522876 -0.07589189189189186
0 0.30083333333333334 1.131662162162162 -0.37426470588235294 -1.1308918918918918
0 0.3800367647058824 2.0850000000000004 -0.5724101307189543 -2.1754054054054057
0 0.3795629084967321 1.813081081081081 -0.4797794117647059 -1.6315675675675676
0 0.3787745098039216 1.8514594594594596 -0.5504575163398693 -1.7083243243243245
0 0.44571078431372546 1.9632432432432434 -0.5814869281045751 -1.931891891891892
0 0.44203839869281053 2.0434324324324327 -0.6454656862745098 -2.0922702702702707
0 0.49957516339869285 2.1513513513513516 -0.7344934640522875 -2.308108108108108
0 0.2677777777777778 1.2879189189189189 -0.2679248366013072 -0.5812432432432432
0 0.29045751633986927 1.2693513513513512 -0.3474346405228758 -0.8656756756756756
0 0.3444076797385621 1.4212702702702704 -0.4371977124183007 -1.1905405405405407
0 0.3585702614379085 1.4850945945945948 -0.4902614379084967 -1.3429459459459459
0 0.3822712418300654 1.585972972972973 -0.5431699346405229 -1.6171891891891894
3 0.0 0.8597162162162163 0.0 0.27516216216216216
8 0.1794566993464052 0.7710135135135135 -0.12620098039215685 -0.46402702702702703
8 0.2364910130718954 0.8554459459459459 -0.2361029411764706 -0.7155945945945946
8 0.2573243464052287 0.901108108108108 -0.28296568627450985 -0.9447027027027028
8 0.28050245098039217 0.9726081081081082 -0.3230800653594771 -1.0842972972972975
8 0.5349223856209151 1.8245945945945945 -0.8714950980392155 -2.9054054054054057
