2 0.12759661835748792 1.0913466666666667 0.060394524959742346 -0.18802666666666665
3 0.21256038647342995 1.06548 -0.20748792270531405 -0.7022666666666667
2 0.3915257648953301 2.1533333333333333 -0.5505716586151368 -2.312
2 0.3581521739130435 1.7722 -0.4507971014492754 -2.07944
2 0.1110708534621578 0.8774533333333332 0.10085346215781 0.04248000000000002
2 0.3283695652173913 1.3968133333333332 -0.3928582930756843 -1.558
3 0.2653059581320451 1.0548533333333334 -0.2702898550724638 -0.9200533333333334
2 0.32632850241545897 1.1741733333333335 -0.3705152979066022 -1.2393333333333334
2 0.32018921095008046 1.149 -0.3612962962962963 -1.2036533333333332
0 0.2995772946859903 1.0307866666666665 -0.3252093397745571 -1.04792
0 0.3020088566827697 1.0354 -0.3294605475040258 -1.0582133333333335
