2 0.17822463768115943 0.8849066666666666 -0.05157004830917873 -0.43034666666666654
2 0.2709782608695652 1.05896 -0.2571256038647343 -0.9578133333333335
2 0.072914653784219 0.573 0.145829307568438 0.23176
3 0.22702093397745574 0.9102266666666667 -0.1800805152979066 -0.6897866666666667
2 0.28092592592592597 1.0037066666666665 -0.27521739130434786 -0.9304
2 0.3095893719806764 1.1289200000000001 -0.3396618357487923 -1.17864
2 0.3449637681159421 1.1974266666666666 -0.41384057971014493 -1.3861066666666666
8 0.33198470209339775 1.1365333333333332 -0.3878341384863124 -1.3017599999999998
8 0.34474235104669887 1.2546933333333332 -0.4435587761674718 -1.5242666666666664
8 0.38016103059581324 1.8840799999999998 -0.5185668276972625 -2.8451733333333333
8 0.15151368760064413 0.5983333333333333 0.009565217391304344 -0.04248000000000002
