2 0.3552254428341385 1.4530666666666665 -0.4089855072463767 -1.4723733333333335
2 0.07726650563607086 0.8482266666666667 0.15453301127214172 -0.07912000000000004
2 0.12644927536231884 0.8674666666666665 0.049388083735909825 -0.24149333333333334
2 0.1477938808373591 0.8752800000000001 0.008921095008051516 -0.3427199999999999
2 0.17614734299516907 0.9067733333333333 -0.05165056360708535 -0.4636266666666667
2 0.33472222222222225 1.2635866666666666 -0.37454911433172305 -1.2992266666666668
2 0.23215780998389693 0.9787199999999999 -0.16776167471819645 -0.7604266666666667
2 0.3316867954911433 1.19696 -0.3692995169082125 -1.2592
2 0.23894122383252817 0.9470399999999999 -0.19651368760064414 -0.7545600000000001
2 0.32344605475040256 1.1393733333333333 -0.3646376811594203 -1.2136266666666666
8 0.12085346215780998 0.54336 0.24170692431561996 0.8609066666666667
8 0.27495169082125603 1.1046266666666666 -0.2748148148148148 -1.09992
