1 0.5602205882352941 2.050310810810811 -0.8368300653594771 -2.510189189189189
0 0.12060049019607844 0.6681351351351351 0.02316176470588235 0.332054054054054
0 0.08064542483660131 0.5938108108108109 0.07962418300653595 0.5427027027027027
0 0.17040849673202613 0.9631486486486487 -0.09258169934640526 -0.00472972972972973
1 0.4404166666666666 1.7247837837837838 -0.5933169934640522 -1.8661621621621622
1 0.5181985294117647 1.8538378378378377 -0.7316748366013072 -2.355837837837838
0 0.34042892156862753 1.1975540540540541 -0.40013888888888893 -1.2421891891891892
0 0.3452941176470588 1.2024189189189192 -0.4050816993464052 -1.2665675675675676
1 0.4482107843137255 1.5975945945945946 -0.6072875816993464 -2.014756756756757
0 0.4966421568627451 1.7206891891891896 -0.6990522875816995 -2.241756756756757
0 0.5097017973856209 1.7799459459459461 -0.7138807189542483 -2.3181621621621624
8 0.08102124183006536 0.3178648648648649 0.11233660130718955 0.4147027027027027
8 0.5372589869281046 1.8710945945945945 -0.7615931372549021 -2.4987837837837836
8 0.36982434640522877 1.3309864864864864 -0.4371323529411765 -1.4564054054054054
8 0.40107434640522877 1.4016216216216217 -0.5090114379084967 -1.6528648648648647
