2 0.3761714975845411 1.8427866666666666 -0.4687842190016103 -1.8401333333333332
7 0.10491545893719807 0.7922666666666667 0.1839049919484702 0.26938666666666666
2 0.15132850241545892 0.8925866666666668 0.0003220611916264136 -0.21002666666666678
2 0.46068035426731074 1.9928933333333334 -0.7080273752012882 -2.63288
2 0.23630837359098228 0.9513466666666667 -0.17686795491143317 -0.6557066666666667
2 0.253743961352657 0.9642 -0.2122222222222222 -0.7518666666666668
2 0.2637520128824477 0.9740266666666666 -0.23362318840579713 -0.8047466666666666
2 0.4743438003220612 1.7652666666666668 -0.7081561996779389 -2.557573333333333
2 0.4609339774557166 1.71256 -0.6828019323671497 -2.45712
2 0.45551932367149756 1.6881066666666664 -0.6668679549114331 -2.41584
2 0.4486433172302738 1.6539466666666667 -0.6569806763285024 -2.3655466666666665
8 0.2780756843800322 1.0485600000000002 -0.27689210950080523 -0.9981333333333333
8 0.35307165861513684 1.3771466666666667 -0.4498148148148149 -1.7381866666666668
8 0.31713768115942026 1.18052 -0.36023349436392915 -1.3000266666666667
