2 0.44899355877616753 2.08684 -0.6288888888888889 -2.4449866666666664
0 0.4484863123993559 1.69624 -0.6469243156199678 -1.9609066666666664
3 0.41752818035426725 1.7412266666666665 -0.5977616747181964 -2.111413333333333
3 0.062467793880837355 0.3733733333333333 0.12493558776167471 0.5159733333333333
3 0.0636111111111111 0.4653866666666666 0.1272222222222222 0.2752533333333333
3 0.08908615136876007 0.5238266666666667 0.09958937198067634 0.13549333333333333
7 0.24321256038647343 0.95736 -0.23383252818035424 -0.8613333333333333
8 0.1356280193236715 0.6242133333333333 -0.0034621578099838833 -0.13221333333333335
8 0.18146135265700483 0.8389733333333333 -0.09720611916264092 -0.6721333333333332
8 0.3629710144927536 1.4107999999999998 -0.47481481481481486 -1.8572266666666668
8 0.29344202898550725 1.1796666666666666 -0.3211674718196457 -1.38456
