0 0.41457924836601306 1.864810810810811 -0.6124918300653595 -1.7350270270270272
0 0.35552696078431373 1.787891891891892 -0.5317075163398693 -1.5811891891891892
0 0.19603349673202614 0.9846621621621622 -0.1479003267973856 -0.2061351351351351
0 0.29918709150326794 1.159283783783784 -0.36425653594771246 -1.0442972972972973
0 0.2714665032679739 1.0418783783783785 -0.32669117647058826 -0.929972972972973
0 0.2888643790849673 1.0832297297297298 -0.34383986928104576 -1.010135135135135
0 0.31302287581699345 1.1531756756756757 -0.38563725490196077 -1.1557027027027027
1 0.25094362745098037 0.9401351351351352 -0.26649509803921567 -0.862108108108108
8 0.46460784313725495 1.5902702702702702 -0.7287908496732027 -2.4367567567567567
8 0.47684640522875815 1.7246486486486488 -0.754313725490196 -2.7193513513513516
8 0.2312826797385621 0.8675000000000002 -0.2319281045751634 -0.7224594594594596
8 0.1549795751633987 0.7253513513513514 -0.07724673202614381 -0.2934594594594595
