2 0.07425925925925926 0.7941066666666665 0.14851851851851852 0.23114666666666667
2 0.11346618357487924 0.8736933333333333 0.0321658615136876 -0.2804533333333334
2 0.36845410628019326 1.6923066666666666 -0.4301610305958132 -1.6215199999999999
2 0.3400402576489533 1.3191733333333333 -0.3925925925925926 -1.34048
2 0.1640257648953301 0.8990666666666666 -0.02974235104669887 -0.4036266666666665
2 0.19192834138486312 0.9397999999999999 -0.09123188405797099 -0.5908533333333333
2 0.3369524959742351 1.2465866666666667 -0.3764814814814815 -1.2906133333333334
2 0.33063607085346214 1.19252 -0.3727375201288245 -1.2432266666666665
2 0.24990338164251208 0.9671466666666666 -0.21719806763285024 -0.79904
8 0.27599033816425117 1.1210133333333332 -0.277938808373591 -1.1465066666666668
8 0.3791183574879227 1.3219733333333332 -0.4904428341384862 -1.6415999999999997
