2 0.07427938808373591 0.7316533333333333 0.14855877616747182 0.5313599999999999
2 0.3772624798711755 1.7260266666666666 -0.44856682769726247 -1.6861333333333333
3 0.321731078904992 1.3564266666666664 -0.43202898550724633 -1.4272
2 0.18207729468599035 0.8816666666666666 -0.07945249597423511 -0.48381333333333326
2 0.1987600644122383 0.9402400000000001 -0.11830917874396135 -0.63872
2 0.2098389694041868 0.9501866666666666 -0.1338647342995169 -0.6924266666666665
2 0.25654991948470207 1.002133333333333 -0.22361513687600645 -0.8893333333333332
3 0.24047504025764893 1.0072533333333331 -0.23214170692431563 -0.9143466666666666
2 0.3313285024154589 1.1858533333333332 -0.37215780998389697 -1.2550133333333333
8 0.2892713365539452 1.1123733333333332 -0.3076247987117552 -1.1775466666666665
8 0.35020933977455715 2.1506666666666665 -0.7003381642512078 -2.312
