2 0.4682407407407407 2.1533333333333333 -0.7239049919484701 -2.312
3 0.2601086956521739 1.0419466666666666 -0.2588647342995169 -0.84128
3 0.38573268921095005 1.8117999999999999 -0.5751368760064413 -2.3762933333333334
2 0.1662962962962963 0.7715066666666667 -0.033816425120772944 -0.2527733333333333
2 0.10947262479871175 0.6466133333333334 0.05150563607085345 0.01104000000000004
2 0.2321014492753623 0.8886000000000001 -0.18476650563607083 -0.6454133333333333
2 0.3378462157809984 1.3036666666666665 -0.4028743961352657 -1.4389066666666663
2 0.28393719806763285 1.03132 -0.30085346215781 -1.0072266666666667
3 0.2940096618357488 1.0775733333333333 -0.3467793880837359 -1.1378666666666668
2 0.36043880837359094 1.38644 -0.4549033816425121 -1.6148000000000002
3 0.5077657004830918 1.92976 -0.8039694041867955 -2.7591466666666666
4 0.26863929146537846 1.0188 -0.31830917874396136 -1.0032533333333333
7 0.08289855072463767 0.5601999999999999 0.16579710144927534 0.2206133333333333
2 0.07690016103059581 0.40911999999999993 0.15380032206119162 0.48944
