2 0.13456924315619967 1.08204 0.04912238325281803 -0.19058666666666674
1 0.38084138486312397 1.45996 -0.4738244766505636 -1.4340533333333332
2 0.3058011272141707 1.1381999999999999 -0.318768115942029 -1.1176266666666668
2 0.3128059581320451 1.1596 -0.34554750402576495 -1.18912
3 0.3935064412238325 1.5403066666666667 -0.5500241545893719 -2.0054133333333333
2 0.37621980676328504 1.3217066666666668 -0.46566022544283414 -1.5576533333333333
1 0.38584541062801936 1.5954933333333332 -0.5088888888888888 -1.488
2 0.21045088566827697 0.9149333333333334 -0.13772946859903384 -0.6703466666666668
8 0.33302334943639295 1.2383066666666667 -0.39512882447665054 -1.3810933333333335
8 0.3640136876006441 1.2564266666666666 -0.4623107890499195 -1.5277333333333332
