2 0.43118872549019605 1.6682567567567568 -0.6225571895424836 -2.306837837837838
2 0.2836764705882353 1.0264054054054055 -0.2820261437908497 -0.9568108108108108
1 0.3299591503267974 1.1682432432432432 -0.38261437908496726 -1.269189189189189
1 0.30704248366013076 1.0911891891891892 -0.3384477124183007 -1.119135135135135
0 0.30171568627450984 1.0548378378378378 -0.3236274509803922 -1.0324864864864864
0 0.25567810457516343 0.9067027027027028 -0.22511437908496734 -0.7004324324324324
8 0.22346813725490194 0.8399324324324324 -0.155890522875817 -0.526027027027027
8 0.39352124183006537 1.4610675675675677 -0.5355718954248366 -1.9405675675675675
8 0.5034150326797386 1.791864864864865 -0.78140522875817 -2.7503783783783784
8 0.3630555555555556 1.2457027027027028 -0.4610947712418302 -1.4857297297297298
8 0.34825571895424834 1.1979729729729731 -0.4261029411764706 -1.4123783783783783
