2 0.06807971014492754 0.37222666666666665 0.1361594202898551 0.47015999999999997
2 0.1619243156199678 0.7294933333333333 -0.04763285024154589 -0.3628266666666666
4 0.14289049919484703 0.6158133333333333 -0.029645732689210943 -0.17285333333333322
2 0.35984299516908214 1.3198266666666667 -0.4471578099838969 -1.5981066666666668
0 0.4132246376811594 1.4177600000000001 -0.564098228663446 -1.82688
2 0.3842351046698873 1.3653333333333333 -0.5123510466988728 -1.7241599999999997
2 0.3975523349436393 1.4005466666666668 -0.5314331723027375 -1.8049866666666665
8 0.4153140096618358 1.9004666666666665 -0.5805475040257648 -2.8124000000000002
8 0.28354669887278583 0.9795599999999999 -0.3076247987117553 -1.06024
8 0.3477254428341385 1.46428 -0.4488325281803543 -2.06152
