3 0.23828099838969405 0.8917066666666666 -0.1980917874396135 -0.64896
1 0.27890499194847024 1.1364933333333331 -0.27222222222222225 -0.7939466666666666
2 0.3684983896940418 1.6375866666666667 -0.4444202898550725 -1.533573333333333
2 0.315024154589372 1.3645066666666665 -0.33045088566827696 -1.2438399999999998
2 0.1421779388083736 0.78816 0.037028985507246384 -0.029333333333333333
3 0.16967391304347826 0.7859733333333333 -0.03540257648953301 -0.17418666666666666
2 0.290378421900161 1.1592133333333332 -0.28703703703703703 -1.0116533333333333
2 0.28062801932367154 1.0898666666666668 -0.2669726247987118 -0.9493333333333335
2 0.18907004830917873 0.7713599999999999 -0.07073268921095008 -0.27327999999999997
2 0.2738123993558776 1.0186 -0.24421095008051535 -0.8428
8 0.25723832528180357 0.9493466666666667 -0.22481481481481483 -0.7273333333333333
8 0.2226046698872786 0.8113733333333333 -0.1607487922705314 -0.5272266666666666
8 0.1840619967793881 0.7725466666666666 -0.09512882447665057 -0.4599733333333333
