2 0.07781803542673109 0.7450933333333333 0.15563607085346218 0.50448
2 0.11990740740740742 1.1968266666666667 0.05055555555555555 -0.39898666666666666
2 0.44159017713365545 2.1533333333333333 -0.5543719806763284 -2.312
2 0.27123590982286633 1.2106266666666667 -0.2595410628019324 -0.9738933333333334
2 0.33004428341384867 1.2175200000000002 -0.39115136876006446 -1.328
2 0.39215780998389693 1.4803866666666665 -0.5040901771336554 -1.6927733333333332
2 0.39657809983896936 1.44596 -0.5009822866344605 -1.6849866666666664
8 0.12788647342995169 0.64952 0.25577294685990337 0.6902933333333333
8 0.35203703703703704 1.3116266666666667 -0.44460547504025766 -1.6036266666666663
8 0.28119967793880835 1.0097333333333331 -0.30085346215781006 -1.09648
