2 0.29295893719806765 1.0831066666666667 -0.2900724637681159 -0.9828000000000001
2 0.08373188405797102 1.0719333333333334 0.16746376811594205 -0.14919999999999997
2 0.08277375201288244 0.8105466666666667 0.13182769726247986 0.11080000000000002
7 0.23941626409017716 0.9794533333333334 -0.15100644122383253 -0.53496
7 0.2714331723027375 0.99192 -0.2362640901771336 -0.7661333333333333
2 0.1938687600644122 0.9029733333333333 -0.08593397745571658 -0.5186933333333333
2 0.2169927536231884 0.9261999999999999 -0.14099033816425122 -0.6135200000000001
2 0.23935990338164248 0.9618399999999999 -0.18210144927536234 -0.7524266666666666
2 0.2533816425120773 0.9712133333333333 -0.21035426731078904 -0.7956533333333333
3 0.25409822866344606 0.9820266666666666 -0.2297423510466989 -0.8585066666666668
2 0.3468035426731079 1.4232933333333333 -0.3928663446054751 -1.3806666666666667
2 0.34449677938808376 1.3142 -0.3844363929146538 -1.3047733333333333
2 0.332121578099839 1.2501466666666667 -0.36680354267310783 -1.2574666666666667
4 0.3009339774557166 1.2000266666666666 -0.3886473429951691 -1.2368533333333331
2 0.15712157809983895 0.68104 -0.014227053140096608 -0.1690666666666666
2 0.2985346215780998 1.0761999999999998 -0.3061674718196457 -1.0252
8 0.3746698872785829 2.1506666666666665 -0.7493397745571658 -2.312
