2 0.312890499194847 1.2320666666666666 -0.3327214170692432 -1.1413066666666667
2 0.17440418679549116 0.7610266666666666 -0.06330112721417068 -0.3311733333333334
1 0.4041223832528181 1.55904 -0.5276167471819646 -1.81344
3 0.33388486312399357 1.2761066666666665 -0.41559581320450883 -1.37392
0 0.2626731078904992 0.9910266666666666 -0.2551529790660225 -0.71496
3 0.21983494363929143 0.8410533333333332 -0.16514492753623186 -0.59592
2 0.24659420289855072 0.9962133333333333 -0.21323671497584543 -0.8351466666666665
2 0.26033011272141704 1.0182266666666668 -0.23140096618357486 -0.9141066666666667
2 0.27189210950080517 1.0211066666666666 -0.2609178743961353 -0.9625333333333332
2 0.2834259259259259 1.0268 -0.2853381642512078 -1.0210133333333333
2 0.3053220611916264 1.12368 -0.32359098228663447 -1.0820266666666667
2 0.21192834138486316 0.8016133333333334 -0.14717391304347827 -0.5595999999999999
8 0.3614049919484702 1.2952266666666665 -0.4664814814814814 -1.63296
8 0.293438003220612 1.0140533333333335 -0.32325281803542677 -1.1223466666666666
8 0.3192230273752013 1.1218666666666666 -0.37585346215780996 -1.2965866666666663
