2 0.29526994359387587 1.1102925531914893 -0.30396454472199835 -1.0157978723404257
2 0.07151087832393231 0.7958776595744681 0.14302175664786462 0.4029255319148936
2 0.13449234488315873 0.7813962765957447 0.015608380338436747 -0.15880319148936178
2 0.2404391619661563 1.0270212765957447 -0.1943352135374698 -0.7089893617021278
2 0.2153545527800161 0.8607047872340425 -0.13614020950846092 -0.5285904255319149
2 0.2682473811442385 0.9997340425531914 -0.24481063658340046 -0.8437234042553191
2 0.28251813053988717 1.0080452127659576 -0.2718694601128122 -0.921090425531915
3 0.2850725221595487 1.0054654255319149 -0.30012087026591455 -0.9761968085106385
2 0.20090249798549556 0.7863430851063828 -0.11060435132957291 -0.43837765957446806
2 0.07701450443190976 0.40131648936170217 0.1540290088638195 0.6188031914893617
