2 0.17012479871175526 0.8607066666666666 -0.03530595813204508 -0.38344000000000006
2 0.26493961352657003 1.04412 -0.2422302737520129 -0.9158133333333331
2 0.12434782608695652 0.7019733333333333 0.04001610305958131 -0.12634666666666666
3 0.24566425120772947 0.94812 -0.21633655394524956 -0.7899999999999999
2 0.28882850241545893 1.0203866666666666 -0.29229468599033814 -0.9781599999999998
2 0.30684380032206116 1.1219199999999998 -0.3328502415458937 -1.1596266666666666
2 0.34582528180354266 1.2009866666666666 -0.41435587761674725 -1.3905066666666668
8 0.3312037037037037 1.1477600000000001 -0.3862721417069243 -1.3276266666666667
8 0.345780998389694 1.2615866666666666 -0.4446054750402576 -1.53464
8 0.37963768115942026 1.8832266666666666 -0.5268921095008052 -2.8468799999999996
8 0.2282085346215781 0.8059333333333334 -0.17290660225442833 -0.5726666666666668
