2 0.41404589371980677 2.1533333333333333 -0.5314895330112721 -2.312
2 0.0762037037037037 0.3902133333333333 0.1524074074074074 0.5762666666666666
2 0.3938285024154589 1.69332 -0.548816425120773 -1.85736
3 0.29386876006441226 1.1041333333333334 -0.32842995169082134 -1.0794133333333336
3 0.38409822866344606 1.6625333333333334 -0.5594685990338164 -2.2070933333333334
2 0.22981884057971014 0.8975066666666667 -0.17377616747181965 -0.6432800000000001
2 0.19105072463768116 0.8063733333333333 -0.11841384863123992 -0.4583466666666666
2 0.26999194847020935 0.9816533333333333 -0.26811594202898553 -0.9052266666666667
2 0.35254025764895325 1.3048266666666666 -0.43549919484702093 -1.5185066666666664
3 0.3165901771336554 1.13984 -0.39361513687600647 -1.2975466666666666
2 0.37095008051529793 1.3728133333333334 -0.4742512077294686 -1.6482933333333334
3 0.4925563607085346 1.9118933333333334 -0.774951690821256 -2.7948799999999996
4 0.29471417069243155 1.0862133333333335 -0.3696698872785829 -1.1813866666666668
7 0.1675684380032206 0.75152 -0.024363929146537833 -0.3253333333333333
2 0.13956119162640904 0.6457333333333333 0.010169082125603862 -0.12090666666666668
2 0.09947665056360708 0.4960133333333333 0.0972624798711755 0.1814666666666667
7 0.12165056360708534 0.5478133333333334 0.05215780998389693 0.06533333333333333
7 0.10421497584541063 0.45793333333333336 0.06214975845410628 0.17543999999999998
8 0.08726247987117552 0.36827999999999994 0.17452495974235105 0.6108
8 0.48170692431562 1.6815866666666668 -0.7143639291465379 -2.4367199999999998
