2 0.3807487922705314 1.8961599999999998 -0.4746698872785829 -1.7976533333333329
2 0.07609903381642512 0.7673999999999999 0.15219806763285024 0.45986666666666665
2 0.07173510466988728 0.8353999999999999 0.14347020933977456 0.04082666666666667
2 0.08152576489533012 0.81588 0.09628824476650563 -0.05325333333333325
2 0.13345008051529791 0.8314133333333332 0.030829307568438 -0.24981333333333333
2 0.18287037037037038 0.9282133333333334 -0.06786634460547504 -0.51648
2 0.20114331723027373 0.9572399999999999 -0.11062801932367147 -0.6169866666666666
2 0.2112238325281804 0.9392666666666666 -0.1362157809983897 -0.6162933333333332
2 0.21049919484702093 0.9625466666666668 -0.14099838969404188 -0.7134133333333333
2 0.2333816425120773 0.9621466666666667 -0.18057971014492755 -0.7623733333333332
2 0.24494766505636073 0.9832 -0.2186231884057971 -0.8495466666666668
1 0.30219001610305957 1.03868 -0.3197584541062802 -1.0256266666666665
2 0.3453462157809984 1.2996933333333334 -0.3946537842190016 -1.3424800000000001
2 0.3611111111111111 1.4162000000000001 -0.4457487922705313 -1.6609333333333334
2 0.3443478260869565 1.27732 -0.41006441223832535 -1.4623733333333335
2 0.3268357487922705 1.1421866666666667 -0.364122383252818 -1.2219733333333336
8 0.2835466988727858 1.0140666666666667 -0.2878341384863124 -0.9878133333333333
8 0.30906602254428345 1.08996 -0.3430434782608695 -1.1775733333333331
