2 0.30572463768115943 1.1491866666666666 -0.3209339774557166 -1.0910133333333334
2 0.07364734299516908 0.7614933333333334 0.14729468599033815 0.47168
2 0.1054669887278583 0.9636 0.038840579710144936 -0.10687999999999995
2 0.1986594202898551 0.983 -0.10414653784219004 -0.5953333333333333
2 0.21122785829307567 0.9760266666666666 -0.13757648953301124 -0.6758933333333333
2 0.24088969404186797 0.9793733333333333 -0.19604669887278584 -0.7975733333333331
2 0.2560466988727858 1.0025733333333333 -0.22896940418679548 -0.88264
3 0.33836151368760065 1.7007066666666666 -0.490378421900161 -1.7827466666666665
2 0.3589291465378422 1.41256 -0.422962962962963 -1.4970666666666665
2 0.33843397745571663 1.2146266666666667 -0.3868518518518519 -1.3094133333333333
3 0.3232850241545894 1.1554399999999998 -0.3809017713365539 -1.2578133333333332
2 0.30697665056360707 1.1074799999999998 -0.3353703703703704 -1.1192266666666666
2 0.07086151368760064 0.39236 0.1417230273752013 0.5053599999999999
3 0.10305555555555555 0.7350533333333332 0.0251449275362319 -0.11314666666666669
2 0.08604267310789049 0.5489466666666666 0.09746376811594201 0.11698666666666667
8 0.2866666666666666 1.0451066666666666 -0.30033816425120774 -1.0326666666666666
