0 0.4160668276972625 1.7724 -0.6145169082125604 -1.6617066666666669
0 0.06820048309178744 0.5161733333333333 0.1364009661835749 0.5719733333333333
0 0.09298711755233495 0.5964533333333334 0.07347826086956522 0.4761066666666666
5 0.442914653784219 1.7459733333333334 -0.5757971014492753 -1.9134399999999998
1 0.22746779388083735 0.91348 -0.1912479871175523 -0.5429066666666668
3 0.2637278582930757 1.0588666666666666 -0.2829629629629629 -0.98424
5 0.13323671497584544 0.5897066666666666 0.03423510466988729 0.1310933333333333
5 0.1436231884057971 0.62948 0.011481481481481474 0.02605333333333336
0 0.1463244766505636 0.6135999999999999 -0.015515297906602263 0.08117333333333332
0 0.42380434782608695 1.7161600000000001 -0.609573268921095 -1.7507199999999998
0 0.4191666666666667 1.56796 -0.5190418679549114 -1.5788533333333332
0 0.4264895330112722 1.599786666666667 -0.5351690821256038 -1.6461333333333334
1 0.3101851851851852 1.1431466666666668 -0.3477616747181965 -1.1467733333333334
2 0.24416264090177134 0.9342133333333335 -0.20428341384863127 -0.7988266666666667
8 0.38588969404186796 1.3728666666666665 -0.4893961352657005 -1.6225866666666664
8 0.1944806763285024 0.7509866666666667 -0.09929951690821255 -0.28575999999999996
8 0.3775563607085346 1.29264 -0.48627214170692434 -1.582933333333333
