2 0.3155837359098229 1.25268 -0.33717391304347827 -1.1269599999999997
2 0.36715378421900163 1.5034533333333335 -0.4521497584541062 -1.6948533333333333
2 0.3523429951690821 1.33324 -0.41396135265700484 -1.4815733333333334
2 0.3432367149758454 1.2753466666666666 -0.3929790660225443 -1.415066666666667
2 0.08296296296296297 0.5679466666666666 0.16592592592592595 0.45525333333333323
2 0.24568035426731077 0.9541333333333333 -0.19119967793880838 -0.6987733333333332
2 0.28474235104669887 1.0252133333333333 -0.2755072463768116 -0.9401866666666667
2 0.302962962962963 1.06252 -0.3147020933977456 -1.0588533333333334
2 0.2024194847020934 0.8411733333333333 -0.09715780998389695 -0.4389866666666667
2 0.22288244766505635 0.8704399999999999 -0.15235104669887278 -0.55384
2 0.25035024154589375 0.9267466666666666 -0.2049033816425121 -0.7315733333333332
2 0.2768679549114332 0.9987733333333334 -0.2555072463768116 -0.9084266666666666
2 0.14617149758454107 0.6647866666666666 0.009927536231884068 -0.10077333333333331
2 0.14185185185185187 0.63884 0.01603864734299516 -0.11970666666666663
