2 0.30726247987117555 1.2397733333333334 -0.3319967793880837 -1.1121866666666667
3 0.3885466988727858 1.9712933333333333 -0.5751288244766506 -2.094586666666667
2 0.3613204508856683 1.52104 -0.4476328502415459 -1.7126933333333332
2 0.3409621578099839 1.2879733333333334 -0.4074476650563607 -1.477493333333333
2 0.33578904991948466 1.2198799999999999 -0.3931078904991948 -1.3801866666666667
2 0.33241143317230276 1.19796 -0.3854669887278583 -1.3609866666666666
2 0.07134057971014493 0.61632 0.14268115942028986 0.23760000000000006
2 0.1401489533011272 0.7249333333333333 0.009975845410628008 -0.1514666666666667
2 0.19366747181964572 0.8035466666666667 -0.08710950080515298 -0.40474666666666675
2 0.2419887278582931 0.90028 -0.19576489533011274 -0.7109066666666666
2 0.25101046698872787 0.9153999999999999 -0.22258454106280195 -0.7602933333333334
2 0.26560789049919487 0.9502133333333335 -0.24926731078904996 -0.8633600000000001
2 0.2825523349436393 0.9982533333333333 -0.2820611916264091 -0.9814133333333332
2 0.536658615136876 1.9576133333333334 -0.7763123993558775 -2.7034399999999996
2 0.10929951690821256 0.56408 0.07365539452495974 0.10618666666666665
8 0.29369967793880836 1.00716 -0.3133574879227053 -1.02232
8 0.20776167471819643 0.7829066666666665 -0.13523349436392912 -0.49792
