0 0.09714573268921095 0.4009466666666666 0.08168276972624798 0.3268
0 0.10885265700483092 0.43972 0.05549919484702093 0.22669333333333333
0 0.15464170692431561 0.6059733333333334 -0.039428341384863126 -0.07920000000000005
0 0.30691626409017714 1.0767333333333333 -0.3447504025764895 -1.0841866666666664
2 0.28266505636070854 1.0498933333333333 -0.3100966183574879 -1.0532266666666668
2 0.2999315619967794 1.0977599999999998 -0.33073268921095006 -1.15184
2 0.3174436392914654 1.1650133333333332 -0.36622383252818036 -1.3063466666666668
3 0.3703059581320451 1.35304 -0.4843478260869566 -1.6813866666666666
2 0.38578099838969404 1.3702266666666667 -0.503816425120773 -1.7337866666666666
2 0.4008574879227053 1.4294266666666666 -0.5385909822866345 -1.8592266666666668
8 0.06955314009661837 0.3700133333333333 0.13910628019323673 0.44519999999999993
8 0.349170692431562 1.2029466666666666 -0.4399194847020934 -1.500133333333333
8 0.4207850241545894 1.80324 -0.5862721417069244 -2.604133333333333
8 0.24792270531400967 1.1101333333333334 -0.24922705314009658 -1.3254400000000002
8 0.5330716586151368 1.8684266666666665 -0.8111513687600643 -2.76432
