2 0.4140660225442834 2.1533333333333333 -0.5102576489533012 -2.312
2 0.3509259259259259 1.4578933333333335 -0.4262479871175523 -1.4747733333333333
2 0.10923107890499194 0.8822666666666666 0.06525764895330112 -0.29130666666666666
2 0.15237520128824478 0.9024133333333332 -0.02466988727858292 -0.4302133333333333
2 0.16168276972624798 0.87412 -0.06478260869565215 -0.42904000000000003
2 0.18797504025764897 0.8847333333333333 -0.08549919484702093 -0.5129333333333334
2 0.21518115942028984 0.9451733333333333 -0.14554750402576488 -0.6896
2 0.22739935587761675 0.9706133333333333 -0.1693558776167472 -0.7454399999999999
2 0.22942028985507246 0.9454399999999998 -0.1845571658615137 -0.7365866666666666
2 0.22994766505636072 0.9715600000000001 -0.1831964573268921 -0.8001866666666666
2 0.2501046698872786 0.9762400000000001 -0.23785829307568435 -0.8952533333333333
1 0.30162640901771337 1.0317466666666668 -0.32457326892109495 -1.04568
2 0.33687600644122384 1.2344933333333332 -0.3848792270531401 -1.3021066666666667
2 0.3224718196457327 1.1214266666666668 -0.3643478260869565 -1.2204
8 0.2840619967793881 1.01836 -0.2951288244766506 -1.0206133333333334
8 0.30854267310789046 1.0778800000000002 -0.35033816425120773 -1.1741066666666666
