2 0.3055555555555556 1.3092000000000001 -0.32803542673107894 -1.1033600000000001
2 0.3965499194847021 1.8353866666666665 -0.516256038647343 -1.9868799999999998
2 0.34776972624798713 1.3438666666666668 -0.42032206119162646 -1.54
2 0.3409863123993559 1.2541733333333334 -0.40261674718196455 -1.4215200000000001
2 0.33458937198067634 1.2183466666666667 -0.38953301127214174 -1.384853333333333
2 0.07289855072463769 0.6161733333333334 0.14579710144927538 0.23597333333333334
2 0.15614734299516908 0.74492 -0.009025764895330097 -0.20968000000000006
2 0.22923913043478264 0.8767066666666666 -0.16851046698872787 -0.63448
2 0.241256038647343 0.89712 -0.20388083735909823 -0.7044799999999999
2 0.26030998389694043 0.94196 -0.23849436392914658 -0.8338933333333333
2 0.2795571658615137 0.9946 -0.2759098228663446 -0.96616
2 0.18852657004830917 0.75 -0.09107890499194846 -0.38960000000000006
2 0.07417874396135266 0.3938933333333333 0.1483574879227053 0.5380266666666667
