2 0.09490338164251208 0.7654666666666666 0.18980676328502416 0.46373333333333333
2 0.33770531400966186 1.2678533333333333 -0.3853462157809984 -1.3117066666666666
2 0.15426731078904993 1.0077466666666666 0.012447665056360715 -0.2109066666666666
2 0.40313607085346215 1.7131199999999998 -0.53670692431562 -2.19104
2 0.3855032206119163 1.6024399999999999 -0.5283011272141707 -2.027013333333333
7 0.24200885668276972 0.9165333333333333 -0.15337359098228662 -0.5766399999999999
2 0.24319645732689213 0.9453733333333333 -0.1905636070853462 -0.6758133333333334
2 0.1985466988727858 0.8937599999999999 -0.08553140096618357 -0.4045333333333333
2 0.37205314009661833 1.4645066666666668 -0.4775845410628019 -1.8013866666666665
2 0.26491948470209337 0.9708133333333333 -0.23215780998389693 -0.7993866666666669
3 0.5046819645732689 1.91272 -0.7903462157809983 -2.7932266666666665
8 0.2775523349436393 1.1382533333333333 -0.2716908212560387 -1.1775733333333331
8 0.3556763285024155 1.259 -0.43835748792270535 -1.4984266666666668
