2 0.06490338164251208 0.64412 0.12980676328502416 0.7064266666666665
2 0.47868760064412236 2.1533333333333333 -0.673317230273752 -2.312
2 0.2491666666666667 1.1755866666666668 -0.20322866344605478 -0.8673333333333333
0 0.4247665056360708 1.5094533333333335 -0.602012882447665 -1.8835466666666667
2 0.416719001610306 1.6049200000000001 -0.5499436392914654 -1.9001333333333332
2 0.41233494363929146 1.53036 -0.540756843800322 -1.8500533333333333
2 0.31572463768115944 1.20364 -0.35304347826086957 -1.2262666666666666
2 0.32960144927536233 1.20972 -0.38318035426731084 -1.30264
2 0.4035104669887279 1.46308 -0.5286312399355878 -1.7878666666666667
8 0.0942914653784219 0.5718933333333334 0.1885829307568438 0.8455466666666666
8 0.15932769726247986 0.6035066666666666 -0.02585346215780997 -0.146
8 0.34786634460547505 1.36768 -0.4321095008051529 -1.6950933333333336
8 0.4030756843800322 1.3883866666666667 -0.5435587761674717 -1.8675466666666665
8 0.4413566827697262 1.51344 -0.624291465378422 -2.134933333333333
8 0.2785990338164251 0.9614533333333334 -0.27793880837359103 -0.9550133333333333
8 0.2957850241545894 1.0451066666666666 -0.3164814814814814 -1.1189066666666667
