1 0.3865499194847021 1.4179866666666667 -0.5162238325281804 -1.6142666666666663
0 0.40020128824476653 1.4242533333333334 -0.5345410628019324 -1.6883466666666667
0 0.40905797101449276 1.4502133333333334 -0.553268921095008 -1.7429333333333334
7 0.41551127214170686 1.4463733333333333 -0.5319565217391304 -1.7401066666666665
1 0.3661996779388084 1.2747866666666667 -0.4579549114331723 -1.4596
8 0.4155756843800322 1.92376 -0.57585346215781 -2.7658133333333335
8 0.5439613526570047 2.1316266666666666 -0.8357487922705314 -2.3500799999999997
8 0.374951690821256 1.2995466666666666 -0.477938808373591 -1.6416
8 0.3379710144927537 1.2184666666666666 -0.40085346215781 -1.4725066666666664
8 0.314537037037037 1.09428 -0.34981481481481486 -1.19656
8 0.26531803542673105 0.9097066666666666 -0.24825281803542673 -0.8342933333333333
