0 0.44711755233494366 1.8085200000000001 -0.6960869565217392 -2.00392
0 0.4789694041867955 1.9182666666666666 -0.7661513687600645 -2.2274133333333332
2 0.4815821256038647 2.1533333333333333 -0.6462238325281803 -2.312
2 0.08273349436392914 0.49045333333333335 0.16546698872785828 0.32272
2 0.0857085346215781 0.4428533333333334 0.1714170692431562 0.5548266666666667
2 0.39989130434782605 1.5151199999999998 -0.5304106280193237 -1.9326933333333332
4 0.3304186795491143 1.4593999999999998 -0.4822383252818036 -1.9016266666666666
2 0.44618760064412233 1.7386 -0.6288003220611916 -2.36696
3 0.14881642512077292 0.7651466666666666 -0.00616747181964573 -0.2683733333333333
8 0.12911835748792272 0.5207066666666667 0.05955716586151369 0.14376
8 0.20854267310789049 0.8320666666666666 -0.12637681159420291 -0.5375733333333333
8 0.522866344605475 1.8084133333333332 -0.7935587761674718 -2.648986666666666
