2 0.09161030595813205 0.60116 0.1832206119162641 0.7923466666666666
2 0.24407004830917875 0.9437199999999999 -0.18347020933977456 -0.6590133333333332
2 0.33301932367149756 1.2184533333333332 -0.38578099838969404 -1.30784
2 0.2560708534621578 0.9598399999999999 -0.21045088566827697 -0.7450666666666665
2 0.26634460547504024 0.9776933333333333 -0.24516908212560387 -0.8315466666666664
2 0.09588164251207729 0.49144000000000004 0.14016908212560386 0.29973333333333335
2 0.11754830917874397 0.54904 0.09442028985507246 0.17157333333333333
2 0.13272544283413848 0.6105466666666666 0.05672302737520128 0.039279999999999975
2 0.15693639291465378 0.6749999999999999 0.007946859903381646 -0.09229333333333337
8 0.10418679549114332 0.5744933333333333 0.20837359098228664 0.8403466666666666
8 0.08595813204508856 0.36051999999999995 0.17191626409017713 0.5711200000000001
8 0.28094202898550724 1.13136 -0.2857487922705314 -1.1775466666666665
8 0.3968236714975846 1.3849333333333333 -0.53731884057971 -1.82272
8 0.33771336553945247 1.2624666666666666 -0.4201288244766506 -1.5777866666666664
8 0.5257125603864734 1.8702133333333333 -0.8242592592592592 -2.87264
