2 0.3141062801932367 1.2107466666666666 -0.3423993558776167 -1.1692266666666666
0 0.4452576489533011 1.6206 -0.6393075684380032 -1.9998133333333334
2 0.4882487922705315 1.8723866666666666 -0.7052737520128824 -2.620933333333333
2 0.22242351046698872 0.8470266666666666 -0.15847020933977457 -0.5824266666666665
1 0.37078502415458936 1.3517599999999999 -0.4745813204508857 -1.6026666666666667
3 0.3278985507246377 1.1944266666666667 -0.39465378421900166 -1.2997333333333332
0 0.2816545893719807 1.0066933333333332 -0.2932125603864734 -0.8945066666666668
3 0.2571658615136876 0.9157066666666666 -0.23365539452495973 -0.7897066666666666
2 0.30576086956521736 1.1233866666666665 -0.3283977455716587 -1.09776
8 0.29239935587761673 1.0356133333333333 -0.30553945249597425 -1.0240266666666666
8 0.24396135265700483 0.8605333333333333 -0.20866344605475037 -0.6669333333333333
8 0.34786634460547505 1.2512533333333333 -0.4383574879227053 -1.5173866666666667
