0 0.3111631663974152 1.1340641711229946 -0.3523586429725364 -1.066470588235294
0 0.31429321486268175 1.1630213903743316 -0.36238287560581584 -1.0990909090909091
0 0.06552907915993539 0.6396925133689839 0.13105815831987078 0.7152673796791443
0 0.09879644588045235 0.5852272727272727 0.08563812600969306 0.46574866310160434
0 0.13685783521809372 0.7844919786096256 -0.007027463651050072 0.25310160427807493
0 0.3833117932148627 1.5949331550802137 -0.5225525040387722 -1.4899732620320856
0 0.4635702746365105 2.033248663101604 -0.7141680129240711 -2.0718449197860958
0 0.21531906300484654 0.8518582887700535 -0.15396607431340875 -0.4396524064171123
0 0.2769386106623587 1.034385026737968 -0.2865751211631664 -0.8334224598930482
2 0.2052988691437803 1.0022459893048128 -0.1670436187399031 -0.6364171122994652
3 0.24457592891760907 1.0087032085561496 -0.23566235864297255 -0.7929144385026736
8 0.08573909531502423 0.5511631016042781 0.17147819063004846 0.8869786096256684
8 0.3705654281098546 1.4161764705882351 -0.447124394184168 -1.4231550802139037
8 0.2898344103392569 1.0127540106951871 -0.30650242326332794 -1.0094117647058822
8 0.34139741518578354 1.1825802139037431 -0.41066235864297257 -1.3386898395721925
