2 0.34794685990338164 1.5199333333333334 -0.42774557165861515 -1.5139466666666668
2 0.07468599033816425 0.7477866666666667 0.1493719806763285 0.36474666666666666
2 0.07439613526570049 0.8578 0.14879227053140098 -0.06594666666666671
2 0.11435587761674718 0.8673333333333333 0.07057971014492755 -0.23802666666666664
2 0.14988727858293077 0.8698266666666666 -0.007165861513687605 -0.35309333333333326
2 0.17644927536231883 0.9412666666666667 -0.08734299516908212 -0.5908
2 0.1749033816425121 0.8981333333333333 -0.06592592592592594 -0.45760000000000006
2 0.34654186795491143 1.3560533333333333 -0.39793075684380036 -1.3965333333333334
2 0.19517310789049921 0.9131066666666667 -0.12208534621578102 -0.58664
2 0.21434782608695654 0.9491333333333334 -0.14756843800322061 -0.7037066666666666
2 0.33039049919484703 1.1884133333333333 -0.37237520128824475 -1.2552266666666665
2 0.33893317230273756 1.27756 -0.3904911433172303 -1.3299999999999998
8 0.2653140096618357 1.1348133333333332 -0.25658615136876006 -1.1430666666666667
