2 0.3808735909822866 1.63808 -0.46796296296296297 -1.7362133333333334
2 0.3034219001610306 1.1399066666666666 -0.327133655394525 -1.2122933333333332
0 0.26229066022544284 0.9498266666666666 -0.24958937198067632 -0.74264
1 0.4139573268921095 1.5427199999999999 -0.5529227053140097 -1.8749333333333333
2 0.3806723027375201 1.3933333333333333 -0.4929549114331723 -1.7544000000000002
2 0.4481723027375201 1.6434533333333334 -0.633816425120773 -2.2795466666666666
3 0.5333132045088567 1.9077866666666665 -0.8155152979066022 -2.8030933333333334
2 0.22963365539452493 0.8820666666666666 -0.17189210950080513 -0.6688266666666667
2 0.17056763285024154 0.67764 -0.048816425120772944 -0.25176
2 0.3068438003220612 1.0667066666666667 -0.33136876006441224 -1.1164
2 0.29206521739130437 1.0230533333333331 -0.3019565217391304 -1.02792
8 0.07267713365539452 0.46573333333333333 0.14535426731078904 0.22266666666666665
8 0.34473832528180354 1.2175866666666666 -0.41648148148148145 -1.4604533333333332
