2 0.3586111111111111 1.5333733333333333 -0.45991143317230276 -1.8533066666666667
2 0.5475523349436392 1.8987999999999998 -0.8764090177133655 -2.821066666666667
2 0.4772946859903382 1.7764266666666666 -0.7187439613526571 -2.5899733333333335
2 0.46627616747181966 1.7307199999999998 -0.6943558776167472 -2.50224
2 0.4582085346215781 1.7038133333333334 -0.6739210950080515 -2.4335999999999998
2 0.25940418679549115 0.9867599999999999 -0.22702093397745574 -0.78248
2 0.29110708534621577 1.0567866666666668 -0.29715780998389696 -1.0076
2 0.3709782608695652 1.4107733333333332 -0.4875925925925925 -1.7781333333333336
2 0.4180797101449275 1.4883199999999999 -0.5940499194847021 -2.02176
2 0.4336876006441224 1.5423866666666666 -0.6185668276972625 -2.12184
2 0.3317391304347826 1.1779733333333333 -0.38582930756843803 -1.3076266666666665
8 0.28041867954911437 1.0097333333333331 -0.2722061191626409 -0.8860266666666666
8 0.31479468599033816 1.1279066666666666 -0.3461755233494364 -1.1913866666666666
