2 0.3007332796132151 1.1068351063829787 -0.31938759065269945 -1.06468085106383
2 0.08022159548751008 0.6107180851063829 0.16044319097502016 0.7732446808510638
3 0.06753827558420628 0.6842420212765956 0.13507655116841255 0.22162234042553186
7 0.14114423851732472 0.9458244680851063 -0.0691539081385979 -0.29734042553191475
3 0.18715551974214345 0.9840691489361701 -0.15656728444802578 -0.578563829787234
2 0.15744963738920226 0.7564494680851064 -0.008968573730862205 -0.1883244680851063
2 0.25535858178887993 0.978909574468085 -0.2336502820306205 -0.8049999999999998
2 0.27418614020950843 0.9856515957446809 -0.2584286865431104 -0.878377659574468
3 0.27480257856567286 0.9963962765957446 -0.2893795326349718 -0.9485372340425533
2 0.07585817888799355 0.509375 0.1517163577759871 0.4186968085106383
8 0.11955278001611604 0.5346941489361702 0.23910556003223207 0.9199734042553191
