2 0.23729066022544285 1.0110666666666666 -0.1705072463768116 -0.6749866666666666
2 0.08320048309178743 0.6684 0.16640096618357486 0.6578666666666666
2 0.17754428341384862 0.8630533333333332 -0.04038647342995169 -0.2998666666666666
2 0.3254669887278583 1.1665999999999999 -0.36478260869565216 -1.2217866666666666
2 0.2651127214170692 1.0042 -0.2310305958132045 -0.8076
2 0.359597423510467 1.3922533333333333 -0.4522705314009662 -1.7107999999999999
2 0.3539975845410628 1.3592133333333332 -0.4538566827697263 -1.6550666666666665
3 0.4337882447665056 1.6273200000000003 -0.6358212560386474 -2.2860533333333337
8 0.28432769726247986 1.0080266666666666 -0.28314814814814815 -0.9688533333333331
8 0.30229468599033815 1.0433866666666667 -0.3253301127214171 -1.08096
8 0.33797101449275363 1.2193333333333334 -0.40710144927536235 -1.3845333333333334
8 0.31349436392914654 1.0934266666666668 -0.3446054750402576 -1.16376
8 0.40411433172302735 1.4832533333333333 -0.5643961352657005 -1.9986666666666666
