2 0.3151570048309179 1.23664 -0.3153703703703703 -1.0746666666666667
2 0.12549919484702093 0.6969333333333334 0.0600805152979066 -0.006879999999999957
1 0.45724235104669886 1.9055733333333333 -0.6229066022544284 -2.209973333333333
3 0.34523752012882447 1.3959466666666667 -0.425402576489533 -1.4249599999999998
0 0.2359621578099839 0.9766266666666666 -0.1869645732689211 -0.4192266666666666
3 0.18812801932367149 0.7946799999999999 -0.08084541062801934 -0.3601866666666667
2 0.23062399355877616 1.00348 -0.1579790660225443 -0.6837599999999999
2 0.2523228663446055 1.0293333333333332 -0.1931159420289855 -0.8109866666666665
2 0.26942431561996777 1.0355066666666666 -0.23448470209339775 -0.8857866666666665
2 0.28404991948470204 1.0441333333333334 -0.2631078904991948 -0.9602666666666667
2 0.34841787439613525 1.2727333333333333 -0.3883333333333333 -1.3259466666666666
2 0.3102938808373591 1.13808 -0.3164814814814814 -1.0552533333333334
2 0.20085346215780997 0.7894933333333333 -0.09811594202898549 -0.41733333333333333
8 0.2942190016103059 1.0407866666666665 -0.3081481481481481 -1.0826933333333333
8 0.3244283413848631 1.1529066666666665 -0.3675201288244766 -1.2931199999999998
8 0.40073268921095007 1.36768 -0.5065861513687601 -1.7088533333333331
