2 0.4864338235294118 1.9240405405405405 -0.7533088235294119 -2.76272972972973
2 0.2735049019607843 1.0202702702702704 -0.26401960784313727 -0.9081081081081082
1 0.34958333333333336 1.2536351351351354 -0.4379411764705882 -1.4548918918918918
1 0.32683823529411765 1.1735675675675676 -0.38424836601307194 -1.2716756756756757
1 0.21419934640522878 0.8124324324324326 -0.141078431372549 -0.45491891891891895
2 0.4351184640522876 1.5784594594594594 -0.6292075163398693 -2.2273513513513516
8 0.24716911764705882 0.9295270270270272 -0.22515522875816993 -0.7465675675675677
8 0.2966503267973856 1.0561891891891892 -0.32411764705882357 -1.0584324324324326
8 0.3151388888888889 1.088054054054054 -0.36526143790849674 -1.211783783783784
8 0.36852124183006535 1.2810135135135134 -0.4782843137254902 -1.5598108108108109
8 0.41044934640522873 1.4757162162162163 -0.5652614379084968 -1.9698648648648651
