0 0.32021650326797385 1.161175675675676 -0.4050898692810458 -1.2354324324324326
0 0.1833986928104575 0.8027162162162162 -0.1384313725490196 -0.25148648648648647
0 0.22915849673202615 0.873445945945946 -0.22800653594771242 -0.6460810810810811
0 0.36714460784313724 1.7573243243243246 -0.5024591503267974 -1.5200540540540541
0 0.4488480392156863 1.916783783783784 -0.6373039215686275 -1.8389729729729734
0 0.47491830065359475 2.0589054054054055 -0.7390359477124183 -2.1232162162162163
0 0.5122099673202615 2.1513513513513516 -0.8125081699346406 -2.308108108108108
3 0.0 0.859527027027027 0.0 0.2755405405405405
8 0.19951388888888888 0.7908378378378379 -0.17984477124183007 -0.5656756756756757
8 0.2515972222222222 0.9484864864864865 -0.2725571895424837 -0.8534054054054054
8 0.27581290849673207 1.0277432432432434 -0.31682189542483663 -1.0394864864864866
8 0.43440767973856215 1.5179324324324326 -0.6798447712418301 -2.2989459459459463
