2 0.0720330112721417 0.6971066666666665 0.1440660225442834 0.14418666666666666
2 0.0928220611916264 0.7498533333333333 0.1049194847020934 -0.01229333333333337
2 0.16803140096618358 0.76472 -0.040120772946859916 -0.24938666666666662
2 0.1822705314009662 0.84944 -0.07135265700483093 -0.4533333333333334
2 0.2437399355877617 0.91596 -0.19823671497584539 -0.6913333333333334
2 0.25074879227053143 0.9270666666666666 -0.21249597423510463 -0.7441599999999999
0 0.23478260869565218 0.85852 -0.1775684380032206 -0.4920799999999999
0 0.2373268921095008 0.8509866666666667 -0.16217391304347828 -0.4836266666666667
8 0.2689573268921095 0.9614266666666665 -0.2513768115942029 -0.8412
8 0.30489533011272135 1.0623466666666666 -0.329500805152979 -1.1085333333333334
8 0.3285950080515298 1.19432 -0.38419484702093404 -1.3449066666666665
8 0.38719001610305964 1.33664 -0.510756843800322 -1.7226666666666666
8 0.39969001610305954 1.8987466666666666 -0.5659661835748793 -2.81584
