0 0.05979066022544284 0.5268666666666666 0.11958132045088568 0.6893066666666666
1 0.3925845410628019 1.5313866666666667 -0.529500805152979 -1.6277866666666667
0 0.3624315619967794 1.3336133333333333 -0.4739935587761675 -1.41784
0 0.434987922705314 1.5925733333333334 -0.6099436392914653 -1.8718666666666668
0 0.1942914653784219 0.7777466666666666 -0.12305958132045092 -0.3161333333333334
3 0.2884098228663446 1.0889733333333333 -0.3308132045088567 -1.1274399999999998
8 0.06121980676328502 0.5054133333333333 0.12243961352657004 0.7436266666666665
8 0.09448067632850242 0.44308 0.10174718196457327 0.4266933333333333
8 0.11870370370370371 0.5327866666666667 0.05539452495974236 0.18520000000000003
8 0.19135668276972626 0.7233866666666666 -0.08991143317230273 -0.2408533333333333
8 0.15177133655394526 0.5914133333333333 -0.013880837359098236 -0.05632000000000001
8 0.21349033816425123 0.8631066666666666 -0.16023349436392917 -0.5065333333333333
8 0.2377133655394525 0.9019333333333334 -0.21700483091787437 -0.72216
8 0.2804186795491143 1.0123199999999999 -0.2940901771336554 -0.9188266666666665
8 0.46192834138486316 1.8670666666666667 -0.6769001610305958 -2.22464
8 0.4246900161030595 1.5306933333333332 -0.5899114331723027 -1.8037333333333334
8 0.38093800322061194 1.3918266666666665 -0.49095813204508854 -1.55704
