2 0.08002415458937198 0.67312 0.16004830917874396 0.6484266666666666
2 0.08127616747181964 0.7895066666666668 0.16255233494363927 0.18983999999999998
3 0.085841384863124 0.9000266666666666 0.09369565217391304 -0.2053866666666666
2 0.40170692431562 1.67564 -0.5192270531400967 -2.011973333333333
2 0.3329227053140097 1.232133333333333 -0.3676167471819646 -1.2646399999999998
2 0.16595008051529792 0.8796933333333333 -0.019066022544283398 -0.34242666666666655
2 0.17979066022544285 0.8935866666666665 -0.05120772946859903 -0.4369866666666666
2 0.21140096618357487 0.9453199999999999 -0.11499194847020935 -0.6182666666666667
2 0.3251368760064412 1.1715866666666668 -0.3502093397745571 -1.1905333333333334
8 0.26166666666666666 1.1140933333333334 -0.2399194847020934 -1.0430133333333333
