3 0.36607027463651054 1.969585561497326 -0.5197334410339257 -2.001470588235294
6 0.18841276252019387 0.9645721925133689 -0.15731017770597738 -0.8902673796791444
5 0.24848142164781908 1.0250534759358287 -0.19153473344103394 -0.54
5 0.2306260096930533 0.9664171122994651 -0.15446688206785136 -0.42711229946524065
5 0.24332390953150246 0.9785695187165775 -0.1803473344103393 -0.502379679144385
5 0.2534410339256866 0.9821925133689839 -0.21004846526655896 -0.606096256684492
0 0.17452342487883685 0.8072593582887699 -0.09035541195476576 -0.09131016042780757
0 0.17119547657512116 0.7894786096256684 -0.08465266558966074 -0.10532085561497322
8 0.27811389337641357 1.0196524064171124 -0.28097738287560586 -0.940427807486631
8 0.33202342487883685 1.2411898395721925 -0.3981663974151858 -1.3904010695187166
