2 0.06948067632850241 0.67176 0.13896135265700482 0.6511466666666667
2 0.06878019323671497 0.8334933333333333 0.13756038647342994 0.12720000000000012
2 0.07010064412238325 0.77016 0.1402012882447665 0.012
2 0.1272222222222222 0.8818133333333333 0.04702093397745572 -0.26768
2 0.14150563607085345 0.8859066666666667 0.0042351046698872715 -0.4028
2 0.1848792270531401 0.9090133333333333 -0.09180354267310788 -0.5575466666666666
2 0.1910144927536232 0.9355466666666667 -0.12091787439613524 -0.6297600000000001
1 0.28905394524959743 1.021 -0.292890499194847 -0.9179999999999999
2 0.40690016103059584 2.1452533333333332 -0.4886634460547505 -2.29584
2 0.42231884057971014 2.0008 -0.5669887278582931 -2.4321066666666664
2 0.4099557165861514 1.7843466666666665 -0.5264331723027376 -2.1085333333333334
2 0.3937922705314009 1.6328933333333333 -0.4910950080515297 -1.9036533333333332
2 0.3879710144927536 1.5418133333333335 -0.48748792270531405 -1.79824
2 0.3702415458937198 1.5064666666666664 -0.4510950080515298 -1.7484
2 0.36169082125603863 1.4471599999999998 -0.42988727858293074 -1.6756533333333332
2 0.35857487922705317 1.4102266666666667 -0.4386312399355877 -1.626
2 0.23756441223832528 0.9663866666666666 -0.1923107890499195 -0.8172000000000001
2 0.2491666666666667 0.9823999999999999 -0.2099114331723027 -0.8452266666666667
2 0.3275805152979066 1.1704933333333334 -0.3663204508856683 -1.237893333333333
2 0.324158615136876 1.1307866666666666 -0.3613607085346216 -1.2060533333333332
3 0.3144685990338164 1.08472 -0.35797101449275365 -1.1792
8 0.29369967793880836 1.0614933333333334 -0.3164814814814814 -1.1171733333333331
