2 0.4721296296296296 2.13324 -0.7114573268921096 -2.3521866666666664
2 0.07787842190016103 1.0042933333333333 0.15575684380032206 -0.013920000000000073
2 0.21962157809983895 1.0501066666666665 -0.13375201288244765 -0.5666133333333332
2 0.24959339774557165 1.0523466666666665 -0.20293880837359096 -0.7580266666666666
2 0.35325281803542674 1.38164 -0.42446054750402584 -1.4258933333333335
2 0.43797101449275366 2.02784 -0.6229307568438003 -2.5629866666666667
2 0.27193236714975844 1.0368133333333334 -0.2623510466988728 -0.8873866666666669
2 0.275402576489533 1.04108 -0.26264090177133653 -0.9390666666666666
2 0.23897745571658616 0.9039866666666666 -0.20276972624798714 -0.7824266666666666
2 0.3599557165861514 1.3758266666666665 -0.4394927536231884 -1.52696
2 0.3743438003220612 1.4203733333333333 -0.4802334943639291 -1.6884800000000002
2 0.43214170692431564 1.5769866666666665 -0.6023510466988727 -2.1392533333333335
8 0.4137520128824477 1.4384133333333333 -0.5795008051529791 -1.9676
