2 0.16467793880837356 0.9048666666666666 -0.015120772946859904 -0.2499466666666667
2 0.21227053140096616 0.9274133333333332 -0.11574879227053139 -0.50144
2 0.23743156199677937 0.9433866666666666 -0.17066022544283416 -0.62448
2 0.25235104669887276 0.9625333333333332 -0.20455716586151368 -0.7328533333333335
2 0.385390499194847 1.511 -0.5257890499194847 -1.9529866666666662
2 0.38436795491143316 1.4480666666666666 -0.5239855072463768 -1.84168
2 0.3740619967793881 1.4170666666666665 -0.4983816425120773 -1.7874666666666665
2 0.5284943639291465 1.8864666666666665 -0.8514170692431561 -2.8457333333333334
2 0.5061513687600644 1.8855866666666667 -0.807230273752013 -2.847493333333333
2 0.49314814814814817 1.88424 -0.7715297906602253 -2.850186666666666
2 0.4824396135265701 1.8275866666666667 -0.7424315619967794 -2.7238666666666664
2 0.26821256038647345 0.9880666666666668 -0.2384057971014493 -0.8309066666666667
2 0.33830112721417066 1.2296799999999999 -0.3967149758454106 -1.3421333333333332
8 0.2861473429951691 1.0244133333333334 -0.28575684380032207 -0.9809333333333333
8 0.31505636070853466 1.1503466666666666 -0.3539774557165861 -1.2120533333333332
8 0.36818035426731077 1.2874666666666665 -0.45607085346215787 -1.5346666666666666
