3 0.3726489533011272 2.1533333333333333 -0.7452979066022544 -2.312
2 0.07620772946859904 0.8762133333333333 0.12597423510466987 -0.21034666666666665
2 0.11545491143317228 0.7921466666666667 0.05628824476650563 -0.1717599999999999
2 0.14062399355877617 0.87492 0.0023590982286634515 -0.39544
2 0.19514895330112722 0.9580399999999999 -0.10448470209339773 -0.6582133333333333
3 0.17450080515297905 0.9779066666666667 -0.13523349436392912 -0.7301066666666667
2 0.34636876006441225 1.3499066666666666 -0.39495974235104675 -1.3750133333333332
2 0.374182769726248 1.44728 -0.4610064412238325 -1.6984
2 0.32488727858293076 1.1261733333333332 -0.3645410628019324 -1.2219466666666665
7 0.39568840579710146 1.5639733333333332 -0.4787842190016103 -1.5101866666666663
8 0.27312801932367153 1.08564 -0.2711674718196457 -1.0826933333333333
8 0.0807487922705314 0.6037333333333333 0.1614975845410628 0.7505066666666667
