1 0.06490338164251208 0.7157866666666667 0.12146537842190015 0.4653333333333334
1 0.12588969404186798 0.7612266666666666 0.017399355877616735 0.10832000000000001
3 0.2338123993558776 1.0367333333333333 -0.2323268921095008 -0.8497333333333333
1 0.3240297906602254 1.2026533333333334 -0.3699436392914653 -1.2012533333333333
0 0.4657608695652174 1.6894399999999998 -0.6655475040257649 -2.0888533333333332
0 0.43553945249597426 1.56724 -0.6021256038647343 -1.8843466666666666
5 0.4048550724637682 1.46988 -0.5209822866344606 -1.72696
5 0.40146135265700483 1.4521466666666665 -0.508719806763285 -1.70328
2 0.21873590982286636 0.8799466666666667 -0.1468438003220612 -0.6393066666666667
8 0.1882326892109501 0.7363333333333333 -0.11596618357487923 -0.3323466666666666
8 0.5306763285024155 1.9257066666666665 -0.7758454106280195 -2.5350933333333336
8 0.35619967793880836 1.2055333333333333 -0.4414814814814814 -1.43976
8 0.346304347826087 1.1856933333333333 -0.42169082125603863 -1.365573333333333
