2 0.45908615136876 2.1533333333333333 -0.6118599033816424 -2.312
2 0.1804307568438003 1.0208666666666666 -0.06471014492753621 -0.39528
2 0.3846376811594203 1.7237733333333332 -0.4822383252818036 -1.8354933333333334
2 0.23582528180354265 1.02528 -0.19976650563607085 -0.7246933333333333
2 0.27828099838969406 1.0886666666666667 -0.2782528180354267 -0.98128
2 0.3668599033816425 1.4223333333333332 -0.4551690821256038 -1.54808
2 0.36831320450885674 1.3598533333333334 -0.4476892109500805 -1.4911199999999998
2 0.3302898550724638 1.22244 -0.38186795491143316 -1.3420533333333333
4 0.37983091787439616 1.3707466666666666 -0.5368115942028986 -1.7976533333333333
8 0.07814814814814815 0.9281066666666665 0.1562962962962963 0.13312000000000004
8 0.36531400966183575 1.2874666666666668 -0.4774235104669888 -1.6795733333333334
8 0.41609500805152977 1.5160266666666666 -0.5883574879227054 -2.119413333333333
