2 0.0875 0.7224933333333333 0.175 0.54968
2 0.35157809983896937 1.3642533333333333 -0.39996779388083736 -1.4040266666666665
2 0.45535829307568443 1.8647733333333332 -0.6464170692431562 -2.444906666666667
2 0.34440016103059584 1.2872666666666668 -0.39297101449275357 -1.33864
2 0.26645330112721416 0.9966133333333334 -0.234951690821256 -0.8166933333333333
2 0.4140056360708534 1.6324799999999997 -0.5446457326892109 -2.073173333333333
2 0.43690418679549115 1.7401866666666665 -0.5920209339774557 -2.2396266666666667
2 0.33591787439613524 1.1797999999999997 -0.38513687600644125 -1.27592
2 0.47002415458937197 2.1533333333333333 -0.5861674718196457 -2.312
8 0.18510869565217394 0.7794666666666666 -0.07116747181964575 -0.43237333333333333
8 0.2866666666666666 1.0269866666666667 -0.2763768115942029 -0.9239999999999999
8 0.30359903381642517 1.10376 -0.32169082125603865 -1.1568533333333335
