1 0.45793880837359097 2.1373333333333333 -0.7416747181964572 -2.344
1 0.3809420289855072 1.3878533333333334 -0.5039291465378423 -1.57608
0 0.3940096618357488 1.3972933333333333 -0.5210789049919485 -1.6498933333333334
0 0.40252415458937196 1.4217066666666667 -0.5389935587761674 -1.7015466666666663
7 0.40834943639291466 1.4172 -0.519049919484702 -1.6976533333333332
1 0.3635628019323672 1.2638 -0.45240740740740737 -1.44344
8 0.4116666666666666 1.62124 -0.55658615136876 -2.21256
8 0.3520330112721417 1.2124266666666665 -0.42585346215780995 -1.4466666666666665
8 0.2640136876006441 0.9252133333333332 -0.2508615136876006 -0.8653599999999999
8 0.31453301127214167 1.09168 -0.34877616747181966 -1.1982933333333332
8 0.3351449275362319 1.26428 -0.4018679549114331 -1.5893066666666666
