2 0.22538244766505636 0.87764 -0.1473832528180354 -0.5105866666666667
3 0.19577294685990337 0.7881466666666667 -0.10547504025764894 -0.39261333333333337
2 0.09036634460547505 0.6821066666666666 0.15247181964573267 0.2592533333333332
2 0.12581320450885666 0.5665733333333334 0.0724315619967794 0.07666666666666666
2 0.41142512077294685 1.4534266666666664 -0.5341384863123995 -1.8197066666666666
8 0.08908212560386473 0.40364 0.17816425120772947 0.7436
8 0.16531803542673107 0.6776933333333333 -0.0149194847020934 -0.17362666666666662
8 0.24786634460547505 0.9303866666666666 -0.19252818035426733 -0.6894133333333334
8 0.4301610305958132 1.5306933333333332 -0.5841867954911433 -2.0245333333333333
8 0.4650563607085346 1.588493333333333 -0.6550241545893719 -2.147013333333333
8 0.4747020933977455 1.7825866666666668 -0.6847342995169081 -2.545546666666666
