2 0.5221200980392158 1.9704189189189192 -0.7438153594771242 -2.669972972972973
2 0.4969199346405229 1.8778108108108111 -0.6933006535947712 -2.4978378378378383
2 0.463484477124183 1.760810810810811 -0.6300571895424836 -2.2555135135135136
2 0.3166421568627451 1.1345000000000003 -0.3511928104575164 -1.171918918918919
1 0.2707312091503268 1.0726891891891892 -0.2711846405228758 -0.8249459459459461
1 0.28782679738562095 1.1386891891891893 -0.31477124183006544 -0.9955945945945947
1 0.26459150326797387 0.9540540540540541 -0.2541176470588235 -0.7961621621621623
0 0.1352736928104575 0.5336351351351352 -0.027181372549019617 -0.005972972972972995
0 0.1111642156862745 0.5333378378378378 0.02149509803921569 0.20591891891891892
0 0.16546977124183007 0.6503918918918918 -0.07752450980392156 -0.16218918918918918
0 0.1474387254901961 0.5962567567567568 -0.046772875816993464 -0.06743243243243248
0 0.31512663398692814 1.2986216216216218 -0.37907679738562094 -0.994
0 0.32810049019607845 1.3488783783783787 -0.40974673202614376 -1.1528378378378379
0 0.3501388888888889 1.4663648648648648 -0.46290849673202616 -1.2972162162162162
0 0.4620629084967321 1.9747972972972974 -0.6728513071895426 -1.9549999999999998
0 0.4617524509803922 1.990864864864865 -0.6820016339869281 -1.9871351351351352
0 0.4834150326797386 2.0029324324324325 -0.7048039215686275 -2.104243243243243
0 0.35089460784313725 1.4727567567567568 -0.4581944444444444 -1.2107567567567568
8 0.24039624183006536 0.8442432432432433 -0.2189133986928105 -0.669081081081081
