2 0.3065217391304348 1.2636 -0.33344605475040257 -1.1185066666666668
3 0.423719806763285 2.1533333333333333 -0.6959903381642513 -2.312
2 0.37128019323671496 1.6173733333333333 -0.4714009661835749 -1.8158133333333335
2 0.34319645732689213 1.3069199999999999 -0.41590982286634454 -1.51096
2 0.3376932367149758 1.2331733333333332 -0.40016908212560387 -1.4079466666666667
2 0.3326489533011272 1.20392 -0.3897262479871175 -1.3794666666666664
2 0.07167874396135267 0.5200533333333333 0.14335748792270533 0.46261333333333327
2 0.1118840579710145 0.68428 0.06106280193236714 -0.03554666666666662
2 0.1792512077294686 0.7790266666666666 -0.06077294685990339 -0.3414666666666667
2 0.23597423510466986 0.8874666666666666 -0.18801932367149757 -0.6900266666666666
2 0.24652576489533012 0.90564 -0.217962962962963 -0.7458933333333334
2 0.26287037037037037 0.9444533333333334 -0.2471417069243156 -0.8584533333333332
2 0.28068438003220614 0.9946133333333333 -0.2822705314009662 -0.9841066666666666
2 0.07690016103059581 0.5002800000000001 0.13801932367149758 0.27538666666666667
