2 0.3417954911433172 1.31024 -0.3945893719806763 -1.3546133333333334
2 0.08757246376811595 0.9096799999999999 0.1751449275362319 0.1753066666666667
2 0.42311996779388084 1.8859733333333333 -0.5846618357487924 -2.47504
2 0.3993196457326892 1.7207599999999998 -0.566159420289855 -2.221146666666667
7 0.22976650563607084 0.8984533333333333 -0.1273268921095008 -0.50768
2 0.2353985507246377 0.9410266666666666 -0.17404991948470208 -0.6312266666666667
2 0.17034621578099837 0.8740533333333332 -0.025008051529790663 -0.25471999999999995
2 0.3806602254428342 1.5307866666666667 -0.5002576489533012 -1.9148533333333333
2 0.2606119162640902 0.9666 -0.22658615136876004 -0.7865866666666665
2 0.4968317230273752 1.8874133333333332 -0.7543075684380033 -2.7463466666666667
2 0.4781561996779388 1.8047066666666665 -0.7139452495974236 -2.6159733333333333
3 0.5329227053140096 1.9145066666666668 -0.8565539452495974 -2.789653333333333
8 0.27677133655394526 1.0382 -0.2690821256038648 -0.9636533333333334
8 0.31140901771336554 1.1373866666666665 -0.3456521739130434 -1.2206933333333332
8 0.348389694041868 1.2728133333333334 -0.4341867954911433 -1.5501600000000002
