2 0.3156360708534621 1.1180266666666665 -0.3404186795491143 -1.12864
1 0.43220611916264084 2.1533333333333333 -0.7030917874396135 -2.312
0 0.4338486312399356 1.83132 -0.607085346215781 -1.6679733333333333
0 0.3972987117552335 1.601133333333333 -0.5166908212560386 -1.46056
2 0.21884057971014492 0.8604399999999999 -0.12599033816425123 -0.49746666666666667
1 0.3997705314009662 1.8661466666666668 -0.5781400966183574 -1.8741066666666666
8 0.09396135265700482 0.40943999999999997 0.1329951690821256 0.53536
8 0.12520933977455717 0.5094933333333334 0.05278582930756843 0.23866666666666667
8 0.27234702093397745 1.0123333333333333 -0.2508615136876007 -0.9429599999999998
8 0.16375201288244767 0.5629733333333333 -0.0170048309178744 -0.05458666666666666
8 0.11088969404186795 0.40772 0.09706119162640901 0.35250666666666663
