2 0.314194847020934 1.19392 -0.3324959742351047 -1.1312533333333334
2 0.18306360708534622 1.0039866666666666 -0.07949275362318842 -0.48296
2 0.20387681159420287 0.9862133333333334 -0.11603059581320449 -0.5918399999999999
2 0.2519685990338164 1.0351733333333333 -0.21451690821256045 -0.8811733333333331
2 0.27140901771336556 1.0323066666666667 -0.25942028985507243 -0.9658933333333334
3 0.28332528180354266 1.0536 -0.30597423510466987 -1.0887466666666665
2 0.4336070853462157 2.1533333333333333 -0.5434621578099839 -2.312
2 0.37378019323671496 1.5829333333333333 -0.4716183574879227 -1.71584
0 0.36595008051529787 1.3579866666666667 -0.4404991948470209 -1.35016
2 0.36393719806763286 1.3888933333333333 -0.43362318840579706 -1.5131466666666664
2 0.35547101449275365 1.3140133333333333 -0.417512077294686 -1.4361333333333333
2 0.34746376811594204 1.2808666666666666 -0.4152012882447665 -1.4091466666666665
0 0.34446859903381644 1.1938533333333332 -0.4048792270531401 -1.302533333333333
2 0.09615942028985508 0.7273466666666666 0.10405797101449277 -0.036986666666666675
2 0.3161392914653784 1.1408800000000001 -0.34802737520128824 -1.1613333333333333
2 0.06945652173913043 0.4680933333333333 0.13891304347826086 0.3416266666666667
2 0.16779790660225444 0.8027866666666666 -0.044806763285024136 -0.3291466666666666
3 0.3966425120772947 1.5244133333333332 -0.5302254428341384 -1.9417333333333333
8 0.10471014492753625 0.7150799999999999 0.2094202898550725 0.5591733333333333
8 0.45958534621578107 1.58072 -0.6295088566827698 -2.1384000000000003
