2 0.3896819645732689 1.9321333333333333 -0.4676892109500804 -1.8695999999999997
3 0.32131642512077296 1.3947866666666666 -0.44005636070853466 -1.45928
2 0.1659057971014493 0.8627866666666667 -0.048043478260869556 -0.4101066666666666
2 0.18707729468599035 0.9311466666666667 -0.0935909822866345 -0.5844799999999999
2 0.19983091787439614 0.9412933333333333 -0.11528180354267309 -0.6558133333333332
2 0.25306763285024153 0.9989466666666665 -0.21655394524959745 -0.87432
3 0.2368558776167472 1.00588 -0.22496779388083732 -0.89816
2 0.33256038647342995 1.1956266666666666 -0.37278582930756843 -1.2588266666666665
8 0.2892753623188406 1.1098 -0.30346215780998387 -1.1689333333333334
8 0.06981481481481482 0.4226266666666666 0.13962962962962963 0.7401866666666667
