2 0.3109742351046699 1.20288 -0.33516908212560387 -1.1197866666666665
2 0.3973309178743962 1.7356 -0.5141787439613525 -1.9015999999999997
2 0.3592431561996779 1.4648666666666665 -0.43297906602254427 -1.6385333333333332
2 0.13673913043478259 0.8461066666666666 0.020225442834138466 -0.19344000000000006
2 0.07957729468599033 0.5046533333333333 0.15915458937198065 0.55656
2 0.09880837359098228 0.6761866666666666 0.08877616747181964 0.06816000000000008
2 0.25299114331723027 0.9798133333333333 -0.21425925925925926 -0.7954666666666669
2 0.29958132045088565 1.06624 -0.3211755233494364 -1.08464
2 0.19320853462157814 0.8287199999999999 -0.09491948470209341 -0.44848
2 0.24920289855072464 0.9449333333333334 -0.20587761674718197 -0.7735999999999998
2 0.3375 1.1742266666666668 -0.39435587761674723 -1.3258933333333334
2 0.14007648953301127 0.6812666666666667 0.015901771336553946 -0.1437066666666667
