2 0.3123711755233494 1.1909066666666666 -0.3326328502415459 -1.1336
3 0.41047504025764897 2.1533333333333333 -0.700805152979066 -2.312
2 0.06357085346215781 0.8337333333333332 0.12714170692431562 0.32719999999999994
2 0.12583735909822868 0.9432933333333333 0.040998389694041855 -0.19496000000000002
2 0.17084943639291464 0.99384 -0.045370370370370366 -0.4860799999999999
2 0.23260466988727857 1.0130133333333333 -0.18095813204508854 -0.76
2 0.2651288244766506 1.02908 -0.24909822866344605 -0.9545333333333332
2 0.3763768115942029 1.5371199999999998 -0.45141706924315617 -1.644426666666667
2 0.35454106280193237 1.3687466666666666 -0.43196457326892107 -1.4946133333333333
0 0.34971417069243155 1.2533333333333332 -0.4151932367149758 -1.2952000000000001
2 0.31298711755233494 1.1331733333333334 -0.3422061191626409 -1.1422933333333334
2 0.12204911433172301 0.6311466666666666 0.02997584541062801 -0.10405333333333336
3 0.3832608695652174 1.4446933333333332 -0.5057004830917874 -1.826933333333333
8 0.197085346215781 0.7225333333333335 -0.12325281803542672 -0.49445333333333336
8 0.28719001610305955 1.05028 -0.31700483091787435 -1.07752
8 0.26401368760064414 0.9329866666666666 -0.27065217391304347 -0.9395199999999998
8 0.33927133655394526 1.19604 -0.4045008051529791 -1.2828
8 0.3244283413848631 1.1184133333333335 -0.3841867954911433 -1.28968
