0 0.3222549019607843 1.1696621621621623 -0.40663398692810454 -1.2442972972972974
0 0.15749591503267973 0.7281891891891893 -0.08798202614379085 -0.05508108108108107
0 0.4625163398692811 2.1513513513513516 -0.7109150326797387 -2.308108108108108
0 0.334906045751634 1.2580945945945947 -0.44375 -1.3765675675675675
0 0.3117769607843137 1.5976351351351352 -0.4147303921568627 -1.2006756756756758
0 0.3373570261437909 1.5786621621621624 -0.40281862745098046 -1.1627297297297299
0 0.35227124183006536 1.567054054054054 -0.47947712418300653 -1.1395135135135135
0 0.3956944444444445 1.6799459459459458 -0.49754901960784315 -1.3652972972972972
0 0.3974305555555556 1.6984324324324327 -0.5545506535947713 -1.4022702702702705
0 0.4425408496732027 1.866608108108108 -0.6230065359477125 -1.7386216216216217
0 0.19915032679738562 1.065472972972973 -0.12803921568627452 -0.13635135135135132
0 0.28013480392156864 1.1885675675675675 -0.322328431372549 -0.8488648648648647
0 0.32671977124183005 1.315337837837838 -0.4076388888888889 -1.1335405405405405
0 0.32839052287581705 1.3832702702702702 -0.4299673202614379 -1.2789729729729729
0 0.3585784313725491 1.4572702702702705 -0.49194444444444446 -1.478810810810811
3 0.0 0.8597837837837838 0.0 0.275027027027027
8 0.25602124183006536 0.9321216216216216 -0.2824509803921569 -0.8895945945945946
8 0.17919934640522878 0.7038243243243243 -0.12880718954248369 -0.4157567567567567
8 0.4206045751633987 1.5377432432432434 -0.6522385620915033 -2.331702702702703
