2 0.304537037037037 1.09424 -0.3286070853462158 -1.0925866666666666
2 0.30720209339774557 1.0944266666666664 -0.33888083735909824 -1.1226133333333332
0 0.431682769726248 1.6713866666666666 -0.6111111111111112 -1.79312
2 0.35661835748792264 1.535426666666667 -0.4305152979066023 -1.5568266666666668
2 0.34286634460547505 1.3373599999999999 -0.4047504025764896 -1.3641066666666666
2 0.32766908212560386 1.1881733333333333 -0.3821658615136876 -1.270106666666667
2 0.12205314009661836 0.7748933333333334 0.08061191626409019 0.003226666666666612
2 0.17531400966183575 0.8306533333333334 -0.046811594202898564 -0.30376
2 0.21661030595813202 0.8783866666666665 -0.13768115942028983 -0.5402399999999999
2 0.3244041867954911 1.1286933333333333 -0.36835748792270534 -1.2226666666666666
