2 0.3667028985507247 1.791 -0.46195652173913043 -1.7230133333333335
2 0.07979066022544283 0.7234266666666666 0.15958132045088566 0.5478133333333334
2 0.0742632850241546 0.8304133333333332 0.1485265700483092 0.12119999999999996
2 0.09294685990338164 0.8460666666666665 0.12497584541062805 -0.1069066666666666
2 0.353792270531401 1.4419866666666665 -0.410756843800322 -1.4747999999999999
2 0.3373550724637681 1.2720533333333333 -0.3941304347826087 -1.3255466666666664
2 0.20647342995169082 0.9559466666666667 -0.12405797101449276 -0.6674666666666667
2 0.22045893719806764 0.9362000000000001 -0.16668276972624796 -0.67448
2 0.24699677938808373 0.9760533333333334 -0.203365539452496 -0.8122666666666667
2 0.33151368760064415 1.1825466666666666 -0.37489533011272136 -1.2596533333333333
8 0.2653140096618357 0.9485066666666666 -0.26075684380032205 -0.9498666666666664
8 0.2778140096618357 1.121 -0.28783413848631234 -1.1430666666666667
