2 0.46815217391304353 2.1533333333333333 -0.5960628019323672 -2.312
2 0.3953421900161031 1.8227866666666668 -0.48983091787439614 -1.8768266666666669
2 0.23537842190016106 1.0020266666666666 -0.1710305958132045 -0.65936
2 0.25729468599033817 1.0169066666666666 -0.21903381642512074 -0.7787733333333333
2 0.35020933977455715 1.26292 -0.4174074074074074 -1.3972533333333335
2 0.2735426731078905 1.0296933333333333 -0.2445571658615137 -0.8572533333333334
2 0.28096618357487924 1.0403466666666665 -0.26412238325281806 -0.9158933333333334
2 0.11189613526570048 0.6487466666666667 0.07970209339774557 -0.033280000000000046
8 0.19421900161030597 0.7716799999999999 -0.09772946859903384 -0.40992
8 0.3069806763285024 1.1580933333333334 -0.33367149758454107 -1.2448266666666667
