2 0.5228799019607844 1.9716891891891892 -0.7439460784313725 -2.6674324324324328
2 0.49676062091503265 1.8782702702702705 -0.6931127450980392 -2.499135135135135
2 0.46346813725490194 1.7608783783783788 -0.629828431372549 -2.254891891891892
2 0.3166013071895425 1.134472972972973 -0.3513235294117647 -1.1725675675675673
0 0.4617728758169935 1.9281756756756756 -0.676421568627451 -1.9881891891891892
0 0.13964052287581702 0.5467702702702704 -0.031143790849673184 -0.02062162162162161
0 0.17465277777777777 0.6558513513513514 -0.09618464052287581 -0.2514864864864865
0 0.18667892156862745 0.7719324324324325 -0.11476307189542487 -0.22818918918918915
0 0.2034640522875817 0.8200405405405405 -0.14833333333333334 -0.34245945945945944
0 0.2079248366013072 0.8884864864864865 -0.1586764705882353 -0.45027027027027033
0 0.25157271241830065 1.0467027027027027 -0.2496160130718954 -0.6452972972972975
0 0.2721160130718954 1.0931621621621623 -0.2836928104575164 -0.7823783783783784
0 0.19574754901960784 0.8426891891891891 -0.13285130718954247 -0.2653243243243244
0 0.21522467320261437 0.8973783783783783 -0.17033496732026146 -0.39086486486486477
0 0.23035130718954247 0.9317702702702703 -0.1927124183006536 -0.4945135135135135
0 0.18919117647058822 0.822864864864865 -0.12022875816993461 -0.3045405405405406
8 0.2940441176470588 1.0285945945945947 -0.32516339869281047 -1.0205405405405406
