2 0.4520209339774557 2.1533333333333333 -0.6179066022544284 -2.312
2 0.08037037037037037 0.8057866666666667 0.16074074074074074 0.3830933333333333
2 0.20796698872785827 0.9285599999999999 -0.11620772946859902 -0.50064
2 0.23626006441223832 0.9492 -0.17297101449275362 -0.6507733333333333
2 0.2523228663446055 0.96028 -0.20873590982286636 -0.7327199999999999
2 0.26336553945249597 0.9772 -0.23222222222222225 -0.8109866666666666
2 0.3772866344605475 1.4466933333333332 -0.5059259259259259 -1.851573333333333
2 0.36730676328502415 1.3703999999999998 -0.483244766505636 -1.7173333333333334
2 0.4995209339774557 1.8857599999999999 -0.784500805152979 -2.8471466666666667
2 0.48341384863123993 1.829 -0.7490177133655395 -2.724613333333333
2 0.473780193236715 1.7839866666666666 -0.7218438003220613 -2.640933333333334
2 0.4640016103059581 1.7364266666666668 -0.7003703703703704 -2.5469333333333335
2 0.27487117552334944 0.9967733333333334 -0.2585024154589372 -0.8914666666666669
2 0.337073268921095 1.2101466666666667 -0.39773752012882446 -1.339813333333333
8 0.29057568438003223 1.0330266666666665 -0.2998148148148148 -1.0188533333333332
8 0.3160950080515298 1.1417066666666666 -0.36127214170692434 -1.2327466666666667
8 0.36479468599033815 1.2546933333333332 -0.4513768115942029 -1.503573333333333
