1 0.4163970588235294 1.6439054054054054 -0.6094934640522875 -1.8614324324324325
0 0.4582066993464053 1.8966216216216216 -0.6739624183006536 -1.8984864864864868
1 0.3115972222222222 1.1835135135135135 -0.3576062091503268 -1.1693513513513514
0 0.5249754901960784 2.0305675675675676 -0.8692647058823529 -2.549675675675676
0 0.3589910130718954 1.3288648648648649 -0.47031862745098046 -1.439027027027027
0 0.3758292483660131 1.332364864864865 -0.49744281045751637 -1.553918918918919
0 0.3579330065359477 1.3025810810810812 -0.46580065359477124 -1.445918918918919
0 0.3473815359477124 1.2760675675675677 -0.44654411764705887 -1.3945675675675677
0 0.35805964052287587 1.3107432432432433 -0.47497549019607843 -1.4593243243243246
8 0.30680555555555555 1.045837837837838 -0.349640522875817 -1.1273513513513513
