2 0.2459098228663446 1.0532533333333334 -0.2149597423510467 -0.7621866666666666
2 0.3976288244766506 2.1254133333333334 -0.49797906602254427 -2.25616
1 0.2935829307568438 1.13368 -0.31127214170692424 -0.8715733333333332
2 0.36953301127214166 1.61488 -0.4310305958132045 -1.5472533333333334
2 0.2757407407407408 1.0579866666666666 -0.25821256038647344 -0.9111733333333335
2 0.3308132045088567 1.1741066666666666 -0.37574879227053143 -1.2584533333333332
3 0.2984581320450886 1.0576133333333333 -0.32424315619967786 -1.0902133333333333
2 0.06855475040257648 0.8052266666666668 0.13710950080515297 -0.10074666666666675
8 0.3098470209339775 1.0753066666666666 -0.35085346215781005 -1.1516799999999998
8 0.334585346215781 1.1261733333333332 -0.40554750402576484 -1.3328266666666668
