1 0.11883683360258483 0.954692513368984 0.01584814216478191 0.08526737967914434
0 0.39962439418416806 1.5622860962566842 -0.5686833602584814 -1.6717914438502672
0 0.2952584814216478 1.1546791443850268 -0.3351857835218094 -0.9690909090909092
0 0.2311712439418417 0.9347994652406417 -0.2027463651050081 -0.5155347593582886
0 0.27111470113085623 1.0488770053475935 -0.28696284329563815 -0.8076470588235293
0 0.3562560581583199 1.3480213903743314 -0.47868336025848146 -1.4257754010695187
1 0.28177302100161555 1.05298128342246 -0.29771405492730213 -0.8906684491978609
0 0.2883723747980614 1.0395053475935827 -0.31790791599353796 -0.9639304812834224
8 0.3262924071082391 1.1696524064171123 -0.3960904684975768 -1.3335294117647059
8 0.2562399030694669 0.9955080213903743 -0.22369143780290793 -0.7163101604278074
8 0.26535541195476575 0.9041443850267379 -0.26691437802907925 -0.8852406417112298
