2 0.08034722222222222 0.9342027027027027 0.16069444444444445 0.1261891891891892
0 0.38901552287581703 1.5670405405405408 -0.5396977124183007 -1.6123513513513517
0 0.2549795751633987 1.1321216216216217 -0.2563480392156863 -0.6561891891891891
0 0.25365604575163403 1.141554054054054 -0.2653022875816993 -0.6263513513513513
1 0.46094362745098033 1.6630270270270269 -0.6827532679738562 -2.172
0 0.10834558823529412 0.5495405405405406 0.06847222222222224 0.3834594594594595
0 0.10787581699346405 0.541972972972973 0.08184640522875816 0.4326486486486486
1 0.2780269607843137 1.2330405405405407 -0.29790032679738565 -0.997972972972973
2 0.25252859477124184 0.9130945945945945 -0.2303676470588235 -0.7867837837837839
8 0.32633578431372545 1.1604054054054054 -0.3970343137254902 -1.3875135135135135
8 0.36904411764705886 1.2818783783783783 -0.49390522875816995 -1.585648648648649
8 0.5349142156862745 1.901 -0.8329493464052288 -2.8032432432432435
