1 0.1501086956521739 0.9492933333333333 0.004420289855072471 0.09607999999999993
2 0.46729066022544286 2.1533333333333333 -0.6971256038647342 -2.312
2 0.1123510466988728 0.85852 0.07162640901771337 -0.27293333333333336
2 0.1573389694041868 0.8987333333333333 -0.01957326892109501 -0.4388533333333333
2 0.1969082125603865 0.8918533333333333 -0.10541062801932366 -0.5401866666666667
2 0.33360305958132047 1.2942133333333334 -0.38100644122383254 -1.3241066666666668
2 0.23269726247987116 0.9478533333333333 -0.1773429951690821 -0.7433333333333333
2 0.32329307568438 1.16368 -0.36813204508856684 -1.23536
3 0.31095410628019327 1.0841466666666666 -0.3613607085346216 -1.1884533333333331
8 0.2679186795491143 1.07012 -0.27012077294685993 -1.0964533333333333
