2 0.3422745571658615 1.20412 -0.40453301127214175 -1.3694666666666668
3 0.3607206119162641 1.2684133333333334 -0.4605716586151368 -1.5256266666666667
2 0.2739090177133655 1.1008666666666667 -0.25831723027375203 -0.9953333333333334
3 0.16237922705314012 0.8378133333333333 -0.07137681159420291 -0.4277866666666666
4 0.24740338164251205 1.02444 -0.2701529790660226 -0.9437599999999999
8 0.08648148148148148 0.37 0.17296296296296296 0.6936
8 0.2931763285024155 1.1235866666666665 -0.33314814814814814 -1.2724533333333332
8 0.3791183574879227 1.5755466666666667 -0.5039855072463768 -2.1901333333333333
8 0.47754428341384864 1.8883599999999998 -0.7091626409017713 -2.8364533333333335
8 0.3572423510466989 1.2193333333333334 -0.44252012882447667 -1.4638933333333335
