2 0.1228502415458937 0.6252533333333334 0.05971014492753623 0.10608
3 0.10598228663446055 0.5401066666666666 0.07423510466988727 0.16
2 0.15064814814814817 0.6488666666666666 0.01773752012882448 -0.01863999999999995
2 0.3502012882447665 1.2647599999999999 -0.40867954911433174 -1.40472
7 0.3875925925925926 1.3326 -0.4936070853462157 -1.6178933333333334
8 0.0807487922705314 0.37689333333333336 0.1614975845410628 0.47624
8 0.18927133655394524 0.7035466666666667 -0.0784621578099839 -0.27365333333333325
8 0.4166143317230273 1.5168799999999998 -0.5633574879227052 -2.000373333333333
8 0.2043800322061192 0.72168 -0.10971014492753625 -0.37888
8 0.40307971014492755 1.3906666666666667 -0.5310386473429951 -1.742133333333333
