2 0.30203867848509264 1.0877393617021276 -0.32227236099919415 -1.0720744680851062
2 0.08135777598710717 0.6392420212765958 0.16271555197421433 0.3783776595744681
2 0.1851893634165995 0.9562898936170212 -0.06644641418211121 -0.3969414893617021
2 0.17481063658340049 0.7995212765957447 -0.06406124093473005 -0.3314893617021276
2 0.23916599516518935 0.9627127659574468 -0.1838275584206285 -0.684468085106383
2 0.26459709911361806 0.9808776595744679 -0.23518936341659952 -0.8177659574468084
7 0.2763255439161966 1.0017287234042553 -0.28188557614826754 -0.9221808510638297
3 0.06923851732473812 0.6054920212765957 0.12298952457695406 0.12454787234042557
8 0.15047139403706689 0.6168882978723403 -0.03939564867042709 -0.2314361702127659
8 0.2541216760676873 0.9203058510638298 -0.2393956486704271 -0.8760904255319147
