0 0.19002415458937197 0.7158800000000001 -0.1204991948470209 -0.33448
2 0.17448872785829309 0.73232 -0.10219806763285025 -0.37903999999999993
2 0.19849838969404188 0.7928266666666667 -0.13271336553945248 -0.5144
2 0.22209742351046702 0.8770266666666666 -0.17878421900161032 -0.7078133333333335
3 0.2866465378421901 1.0934533333333334 -0.32276167471819645 -1.1536266666666666
2 0.3046819645732689 1.1124533333333333 -0.34578904991948467 -1.21632
2 0.3205515297906602 1.1704 -0.38169887278582926 -1.3395733333333333
2 0.3349194847020934 1.2171999999999998 -0.40149758454106277 -1.4349333333333334
2 0.35022946859903376 1.2465066666666669 -0.43206924315619966 -1.4927466666666664
2 0.35910225442834137 1.2824266666666666 -0.4486553945249598 -1.56704
2 0.36694041867954913 1.3194533333333331 -0.4671658615136876 -1.6473866666666666
3 0.3797383252818035 1.3749466666666668 -0.5089130434782608 -1.7709066666666664
2 0.3938647342995169 1.40008 -0.5232206119162641 -1.8238400000000001
2 0.40216988727858294 1.416 -0.5411191626409018 -1.8686399999999999
8 0.26453301127214174 0.9252133333333332 -0.27273752012882446 -0.9343733333333333
8 0.1296376811594203 0.5983333333333333 -0.011272141706924315 -0.2563999999999999
8 0.41739935587761673 1.5289733333333333 -0.5909661835748793 -2.1004533333333333
8 0.5189533011272142 1.7980399999999999 -0.7951046698872786 -2.6626933333333334
8 0.5361513687600644 1.8728666666666667 -0.8222222222222223 -2.8675999999999995
8 0.494927536231884 1.7018133333333334 -0.744927536231884 -2.5255466666666666
