2 0.3026148267526188 1.0871675531914893 -0.3152377115229653 -1.0486436170212765
2 0.09538678485092666 0.7512898936170213 0.12513295729250606 0.07662234042553191
2 0.16767526188557616 1.0487898936170212 -0.017767929089444006 -0.3126329787234043
2 0.18958501208702658 0.8379521276595744 -0.07825141015310232 -0.3881382978723405
2 0.24714343271555195 0.970438829787234 -0.1925624496373892 -0.7092287234042554
3 0.2615310233682514 0.9986170212765958 -0.26825141015310233 -0.8716489361702128
2 0.09591861402095084 0.603683510638298 0.12092667203867848 0.1426329787234043
2 0.15291700241740533 0.7068218085106382 -0.012538275584206287 -0.18401595744680857
8 0.23146253021756646 0.8042686170212765 -0.17428686543110394 -0.5752393617021277
8 0.24630539887187752 0.8807579787234041 -0.2227316680096696 -0.7764095744680851
8 0.2879734085414988 1.025159574468085 -0.2935616438356164 -0.9551595744680851
