0 0.22272544283413848 0.83636 -0.16644927536231885 -0.4509066666666667
0 0.189158615136876 0.7261199999999999 -0.1100563607085346 -0.28850666666666663
7 0.4038848631239936 1.4802533333333334 -0.511231884057971 -1.6674399999999998
8 0.21427133655394526 0.7716799999999999 -0.14825281803542673 -0.45824
8 0.20307568438003223 0.7096 -0.12793880837359098 -0.42026666666666657
8 0.25672302737520125 0.9485199999999999 -0.2519001610305958 -0.7808266666666668
8 0.27599033816425117 0.9890399999999999 -0.29148148148148145 -0.9412266666666668
8 0.29734702093397747 1.0571866666666667 -0.33107085346215775 -1.1258399999999997
8 0.30880434782608696 1.1235866666666667 -0.371682769726248 -1.2620533333333332
8 0.17677133655394525 0.6449066666666666 -0.08574879227053141 -0.23914666666666667
8 0.397085346215781 1.3685333333333334 -0.5367954911433171 -1.7623466666666665
8 0.3450040257648953 1.2271066666666666 -0.43053945249597425 -1.4207733333333332
8 0.23224235104669885 0.8838133333333333 -0.18834943639291468 -0.6824533333333332
