1 0.5338521241830065 1.999283783783784 -0.7804330065359477 -2.4252162162162167
0 0.06558823529411764 0.5222432432432432 0.12522875816993465 0.6842702702702703
0 0.1277736928104575 0.8519594594594596 -0.014795751633986916 0.2906756756756757
1 0.4082924836601307 1.6336891891891894 -0.5294444444444444 -1.641864864864865
1 0.4888153594771242 1.7551216216216217 -0.6643627450980392 -2.127972972972973
0 0.31762254901960785 1.1251621621621621 -0.35168300653594775 -1.083027027027027
0 0.3247058823529412 1.1421351351351352 -0.3628104575163399 -1.139945945945946
1 0.43398692810457523 1.5452837837837838 -0.5602450980392157 -1.851864864864865
0 0.47041666666666665 1.6297297297297297 -0.639967320261438 -2.0438918918918922
0 0.4854534313725491 1.6923378378378378 -0.649109477124183 -2.0952162162162162
8 0.06286764705882353 0.5076486486486487 0.12573529411764706 0.6623243243243244
8 0.5068096405228759 1.77122972972973 -0.6934068627450981 -2.2714864864864865
8 0.3784150326797386 1.3171891891891894 -0.45745098039215687 -1.497783783783784
