2 0.0774476650563607 0.8481333333333333 0.1548953301127214 0.29839999999999994
2 0.39880032206119165 2.1533333333333333 -0.4770853462157811 -2.312
2 0.12734702093397748 1.1007733333333332 0.05778582930756845 -0.20687999999999995
2 0.2206561996779388 1.08284 -0.1325040257648953 -0.5489866666666666
2 0.36111513687600644 1.58392 -0.42367954911433175 -1.5363733333333331
2 0.34460144927536235 1.3770799999999999 -0.38995974235104663 -1.3532
2 0.27876006441223833 1.0582666666666667 -0.26019323671497585 -0.8868799999999999
2 0.28694444444444445 1.0728 -0.29443639291465384 -0.9756266666666666
2 0.2981400966183575 1.0903466666666666 -0.3122705314009662 -1.04464
8 0.3186996779388084 1.1589466666666666 -0.3466908212560387 -1.2431200000000002
