2 0.30515297906602257 1.2895333333333332 -0.33085346215781003 -1.1116533333333334
2 0.3852777777777778 1.7456533333333333 -0.4973349436392915 -1.9262399999999997
2 0.34546296296296297 1.3292533333333332 -0.4192190016103059 -1.5324799999999998
2 0.33880032206119165 1.2439066666666667 -0.4022705314009662 -1.4194399999999998
2 0.3333937198067633 1.2116133333333334 -0.38999194847020935 -1.38456
2 0.07398550724637681 0.6390933333333333 0.1410144927536232 0.14314666666666667
2 0.16455716586151367 0.7565866666666667 -0.028888888888888884 -0.2607466666666667
2 0.23114734299516912 0.8773866666666665 -0.17635265700483094 -0.65376
2 0.24266908212560384 0.8983733333333332 -0.20899355877616746 -0.7191466666666667
2 0.26060789049919486 0.9412266666666665 -0.24182769726247988 -0.84368
2 0.2797826086956522 0.9940399999999999 -0.27877616747181966 -0.9745333333333335
2 0.19141304347826088 0.7537600000000001 -0.10042673107890501 -0.41408
2 0.0734621578099839 0.43476 0.1469243156199678 0.4466933333333333
8 0.22156602254428343 0.7820533333333333 -0.16179549114331723 -0.5376
