2 0.11472624798711756 1.1601866666666667 0.06950080515297907 -0.32570666666666664
2 0.46946457326892105 2.1533333333333333 -0.6038405797101448 -2.312
2 0.394219001610306 2.0789999999999997 -0.5055233494363929 -2.163333333333333
2 0.5330555555555555 1.9566 -0.8426811594202898 -2.7054666666666662
3 0.4764895330112721 1.98372 -0.7403220611916265 -2.6512266666666666
3 0.4251851851851851 1.8360400000000001 -0.6331723027375201 -2.4074933333333335
2 0.23293075684380032 1.0274133333333333 -0.1768438003220612 -0.688
2 0.25723429951690824 1.046 -0.22683574879227056 -0.8354133333333332
2 0.4305555555555556 1.6308933333333333 -0.6031884057971015 -2.123333333333333
2 0.4051127214170693 1.5237333333333332 -0.5451690821256039 -1.9332266666666666
2 0.39232286634460545 1.4586666666666666 -0.5210547504025765 -1.8272000000000002
2 0.3464694041867955 1.2851866666666667 -0.41379227053140094 -1.4063733333333333
2 0.28344202898550724 1.0584133333333332 -0.28904186795491144 -0.9954933333333331
3 0.28683574879227053 1.0641333333333334 -0.3120933977455716 -1.0484799999999999
2 0.3609500805152979 1.3148133333333334 -0.4602254428341385 -1.6163466666666666
4 0.31533413848631237 1.16892 -0.39875201288244766 -1.3162933333333333
8 0.309585346215781 1.0666666666666667 -0.3451288244766506 -1.0964800000000001
