2 0.3030314009661836 1.3987466666666666 -0.32628824476650564 -1.1034133333333331
2 0.4494645732689211 2.1533333333333333 -0.630169082125604 -2.312
2 0.35249597423510465 1.3894 -0.4327536231884058 -1.6031733333333333
2 0.3440136876006441 1.27544 -0.4098148148148148 -1.45056
2 0.33716183574879227 1.23584 -0.395048309178744 -1.4100266666666665
2 0.0755072463768116 0.49073333333333335 0.1510144927536232 0.5662133333333332
2 0.307548309178744 1.0658666666666665 -0.33670692431562 -1.1351999999999998
2 0.12181159420289854 0.6990266666666666 0.06600644122383253 -0.03175999999999991
2 0.2209098228663446 0.86524 -0.15099838969404186 -0.59112
2 0.23559178743961354 0.8881866666666666 -0.19171497584541064 -0.6690133333333333
2 0.25703301127214173 0.93716 -0.23142512077294683 -0.8147466666666666
2 0.278365539452496 0.9950666666666665 -0.2738969404186796 -0.9637333333333334
2 0.1752093397745572 0.7224266666666667 -0.06301127214170694 -0.31168000000000007
2 0.1683695652173913 0.6937466666666666 -0.05089371980676329 -0.30557333333333325
