2 0.30960547504025765 1.1401466666666666 -0.3374074074074074 -1.1238666666666663
2 0.4174476650563607 2.0717733333333332 -0.5746859903381643 -2.1488799999999997
2 0.3836755233494364 1.7557466666666666 -0.4874959742351047 -1.9198133333333334
2 0.3638365539452496 1.5810933333333332 -0.45979871175523346 -1.7618666666666667
2 0.3639492753623188 1.47652 -0.4452576489533011 -1.6575733333333333
2 0.35254830917874397 1.412 -0.4238888888888889 -1.6123199999999998
2 0.2818438003220612 0.9833733333333332 -0.2765217391304347 -0.9347466666666666
2 0.255 0.9479199999999999 -0.2156521739130435 -0.7549333333333333
2 0.33879227053140093 1.2892133333333333 -0.3997101449275362 -1.4676533333333333
2 0.3323349436392915 1.232813333333333 -0.3851529790660225 -1.3933066666666667
3 0.3252334943639291 1.1895866666666668 -0.37930756843800323 -1.3395466666666667
2 0.25578502415458937 0.9181199999999998 -0.22799516908212558 -0.7831733333333333
2 0.2472342995169082 0.8681333333333333 -0.20984702093397745 -0.7071466666666665
8 0.2869283413848631 1.0390533333333332 -0.31335748792270535 -1.09304
