0 0.2474718196457327 0.8909866666666667 -0.23502415458937195 -0.7174399999999999
2 0.2269927536231884 0.8855866666666667 -0.2059500805152979 -0.7185333333333332
2 0.24702495974235106 0.9360933333333333 -0.23099033816425119 -0.8290399999999999
2 0.26688003220611917 1.0091866666666667 -0.27033011272141705 -0.9972533333333331
3 0.3233816425120773 1.20456 -0.3996618357487923 -1.40272
2 0.34026167471819646 1.2231733333333332 -0.4202334943639292 -1.4576533333333332
2 0.3555193236714976 1.2812133333333333 -0.45464573268921094 -1.57864
2 0.36923510466988724 1.3289066666666667 -0.4731400966183575 -1.67264
2 0.3839170692431562 1.3571599999999997 -0.5030193236714976 -1.73
2 0.39332528180354265 1.3934933333333333 -0.519694041867955 -1.8016533333333333
2 0.40088566827697264 1.4309333333333334 -0.5393236714975845 -1.8869333333333331
3 0.4146859903381642 1.4919333333333333 -0.5820450885668277 -2.0175199999999998
2 0.4281763285024155 1.5156666666666667 -0.596256038647343 -2.07016
2 0.43884460547504023 1.5400133333333332 -0.6160789049919484 -2.1221599999999996
8 0.3015136876006441 1.0451066666666666 -0.3519001610305958 -1.1982666666666666
8 0.18536634460547505 0.76048 -0.12377616747181962 -0.6428266666666665
8 0.4489090177133656 1.8342933333333333 -0.6852254428341386 -2.717973333333333
8 0.5504830917874396 1.8754533333333332 -0.8665056360708535 -2.862426666666667
