2 0.2346537842190016 0.90304 -0.1823832528180354 -0.6909333333333334
2 0.3547181964573269 1.2459066666666665 -0.42930756843800316 -1.4316
0 0.3060024154589372 1.0496133333333333 -0.3334219001610306 -1.0666933333333333
2 0.423731884057971 1.4857866666666666 -0.5796537842190017 -1.9960533333333332
8 0.209585346215781 0.7734266666666666 -0.1440821256038647 -0.5168799999999999
8 0.32000402576489534 1.18052 -0.3680434782608696 -1.3793866666666665
8 0.26974235104669886 0.9286666666666666 -0.255024154589372 -0.8549866666666667
8 0.4627093397745572 1.5832933333333332 -0.6586714975845411 -2.226373333333333
8 0.40229468599033813 1.400453333333333 -0.5326247987117552 -1.82272
8 0.37749597423510467 1.2989866666666667 -0.47987117552334946 -1.5921066666666666
