0 0.3219648692810458 1.1720405405405407 -0.405890522875817 -1.2495945945945948
0 0.15943218954248364 0.7428243243243244 -0.09304738562091505 -0.08851351351351353
0 0.4703553921568628 2.025202702702703 -0.7047303921568628 -2.055810810810811
0 0.41643382352941183 1.8450540540540543 -0.6096977124183006 -1.6955135135135138
0 0.364375 1.3566891891891892 -0.4910539215686274 -1.5259729729729732
0 0.28851715686274515 1.4042027027027029 -0.36507352941176474 -0.8138108108108109
0 0.31449754901960786 1.4007837837837838 -0.3577859477124183 -0.8178918918918919
0 0.33193627450980395 1.4834054054054056 -0.4365359477124184 -1.0214594594594597
0 0.3652246732026144 1.5291351351351352 -0.44615196078431374 -1.1609189189189189
0 0.37089052287581703 1.5700135135135136 -0.49854575163398696 -1.3187297297297298
0 0.40728349673202613 1.6861486486486488 -0.5507761437908497 -1.5014324324324324
0 0.17850081699346407 0.9447432432432433 -0.08641339869281046 0.0003513513513513391
0 0.2724591503267974 1.1295270270270272 -0.31488562091503275 -0.8440270270270273
0 0.3067565359477124 1.245972972972973 -0.37058823529411766 -1.0822162162162163
0 0.31728349673202616 1.2974594594594595 -0.40790032679738564 -1.1921621621621623
0 0.34532679738562094 1.3798513513513515 -0.4625816993464052 -1.3915945945945947
3 0.0 0.8598378378378378 0.0 0.274918918918919
8 0.25680147058823527 0.9338243243243244 -0.28401143790849676 -0.8861351351351352
8 0.23466911764705883 0.8416621621621622 -0.23141339869281047 -0.7052162162162162
8 0.18597222222222223 0.7563918918918919 -0.1444281045751634 -0.49672972972972973
8 0.43622957516339866 1.8338513513513515 -0.6855800653594771 -2.937702702702703
8 0.3807598039215686 1.3275405405405407 -0.549640522875817 -1.9147567567567567
