2 0.2871175523349436 1.0091066666666666 -0.28193236714975844 -0.9400799999999999
2 0.16493961352657005 0.6602133333333333 -0.04260064412238325 -0.21125333333333332
2 0.18460144927536232 0.70616 -0.07675523349436392 -0.3210133333333333
2 0.47605072463768117 1.7450133333333333 -0.6394927536231884 -2.2778133333333335
2 0.201256038647343 0.7467466666666666 -0.10951690821256042 -0.41162666666666664
2 0.2931521739130435 1.0206266666666666 -0.2968840579710145 -0.9939466666666666
2 0.2994122383252818 1.131 -0.31088566827697256 -1.0301599999999997
2 0.13924718196457325 0.59908 0.015193236714975848 -0.06541333333333334
1 0.4246900161030596 1.49736 -0.5507971014492754 -1.7797866666666669
2 0.5129549114331723 1.8420533333333333 -0.7098389694041869 -2.47424
8 0.25463768115942026 0.88296 -0.22586151368760063 -0.7532266666666666
8 0.27000402576489535 0.9372933333333333 -0.25450080515297907 -0.8687733333333332
