2 0.3155877616747182 1.2603466666666665 -0.33731078904991946 -1.12784
2 0.36523349436392916 1.4861466666666665 -0.4484219001610306 -1.6778399999999998
2 0.3516908212560387 1.3275066666666668 -0.41288244766505644 -1.4760799999999998
2 0.34316022544283414 1.2722533333333335 -0.3933252818035427 -1.4141599999999999
2 0.08264895330112722 0.60248 0.16529790660225444 0.3902400000000001
2 0.2539452495974235 0.9664666666666667 -0.20876006441223835 -0.7483466666666666
2 0.2882608695652174 1.0321466666666665 -0.2833011272141707 -0.9642933333333333
2 0.30550322061191626 1.0676 -0.3202979066022545 -1.0753599999999999
2 0.20582528180354268 0.8462266666666666 -0.10461352657004834 -0.4579466666666666
2 0.22601046698872784 0.8766933333333333 -0.15897745571658617 -0.5726933333333333
2 0.2519444444444444 0.92984 -0.20847826086956522 -0.7415466666666668
2 0.27724637681159425 0.9996533333333333 -0.2570048309178744 -0.9141333333333331
2 0.15122785829307567 0.6750133333333334 -0.0007809983896940409 -0.12991999999999998
2 0.14568438003220613 0.64724 0.00821256038647342 -0.14050666666666667
