2 0.3127576489533011 1.1879333333333333 -0.33583735909822865 -1.1439733333333333
2 0.13440418679549115 0.9952133333333333 0.01639291465378423 -0.1896266666666667
2 0.17534219001610307 0.96948 -0.06376006441223832 -0.4496266666666667
2 0.24102657004830919 1.0282666666666664 -0.19620772946859902 -0.8422933333333333
2 0.25888486312399356 1.0103466666666667 -0.2386392914653784 -0.8973333333333333
2 0.26551932367149755 1.0259466666666668 -0.25100644122383253 -0.9478400000000001
3 0.2798913043478261 1.04836 -0.30385668276972627 -1.0840266666666667
2 0.3871658615136876 1.7834933333333334 -0.5022061191626409 -1.9260799999999998
0 0.3774033816425121 1.4277600000000001 -0.4685909822866345 -1.4061866666666667
2 0.3700281803542673 1.452533333333333 -0.4488647342995169 -1.5925333333333331
2 0.3587882447665056 1.3490666666666666 -0.42804347826086947 -1.4865066666666669
2 0.34825281803542674 1.3024399999999998 -0.4248148148148148 -1.4505866666666667
0 0.34475040257648953 1.1994666666666667 -0.4128663446054751 -1.3267733333333336
2 0.07428341384863124 0.6406266666666667 0.14856682769726248 0.28829333333333335
2 0.3137721417069243 1.1329733333333334 -0.35260064412238323 -1.1764533333333336
2 0.1328864734299517 0.75696 0.026690821256038652 -0.15557333333333326
3 0.40057165861513694 1.55636 -0.5473913043478261 -2.0166666666666666
8 0.5272745571658615 2.1506 -0.6367552334943638 -2.3118666666666665
8 0.25515700483091786 0.9096933333333332 -0.257109500805153 -0.9067466666666666
8 0.23484702093397747 0.81568 -0.20607085346215778 -0.7118400000000001
