0 0.38021809369951537 1.4831283422459893 -0.4948465266558966 -1.4794652406417113
0 0.1808885298869144 0.7885427807486631 -0.057415185783521824 -0.04045454545454544
0 0.24898222940226172 0.9464572192513369 -0.21200323101777063 -0.5872994652406417
0 0.25296445880452345 0.9332352941176469 -0.21256865912762518 -0.6152406417112299
0 0.29687802907915994 1.0532085561497324 -0.3061147011308562 -0.9382352941176471
3 0.30466074313408725 1.3282887700534758 -0.4065912762520194 -1.3021925133689838
8 0.3070193861066236 1.1118850267379679 -0.3252504038772213 -1.1007754010695188
8 0.28306542810985463 1.0162032085561497 -0.2700403877221325 -0.8611229946524065
8 0.23201938610662362 0.8472459893048128 -0.17733441033925687 -0.537005347593583
8 0.5471324717285946 2.1497326203208553 -0.8325525040387723 -2.3101604278074865
