2 0.08073268921095007 0.73788 0.16146537842190015 0.5189066666666666
1 0.21714170692431561 0.9663066666666666 -0.1585024154589372 -0.41512000000000004
1 0.2408132045088567 1.0079333333333333 -0.19900161030595814 -0.53352
2 0.2223792270531401 0.9490399999999999 -0.14361513687600644 -0.58992
1 0.27270933977455714 1.0007333333333333 -0.26404991948470213 -0.80664
2 0.2705716586151369 0.9975066666666668 -0.2477777777777778 -0.8760800000000001
2 0.3279710144927536 1.1676133333333332 -0.37291465378421895 -1.2510666666666665
2 0.4619645732689211 2.1533333333333333 -0.6679388083735909 -2.312
8 0.31583735909822863 1.0994533333333334 -0.3597101449275362 -1.20344
8 0.349170692431562 1.2469333333333334 -0.4399194847020934 -1.3707733333333332
8 0.3421376811594203 1.1675866666666666 -0.4029388083735909 -1.29832
