2 0.3294082125603865 1.1687466666666666 -0.35485507246376813 -1.1931733333333332
3 0.24816022544283417 0.9980133333333333 -0.21279388083735912 -0.8549599999999998
2 0.2337278582930757 0.9788266666666666 -0.15863123993558778 -0.7140799999999999
2 0.22440418679549118 0.95868 -0.14214170692431563 -0.6505333333333334
2 0.1770169082125604 0.9089066666666668 -0.042165861513687605 -0.44389333333333325
2 0.10607085346215782 0.8593733333333333 0.10107890499194847 -0.18023999999999993
2 0.3516787439613526 1.671213333333333 -0.41923510466988734 -1.5723466666666666
2 0.0948792270531401 1.06992 0.13892109500805155 -0.14517333333333332
4 0.3183011272141707 1.1412 -0.35352657004830923 -1.1796266666666666
8 0.286670692431562 1.0813466666666667 -0.2920048309178744 -1.0775199999999998
