2 0.08793478260869565 0.6354666666666666 0.1758695652173913 0.35328000000000004
2 0.26889291465378423 0.9920933333333332 -0.2355314009661836 -0.7926133333333334
3 0.23826086956521741 0.9060533333333333 -0.1877133655394525 -0.6469333333333332
2 0.20887278582930757 0.87368 -0.09257648953301129 -0.38965333333333335
2 0.17692834138486313 0.7724666666666666 -0.021409017713365543 -0.1809333333333334
1 0.12929549114331723 0.6652933333333333 0.05537037037037037 0.2317066666666667
0 0.26165458937198066 0.9108533333333333 -0.2118438003220612 -0.6611199999999998
2 0.5258212560386473 2.0232 -0.802769726247987 -2.5722666666666667
2 0.1824718196457327 0.7253999999999999 -0.04057971014492754 -0.26045333333333337
2 0.44751207729468595 1.5614933333333334 -0.6154428341384863 -2.0880533333333333
8 0.4601046698872786 1.6022666666666667 -0.653462157809984 -2.198773333333333
8 0.4848429951690822 1.6876666666666666 -0.7008454106280193 -2.386746666666667
8 0.28745169082125605 1.0019866666666666 -0.26960547504025767 -0.8670666666666669
