2 0.3368734891216761 1.2128590425531913 -0.38417405318291703 -1.2963563829787235
2 0.3226873489121676 1.1167819148936171 -0.3601047542304593 -1.1996276595744682
2 0.2071514907332796 0.9696276595744682 -0.12445608380338438 -0.5298404255319148
2 0.12395245769540691 0.742247340425532 0.04743755036261079 -0.09694148936170209
3 0.1896091861402095 0.8182978723404255 -0.10671232876712326 -0.4164893617021277
2 0.2616800966962127 0.9908377659574468 -0.23193392425463338 -0.8155053191489361
3 0.22074133763094278 0.8883909574468084 -0.1669460112812248 -0.6249202127659573
2 0.2798146655922643 1.0094813829787235 -0.2700080580177276 -0.9173670212765956
2 0.3104552780016116 1.1140159574468085 -0.3377034649476229 -1.1202659574468086
2 0.25001611603545526 0.9220079787234042 -0.21170024174053184 -0.745505319148936
2 0.2901490733279613 1.0071675531914894 -0.2929653505237712 -0.9723670212765958
3 0.2535294117647059 0.9275531914893617 -0.23005640612409348 -0.7811170212765959
8 0.2879734085414988 1.079308510638298 -0.31960515713134574 -1.0944148936170215
