2 0.05977858293075685 0.9414266666666665 0.1195571658615137 0.11181333333333335
2 0.21636473429951691 1.05432 -0.1592512077294686 -0.6613866666666666
2 0.3976328502415459 2.04168 -0.5199033816425122 -2.088693333333333
2 0.38390901771336555 1.57456 -0.477415458937198 -1.6422399999999997
2 0.3156924315619968 1.2312666666666665 -0.34946859903381644 -1.2597599999999998
3 0.4615499194847021 1.7404000000000002 -0.6893961352657005 -2.405226666666667
3 0.43406602254428345 1.6212266666666668 -0.6252657004830917 -2.1733866666666666
4 0.37864734299516906 1.3687333333333331 -0.5340096618357488 -1.7801333333333331
8 0.34448470209339777 1.3047199999999999 -0.4367954911433172 -1.5518933333333333
8 0.20776167471819648 0.7251199999999999 -0.12481481481481482 -0.3995733333333333
8 0.41896135265700485 1.454786666666667 -0.5878421900161029 -2.014213333333333
