2 0.1458574879227053 0.7139466666666667 0.026465378421900165 -0.055039999999999964
2 0.2721014492753623 0.9909866666666667 -0.26763285024154587 -0.8971733333333335
3 0.23993961352657003 0.9073999999999999 -0.2186231884057971 -0.75144
2 0.22639694041867955 0.8858533333333333 -0.15701288244766504 -0.5806133333333333
2 0.1972705314009662 0.8001733333333333 -0.09162640901771338 -0.3887733333333333
1 0.1844243156199678 0.7615066666666667 -0.08150563607085348 -0.21032
0 0.2614130434782609 0.9072666666666667 -0.23551529790660225 -0.7397599999999999
2 0.48727455716586154 1.9826 -0.7496537842190016 -2.6534666666666666
2 0.18851046698872787 0.7359733333333334 -0.08109500805152979 -0.38650666666666655
2 0.4523148148148148 1.5701066666666665 -0.6523429951690821 -2.2054933333333335
8 0.2877093397745572 1.0097466666666666 -0.2940821256038647 -0.95848
