2 0.07581320450885667 0.6268666666666666 0.15162640901771335 0.7409333333333333
2 0.07160628019323671 0.7993999999999999 0.14321256038647343 0.03133333333333333
2 0.0835829307568438 0.8442133333333334 0.07711755233494363 -0.20351999999999998
1 0.2662842190016103 0.9917066666666666 -0.249573268921095 -0.7470399999999999
2 0.48608695652173917 2.1533333333333333 -0.6693558776167471 -2.312
2 0.4506843800322061 2.0743466666666666 -0.6022705314009662 -2.440853333333333
2 0.40750000000000003 1.8920933333333332 -0.5209903381642511 -2.2292533333333333
2 0.3848953301127214 1.7048399999999997 -0.47149758454106283 -1.99864
2 0.37593397745571655 1.60512 -0.47729468599033814 -1.8676266666666665
2 0.20159420289855073 0.92716 -0.10971014492753622 -0.6274933333333332
2 0.21882850241545895 0.9436266666666667 -0.14714170692431564 -0.6991999999999999
2 0.3260144927536232 1.1956 -0.3646054750402577 -1.2425066666666669
2 0.32047101449275367 1.1312533333333334 -0.3557890499194847 -1.1898666666666669
3 0.31068840579710144 1.0764266666666666 -0.350829307568438 -1.1539199999999998
8 0.27677133655394526 1.0563066666666667 -0.2795008051529791 -1.0792266666666668
