2 0.1783977455716586 0.91124 -0.046924315619967794 -0.32690666666666657
2 0.21966988727858291 0.9330133333333333 -0.13396135265700482 -0.5472
2 0.24170692431561996 0.9480533333333333 -0.18154589371980676 -0.6551466666666667
2 0.2554347826086957 0.9665333333333332 -0.2122866344605475 -0.7545066666666668
2 0.3831199677938808 1.4928400000000002 -0.5202173913043479 -1.9243466666666666
2 0.37254428341384865 1.40528 -0.4935426731078905 -1.7658133333333335
2 0.5203743961352657 1.8862666666666668 -0.8326489533011273 -2.846133333333333
2 0.5015458937198068 1.8916266666666666 -0.7877777777777778 -2.8354133333333333
2 0.4894363929146538 1.8621466666666668 -0.7546859903381642 -2.783653333333333
2 0.47763285024154584 1.8033066666666666 -0.7305152979066022 -2.673973333333333
2 0.2698550724637681 0.98968 -0.24438003220611915 -0.8491200000000002
2 0.3377495974235104 1.2235466666666666 -0.39725442834138486 -1.3422933333333333
8 0.31479468599033816 1.1494666666666666 -0.35554750402576485 -1.23104
8 0.28536634460547505 1.0295866666666667 -0.2873188405797102 -0.9809333333333333
8 0.36791867954911434 1.2857466666666666 -0.4576247987117552 -1.5208266666666665
