2 0.08219404186795491 1.00268 0.16438808373590982 -0.010693333333333308
2 0.399170692431562 2.1533333333333333 -0.5010950080515298 -2.312
2 0.3602495974235105 1.6168266666666664 -0.42460547504025764 -1.6230933333333333
2 0.19630837359098227 1.04348 -0.07250402576489531 -0.4359200000000001
2 0.23780998389694044 1.00036 -0.17202898550724638 -0.6280266666666666
2 0.2577536231884058 1.0188266666666665 -0.21172302737520132 -0.75696
2 0.3501207729468599 1.39632 -0.4103381642512077 -1.4544533333333334
2 0.345378421900161 1.3031733333333333 -0.40252818035426724 -1.3765333333333332
2 0.41237520128824473 1.5849866666666665 -0.5698389694041868 -2.0500266666666667
2 0.3288888888888889 1.1740266666666666 -0.3686956521739131 -1.2517333333333334
2 0.3132689210950081 1.1017199999999998 -0.3329468599033817 -1.1361333333333332
2 0.2986231884057971 1.0594933333333334 -0.3073590982286635 -1.07424
1 0.2853703703703704 0.9898933333333334 -0.28275362318840574 -0.9301333333333334
