2 0.30023349436392915 1.4957599999999998 -0.32006441223832527 -1.0892266666666666
2 0.5167351046698873 2.1533333333333333 -0.7609742351046698 -2.312
2 0.3565136876006441 1.4167733333333332 -0.4414492753623188 -1.6358933333333334
2 0.3465096618357488 1.2924133333333332 -0.41376006441223834 -1.4707999999999999
2 0.33905394524959737 1.24692 -0.39725442834138486 -1.4206133333333333
2 0.29181159420289854 1.0276133333333333 -0.3010466988727858 -1.0202399999999998
2 0.09975442834138487 0.6710799999999999 0.1116183574879227 0.07127999999999997
2 0.3125 1.08432 -0.347157809983897 -1.1731733333333334
2 0.2156682769726248 0.8581733333333333 -0.13940418679549116 -0.5628
2 0.23212560386473427 0.8827866666666667 -0.18534621578099839 -0.6514399999999999
2 0.25507246376811593 0.9344666666666667 -0.2271980676328502 -0.8034933333333332
2 0.2784500805152979 0.9959466666666666 -0.27245571658615136 -0.9575999999999999
2 0.16818840579710143 0.7066533333333334 -0.04832528180354268 -0.26808
2 0.16245169082125602 0.6815599999999999 -0.036964573268921094 -0.26781333333333335
