2 0.4265378421900161 2.1533333333333333 -0.5207407407407407 -2.312
2 0.07934380032206119 1.0578133333333333 0.15868760064412238 -0.12096000000000003
2 0.20349033816425122 1.10004 -0.09533816425120772 -0.4563999999999999
2 0.36847020933977453 1.6914266666666666 -0.4392431561996779 -1.6266933333333333
2 0.3483695652173913 1.4230533333333333 -0.3956280193236715 -1.3854133333333332
2 0.27680756843800325 1.0608133333333334 -0.25717391304347825 -0.8788533333333335
2 0.285366344605475 1.0738666666666665 -0.29384057971014493 -0.9728533333333335
2 0.2979549114331723 1.0944133333333335 -0.31328502415458936 -1.0483466666666665
2 0.3199557165861514 1.13692 -0.348719806763285 -1.1919733333333333
8 0.333280998389694 1.1658533333333332 -0.38002415458937194 -1.2845066666666665
