4 0.3044484702093398 1.08452 -0.3413607085346216 -1.1245066666666665
2 0.07988325281803543 0.4761066666666667 0.15976650563607087 0.3752533333333333
8 0.17547101449275362 0.65008 -0.03939613526570049 -0.17013333333333336
8 0.20073268921095008 0.7501333333333333 -0.09929146537842191 -0.39440000000000003
8 0.2611473429951691 0.9028 -0.2305394524959742 -0.7859733333333333
8 0.2798993558776167 0.9726533333333333 -0.2742914653784219 -0.9291466666666668
8 0.2960426731078905 1.0313066666666666 -0.30867149758454104 -1.0292266666666667
8 0.4496900161030596 1.5953733333333333 -0.6149194847020935 -2.1470133333333337
8 0.3869323671497584 1.32456 -0.47481481481481475 -1.60192
8 0.4140096618357487 1.4452933333333333 -0.527938808373591 -1.8503199999999997
