2 0.1756159420289855 0.7553333333333333 -0.04448470209339775 -0.24181333333333327
2 0.27417471819645733 0.9928266666666665 -0.2727133655394525 -0.9159466666666666
3 0.24254025764895332 0.9106266666666667 -0.22467793880837356 -0.7692533333333333
2 0.23803140096618355 0.901 -0.1847101449275362 -0.6621066666666666
2 0.20877616747181965 0.82028 -0.11880837359098227 -0.4670666666666667
1 0.21007246376811597 0.8084666666666666 -0.1392109500805153 -0.40552
0 0.25942431561996776 0.8980933333333334 -0.23235909822866346 -0.7273333333333333
2 0.4607769726247988 1.9819466666666667 -0.6789935587761675 -2.654773333333333
2 0.19241143317230272 0.7433066666666667 -0.09474235104669888 -0.4257066666666667
8 0.16375201288244767 0.6138533333333333 0.008003220611916263 -0.03213333333333336
