2 0.07153381642512077 0.7757066666666667 0.14306763285024154 0.1450666666666666
2 0.06330917874396136 0.8310533333333333 0.11510466988727859 -0.12680000000000002
1 0.26297504025764895 0.9890799999999998 -0.24132850241545895 -0.7156
2 0.5119524959742351 2.1533333333333333 -0.7162721417069244 -2.312
2 0.4653099838969404 2.1062533333333335 -0.630780998389694 -2.40616
2 0.41522946859903387 1.9741733333333333 -0.5352737520128824 -2.3313333333333333
2 0.38914653784219 1.7528266666666668 -0.47922705314009656 -2.0592
2 0.37903381642512074 1.6390266666666666 -0.48384863123993566 -1.9092533333333332
2 0.1964855072463768 0.92196 -0.09920289855072462 -0.6051466666666666
2 0.21458937198067632 0.9385733333333334 -0.13805152979066024 -0.6782133333333332
2 0.32594605475040256 1.1995200000000001 -0.3644363929146538 -1.2433066666666668
2 0.32030595813204515 1.13232 -0.35529790660225447 -1.18864
3 0.3102979066022544 1.0756533333333334 -0.35040257648953305 -1.152426666666667
8 0.27338566827697264 1.05976 -0.27585346215781 -1.07232
