2 0.10049919484702093 0.9729733333333334 0.1126731078904992 -0.004613333333333382
2 0.3400523349436393 1.31392 -0.39355072463768115 -1.3519999999999999
2 0.16997584541062802 0.81584 -0.04716586151368761 -0.3886933333333333
2 0.36725845410628016 1.5240399999999998 -0.4374154589371981 -1.55448
2 0.33679146537842186 1.2487066666666666 -0.3874959742351047 -1.30408
2 0.25618357487922705 0.9871333333333333 -0.21695652173913046 -0.7649866666666667
2 0.26307971014492754 0.9902533333333332 -0.2490418679549114 -0.8437599999999998
2 0.3819645732689211 1.8251866666666667 -0.4603703703703704 -1.7721333333333331
2 0.2746175523349436 1.0056533333333333 -0.26772141706924313 -0.8990933333333335
3 0.31586956521739135 1.16112 -0.3836714975845411 -1.2616
2 0.28927938808373593 1.0051733333333333 -0.2860950080515298 -0.9681066666666669
8 0.3020330112721417 1.0959866666666667 -0.3175281803542673 -1.1517066666666667
