2 0.07747584541062802 0.8198933333333333 0.15495169082125604 0.35488000000000003
2 0.3635064412238325 1.4464266666666667 -0.44685185185185183 -1.5515733333333335
2 0.1449355877616747 0.96448 0.03557165861513688 -0.15498666666666666
2 0.2027777777777778 0.9801733333333333 -0.09884057971014494 -0.48226666666666673
2 0.2922544283413849 1.05568 -0.2907085346215781 -0.9935466666666665
2 0.3628824476650564 1.3450266666666666 -0.4271658615136876 -1.4638666666666666
2 0.3565016103059581 1.2966266666666666 -0.42292270531400966 -1.4223199999999996
2 0.3549235104669887 1.2693066666666666 -0.41681964573268915 -1.4007466666666666
2 0.3148752012882448 1.0921999999999998 -0.3385748792270532 -1.1350133333333332
8 0.3231239935587762 1.1028799999999999 -0.3597101449275363 -1.196533333333333
8 0.3364090177133655 1.1460266666666665 -0.39043478260869563 -1.2793066666666666
