2 0.3935024154589372 2.1533333333333333 -0.5348631239935587 -2.312
2 0.08894927536231884 0.6436799999999999 0.17789855072463767 0.7073066666666666
2 0.27259661835748794 1.02928 -0.24462962962962967 -0.8570666666666665
2 0.38294283413848634 1.5647466666666665 -0.45912238325281807 -1.65232
2 0.36566425120772944 1.4103333333333332 -0.4397665056360709 -1.5158133333333335
2 0.3608816425120773 1.3381866666666666 -0.42435587761674715 -1.4411733333333332
2 0.35507648953301124 1.2922 -0.4169323671497584 -1.41032
2 0.30575281803542675 1.0723066666666667 -0.3159822866344606 -1.0629066666666667
8 0.09377214170692431 0.6158933333333333 0.18754428341384863 0.7575466666666666
8 0.2952616747181965 1.0528666666666668 -0.29252012882447664 -0.9481333333333334
8 0.33094202898550723 1.17708 -0.3763768115942029 -1.32072
