2 0.3126247987117552 1.0973333333333333 -0.33901771336553943 -1.12592
2 0.4039090177133655 2.1533333333333333 -0.5110064412238325 -2.312
2 0.2893075684380032 1.0417333333333332 -0.29070853462157814 -0.9793066666666667
2 0.35725040257648955 1.43128 -0.4219726247987118 -1.4725333333333335
2 0.3424074074074074 1.3333066666666666 -0.4019967793880837 -1.3789866666666664
2 0.33824476650563606 1.2707333333333333 -0.39998389694041864 -1.3333066666666666
2 0.33342592592592596 1.2089999999999999 -0.37915458937198077 -1.2810400000000002
2 0.3283816425120773 1.1526133333333333 -0.371610305958132 -1.2375999999999998
2 0.24196457326892107 0.9059466666666667 -0.18948470209339774 -0.7226666666666667
2 0.21070450885668277 0.8132533333333334 -0.12559581320450885 -0.52768
0 0.3643276972624799 1.31128 -0.46744766505636065 -1.4562666666666664
