2 0.4292673107890499 2.1533333333333333 -0.5506441223832529 -2.312
2 0.21406602254428342 0.9184266666666667 -0.1407890499194847 -0.6483733333333334
0 0.2396980676328503 0.89904 -0.20646537842190016 -0.5698133333333333
1 0.442902576489533 1.72364 -0.6170772946859903 -2.1288266666666664
2 0.32575281803542677 1.2385466666666667 -0.37907407407407406 -1.3989066666666667
2 0.40999194847020937 1.5289733333333333 -0.5496940418679549 -2.0086666666666666
3 0.5106642512077295 1.8899866666666667 -0.7686392914653783 -2.7360266666666666
2 0.2730636070853462 1.0395333333333332 -0.2606843800322061 -0.9765599999999998
2 0.16367954911433172 0.6952266666666665 -0.03426731078904992 -0.24863999999999994
2 0.2996417069243156 1.0476 -0.31818840579710145 -1.0753599999999999
2 0.28484702093397746 1.0050666666666666 -0.2856199677938808 -0.9774933333333331
8 0.0791183574879227 0.3697733333333333 0.13351851851851854 0.33528
8 0.29890901771336553 1.0968533333333332 -0.3435668276972625 -1.1948266666666667
