2 0.5336274509803921 2.1513513513513516 -0.7175163398692811 -2.308108108108108
2 0.4026633986928104 2.106256756756757 -0.5138071895424836 -2.2179189189189192
2 0.1071078431372549 0.6647702702702704 0.0622875816993464 -0.022621621621621634
2 0.260796568627451 0.943972972972973 -0.23396241830065362 -0.8187027027027028
2 0.3561887254901961 1.347054054054054 -0.42785130718954256 -1.4236756756756757
2 0.3509558823529412 1.3068378378378378 -0.41413398692810455 -1.4080540540540543
2 0.3467606209150326 1.254445945945946 -0.40420751633986923 -1.3535945945945944
2 0.3427614379084968 1.2303513513513515 -0.3979901960784314 -1.3385405405405406
2 0.33851715686274514 1.1856756756756757 -0.3895179738562091 -1.2975675675675677
8 0.31461601307189546 1.0957972972972974 -0.34964052287581704 -1.2031621621621622
