1 0.3928390522875817 1.4883918918918921 -0.5460212418300654 -1.6161351351351354
0 0.436764705882353 1.923283783783784 -0.6686437908496732 -1.851972972972973
0 0.4301593137254902 1.5337162162162163 -0.6162826797385621 -1.9350000000000003
0 0.3095424836601307 1.255554054054054 -0.36562091503267974 -1.0127837837837836
0 0.2897263071895425 1.173783783783784 -0.32531862745098045 -0.8765405405405408
0 0.28849264705882355 1.1961891891891894 -0.3409232026143791 -0.9047027027027028
0 0.42000816993464046 1.5278648648648652 -0.5932843137254902 -1.842648648648649
0 0.505657679738562 1.8260270270270271 -0.7726552287581699 -2.412972972972973
0 0.5122140522875818 1.8712567567567568 -0.7994607843137255 -2.4840270270270275
0 0.518717320261438 1.8559054054054056 -0.7879738562091505 -2.463648648648649
3 0.31261029411764707 1.0858243243243244 -0.3628839869281046 -1.1943513513513515
