2 0.3084057971014493 1.1554133333333334 -0.3231561996779388 -1.0970133333333332
2 0.08422302737520129 0.9523466666666667 0.08561191626409019 -0.03221333333333344
2 0.1563123993558776 0.9519733333333333 -0.052785829307568415 -0.3334399999999999
2 0.2160144927536232 0.97332 -0.13647342995169084 -0.6376799999999999
2 0.22896135265700485 1.0023866666666665 -0.1844927536231884 -0.7612533333333333
2 0.25134460547504023 1.01368 -0.2081964573268921 -0.8503466666666668
3 0.3298429951690821 1.30756 -0.4146296296296296 -1.39736
2 0.3081723027375201 1.1080266666666667 -0.3284219001610306 -1.0957333333333334
4 0.04752818035426731 0.46857333333333334 0.09505636070853463 0.41341333333333324
8 0.3158333333333333 1.1546399999999999 -0.3649194847020934 -1.23104
8 0.2869283413848631 1.0416533333333333 -0.2904428341384863 -1.0050666666666668
