1 0.4185008169934641 1.647837837837838 -0.6121813725490196 -1.8630810810810812
0 0.48419934640522877 2.06472972972973 -0.7318790849673202 -2.1348648648648654
1 0.32393790849673204 1.2314324324324324 -0.38509803921568625 -1.2699459459459461
0 0.3640849673202614 1.3606351351351351 -0.4832516339869281 -1.459216216216216
0 0.38251225490196084 1.3630000000000002 -0.5130637254901961 -1.612864864864865
0 0.36252859477124183 1.3174054054054054 -0.4767238562091503 -1.4543243243243245
0 0.34401552287581705 1.2675945945945946 -0.4404003267973856 -1.3527027027027028
0 0.350812908496732 1.2919324324324324 -0.4609558823529412 -1.393594594594595
3 0.3128104575163399 1.0825675675675677 -0.36749999999999994 -1.2106486486486485
8 0.3086274509803922 1.0432567567567568 -0.35223856209150334 -1.1393783783783782
