2 0.08507648953301128 0.8089333333333334 0.17015297906602256 0.3768
2 0.34315619967793887 1.3154933333333334 -0.3850563607085346 -1.341813333333333
2 0.4376570048309178 1.76652 -0.6076489533011271 -2.278906666666667
2 0.3362842190016103 1.2480533333333332 -0.3779307568438003 -1.2818133333333332
2 0.26241545893719803 0.9771199999999999 -0.2278099838969404 -0.7892799999999999
2 0.4028824476650564 1.5764266666666664 -0.5219645732689211 -1.9768
2 0.4238325281803543 1.6693733333333332 -0.5633333333333334 -2.1158133333333335
2 0.32753220611916267 1.1498266666666666 -0.37041062801932373 -1.22696
2 0.42802737520128825 2.1533333333333333 -0.5178099838969403 -2.312
8 0.18276167471819646 0.7596133333333334 -0.0643961352657005 -0.3995999999999999
8 0.2819806763285024 1.0054266666666665 -0.2670048309178744 -0.8912266666666666
8 0.2973470209339774 1.0847866666666666 -0.30918679549114325 -1.1189066666666667
