2 0.3117632850241546 1.1839866666666667 -0.33797101449275363 -1.1509599999999998
2 0.0719404186795491 0.8641333333333333 0.1438808373590982 0.2663999999999999
2 0.13380837359098227 0.9436 0.02069243156199677 -0.1546133333333332
2 0.2275885668276973 1.0236933333333333 -0.16809178743961353 -0.7770933333333334
2 0.25217391304347825 1.0068933333333334 -0.2228180354267311 -0.8559733333333334
2 0.260048309178744 1.0241333333333333 -0.23706924315619968 -0.91296
3 0.27620370370370373 1.0440399999999999 -0.29936392914653787 -1.0738400000000001
2 0.4108896940418679 2.1533333333333333 -0.547962962962963 -2.312
0 0.39639291465378423 1.55956 -0.5048631239935587 -1.49336
2 0.38145330112721415 1.5607066666666667 -0.46557971014492755 -1.6927733333333332
2 0.36567230273752016 1.40672 -0.43648148148148147 -1.5346666666666666
2 0.351658615136876 1.3370666666666666 -0.430901771336554 -1.4814399999999999
0 0.34778985507246374 1.2089733333333332 -0.4176409017713365 -1.3277066666666666
2 0.142475845410628 0.7897333333333333 0.00276167471819644 -0.25333333333333324
2 0.1914694041867955 0.8410799999999999 -0.09946054750402576 -0.47165333333333326
2 0.3129549114331723 1.1292533333333334 -0.3527053140096619 -1.1766933333333334
2 0.07371980676328502 0.6863733333333333 0.1455072463768116 0.11253333333333337
3 0.40699677938808376 1.59964 -0.561207729468599 -2.083493333333333
2 0.10976247987117552 0.5948666666666667 0.059959742351046695 0.024186666666666724
