2 0.23521739130434782 1.05468 -0.17178743961352655 -0.6395466666666666
2 0.27041465378421903 1.0462133333333332 -0.2424074074074074 -0.8278933333333331
3 0.27293880837359097 1.0454666666666665 -0.2829790660225443 -0.9285333333333333
2 0.08057165861513688 0.8028133333333334 0.16114331723027375 0.38903999999999994
2 0.3412520128824477 1.4289866666666666 -0.39572463768115945 -1.57392
2 0.3379186795491143 1.3559999999999999 -0.38319645732689206 -1.4980266666666666
2 0.32592592592592595 1.251 -0.36745571658615134 -1.3585866666666666
3 0.2907608695652174 1.0508133333333334 -0.30097423510466986 -1.0028533333333334
7 0.4075161030595813 1.6228799999999997 -0.5017632850241547 -1.808533333333333
3 0.10602254428341386 1.1161199999999998 0.01260869565217391 -0.23757333333333325
8 0.31791867954911435 1.11324 -0.350330112721417 -1.1413066666666667
