2 0.15539452495974235 0.7506 -0.01624798711755234 -0.28968000000000005
3 0.18657407407407406 0.81736 -0.10353462157809983 -0.51056
0 0.4255072463768116 1.5641866666666664 -0.5887600644122384 -1.7998399999999999
2 0.24607890499194846 0.9690666666666667 -0.20674718196457326 -0.8102933333333333
2 0.2823389694041868 1.0243866666666666 -0.27963768115942034 -0.9848799999999998
2 0.31817632850241545 1.1240933333333334 -0.35756038647342997 -1.2168266666666667
2 0.3009541062801932 1.1033066666666667 -0.3173671497584541 -1.1254399999999998
8 0.07163446054750403 0.33205333333333337 0.14326892109500805 0.42448
8 0.09083735909822865 0.4542933333333334 0.09028985507246376 0.11104000000000004
8 0.33249999999999996 1.1882799999999998 -0.3878341384863124 -1.3603999999999998
8 0.3624476650563607 1.371133333333333 -0.4716908212560387 -1.71576
8 0.44057568438003225 1.8515466666666667 -0.6144041867954911 -2.7283733333333333
