2 0.3010515713134569 1.090279255319149 -0.321941982272361 -1.0715159574468085
2 0.07185737308622078 0.6231781914893617 0.14371474617244157 0.39550531914893616
2 0.16034246575342467 0.9416356382978723 -0.01633360193392426 -0.30151595744680854
2 0.16220789685737308 0.7899335106382979 -0.025560032232070908 -0.27215425531914894
2 0.23923851732473808 0.9662234042553192 -0.18073327961321517 -0.6772340425531915
2 0.2126873489121676 0.8421542553191489 -0.1334971796937953 -0.5162234042553191
2 0.2508058017727639 0.9568218085106382 -0.21365028203062045 -0.7531648936170214
7 0.2648146655922643 0.9932180851063829 -0.26534246575342463 -0.8685638297872341
3 0.285668815471394 1.0011436170212766 -0.3007655116841257 -0.9843617021276596
2 0.11114423851732474 0.6409441489361702 0.06581788879935536 0.008218085106382987
