2 0.39438808373590983 2.1103199999999998 -0.49830917874396136 -2.225973333333333
2 0.2212721417069243 1.0686533333333332 -0.14719806763285026 -0.6374666666666665
2 0.3620289855072464 1.5121466666666667 -0.4210789049919485 -1.5101066666666665
2 0.25120772946859904 1.0393333333333332 -0.21320450885668274 -0.7735466666666665
2 0.3484460547504026 1.3610933333333333 -0.4001127214170692 -1.3931733333333334
2 0.2788607085346215 1.0398 -0.2690257648953301 -0.9077066666666666
2 0.34129227053140093 1.2317466666666665 -0.39176328502415453 -1.3261599999999998
2 0.33384460547504025 1.16652 -0.38396940418679554 -1.2782666666666667
3 0.327463768115942 1.1540133333333333 -0.3873913043478261 -1.273573333333333
8 0.2952616747181964 1.0934 -0.3133574879227053 -1.0671733333333333
