2 0.10731078904991949 0.6583733333333333 0.11381642512077296 0.16218666666666673
2 0.2694122383252818 0.9886266666666667 -0.2501288244766505 -0.8412000000000001
3 0.23809581320450887 0.9038133333333334 -0.20174718196457325 -0.6939733333333333
2 0.2158977455716586 0.8758133333333333 -0.12345410628019325 -0.48175999999999997
2 0.18454911433172302 0.78212 -0.05315619967793884 -0.2804
1 0.15249194847020936 0.7020933333333332 -0.00770531400966183 0.02919999999999997
0 0.26102254428341387 0.9086533333333333 -0.22302737520128824 -0.7001866666666665
2 0.5161916264090177 2.02548 -0.7708051529790659 -2.5677066666666666
2 0.1831964573268921 0.7240133333333333 -0.05945249597423508 -0.32066666666666666
2 0.4513123993558776 1.5715466666666666 -0.6281159420289855 -2.1289066666666665
8 0.286670692431562 1.00372 -0.2805394524959742 -0.9187999999999998
8 0.4668800322061192 1.5988399999999998 -0.6680434782608696 -2.21256
8 0.49656602254428345 1.6867999999999999 -0.7326328502415459 -2.3988799999999997
