2 0.3788929146537843 1.9324933333333332 -0.46398550724637677 -1.88168
2 0.20436392914653784 0.9900666666666665 -0.08938808373590981 -0.4475999999999999
2 0.3443196457326892 1.3440133333333333 -0.3985426731078905 -1.3749066666666665
2 0.2433252818035427 0.99596 -0.19365539452495978 -0.7028533333333333
2 0.27138486312399357 0.9989199999999999 -0.2485507246376812 -0.8430666666666666
1 0.30082125603864734 1.03592 -0.31681159420289856 -1.016
1 0.30526570048309176 1.0484533333333332 -0.3256521739130435 -1.0472
2 0.28336151368760065 1.0062 -0.27161835748792273 -0.9215200000000001
2 0.3304669887278583 1.2026266666666667 -0.377890499194847 -1.2715466666666666
8 0.3155756843800322 1.1123866666666666 -0.352938808373591 -1.1844533333333334
