2 0.08017770597738288 0.9660427807486631 0.16035541195476577 0.06256684491978604
0 0.500177705977383 2.1524064171122994 -0.800016155088853 -2.3101604278074865
0 0.34340468497576737 1.2343315508021389 -0.40836025848142166 -1.2563636363636363
0 0.35316639741518585 1.2686229946524064 -0.4322132471728594 -1.3259625668449195
0 0.28697092084006465 1.0577005347593584 -0.30087237479806145 -0.8997860962566846
8 0.4705654281098546 1.671336898395722 -0.6419224555735057 -2.1541711229946525
8 0.4127544426494346 1.4308422459893047 -0.5554604200323103 -1.8145187165775403
8 0.3622334410339257 1.2524064171122993 -0.4502504038772213 -1.478342245989305
8 0.31639741518578357 1.1765374331550802 -0.35337641357027466 -1.2576737967914438
8 0.2536348949919225 0.8920721925133689 -0.20597738287560582 -0.6542513368983958
