2 0.3077858293075685 1.0828933333333335 -0.33239935587761676 -1.10408
2 0.25494363929146535 1.0356666666666667 -0.21426731078904993 -0.7662133333333331
2 0.4162761674718196 2.1533333333333333 -0.5316022544283414 -2.312
2 0.3644967793880838 1.7379733333333334 -0.44747987117552335 -1.67392
2 0.35166264090177135 1.45784 -0.42699677938808367 -1.4460266666666666
2 0.3371940418679549 1.2779066666666665 -0.38767310789049914 -1.327173333333333
2 0.32776972624798717 1.1710133333333332 -0.369597423510467 -1.234986666666667
2 0.3327777777777778 1.2293333333333334 -0.381207729468599 -1.2822399999999998
2 0.2188244766505636 0.85924 -0.1418840579710145 -0.5948533333333333
2 0.1789452495974235 0.7412399999999999 -0.061755233494363945 -0.35128
2 0.3233252818035427 1.12912 -0.3623510466988728 -1.2103466666666667
0 0.38575281803542677 1.4402666666666666 -0.5202979066022545 -1.55392
8 0.1606280193236715 0.61644 -0.0170048309178744 -0.12013333333333336
