2 0.0784500805152979 0.68648 0.1569001610305958 0.22581333333333325
6 0.3397705314009662 1.2278266666666666 -0.434452495974235 -1.4524533333333332
2 0.15872785829307567 0.79412 -0.032946859903381635 -0.24829333333333337
2 0.20183977455716587 0.8461466666666666 -0.10245571658615137 -0.44456000000000007
2 0.21837359098228665 0.88744 -0.14932367149758452 -0.5733866666666667
2 0.2510789049919485 0.9369733333333333 -0.2089049919484702 -0.7413599999999999
2 0.2615901771336554 0.9547866666666666 -0.23090982286634462 -0.8045066666666666
8 0.2801570048309179 0.9976666666666666 -0.2769001610305958 -0.9515999999999999
8 0.3731280193236715 1.2728133333333334 -0.48053945249597424 -1.5605066666666665
8 0.395 1.3754399999999998 -0.5263768115942029 -1.6968
8 0.3309380032206119 1.1175466666666667 -0.38888083735909823 -1.284533333333333
