2 0.30859500805152984 1.1456 -0.33541867954911436 -1.1177599999999999
2 0.46520933977455714 2.1533333333333333 -0.6345410628019323 -2.312
2 0.2427818035426731 0.9250133333333332 -0.1880595813204509 -0.6835733333333334
2 0.3590458937198068 1.5003866666666665 -0.44414653784219 -1.7078133333333334
2 0.3428140096618358 1.3526133333333334 -0.40367954911433174 -1.5188266666666665
3 0.32792270531400963 1.2441733333333334 -0.3890499194847021 -1.4022666666666668
2 0.23344202898550726 0.8756533333333333 -0.18123188405797103 -0.64976
2 0.24449275362318837 0.89264 -0.20685990338164253 -0.7205866666666667
2 0.2702012882447665 0.9481199999999999 -0.2535426731078905 -0.8666933333333333
2 0.2252254428341385 0.8141866666666666 -0.16368760064412236 -0.5650133333333333
2 0.13411030595813203 0.5283333333333333 0.020829307568438007 0.02903999999999996
8 0.274170692431562 1.01148 -0.2940901771336554 -1.0102666666666666
