2 0.30255036261079776 1.1760106382978721 -0.3247784045124899 -1.0884574468085104
3 0.008694601128122481 0.7847739361702127 0.017389202256244962 0.4251329787234042
2 0.0759105560032232 0.66625 0.1518211120064464 0.3498936170212767
2 0.1514262691377921 0.7777659574468084 -0.005173247381144228 -0.19579787234042553
2 0.20439161966156322 0.9939893617021277 -0.12427074939564867 -0.5318085106382979
2 0.20701853344077353 0.844880319148936 -0.11943593875906525 -0.4918882978723404
2 0.251539081385979 0.9804122340425532 -0.21621273166800967 -0.762526595744681
2 0.2693996776792909 0.9801196808510639 -0.24732473811442385 -0.8473670212765958
2 0.27945205479452057 0.9979787234042553 -0.2687993553585818 -0.911223404255319
7 0.26904915390813855 1.0097340425531915 -0.29746978243352135 -0.9717021276595745
2 0.19250604351329573 0.7798803191489362 -0.08829975825946816 -0.39353723404255325
