2 0.35141706924315624 1.4337199999999999 -0.4553140096618358 -1.7650400000000002
2 0.5143196457326892 1.8948666666666667 -0.8055636070853462 -2.828933333333333
2 0.5475281803542674 1.89764 -0.8774235104669887 -2.8233866666666665
2 0.46268518518518514 1.7017466666666667 -0.6890579710144927 -2.46136
2 0.4540136876006441 1.6666 -0.668719806763285 -2.3902666666666668
2 0.27320048309178746 1.0100533333333332 -0.2650805152979066 -0.9007999999999998
2 0.30143317230273753 1.0684533333333333 -0.3280998389694042 -1.1032533333333332
2 0.3673027375201288 1.3764133333333333 -0.49045088566827694 -1.7669066666666666
2 0.4147342995169082 1.46504 -0.5875523349436393 -1.9894933333333331
2 0.42801529790660225 1.5134800000000002 -0.6122141706924316 -2.0916
2 0.3345772946859903 1.1788933333333333 -0.39913848631239934 -1.3481866666666666
8 0.28901368760064416 1.0356266666666665 -0.3039855072463768 -0.9930133333333333
8 0.32000000000000006 1.1330799999999999 -0.3659581320450886 -1.25
