2 0.2960918614020951 1.0927393617021277 -0.3085092667203868 -1.0288829787234042
2 0.15612409347300563 1.0554920212765957 -0.01729250604351328 -0.28087765957446814
2 0.0776470588235294 0.6776329787234042 0.1552941176470588 0.3688829787234042
3 0.06508058017727639 0.42511968085106383 0.13016116035455277 0.5722074468085107
2 0.2284931506849315 0.9707579787234042 -0.1567123287671233 -0.5945478723404255
2 0.16670829975825946 0.7910771276595744 -0.034335213537469766 -0.2736968085106382
2 0.13087429492344882 0.6480186170212766 0.03515713134568896 -0.0590159574468085
3 0.2205761482675262 0.8924734042553191 -0.1871474617244158 -0.6337765957446809
7 0.2517082997582595 0.9877659574468084 -0.2584528605962933 -0.8384574468085106
4 0.2700201450443191 0.9871542553191488 -0.2959468170829976 -0.9327127659574468
