2 0.3560305958132045 1.4825199999999998 -0.45499194847020935 -1.7964533333333332
2 0.529194847020934 1.8945733333333334 -0.8411755233494366 -2.8295199999999996
2 0.4695330112721417 1.73692 -0.7042351046698873 -2.52584
2 0.46158615136876 1.7035066666666667 -0.6828985507246377 -2.451173333333333
2 0.26666666666666666 0.9983066666666665 -0.24950080515297907 -0.8530399999999999
2 0.2972101449275363 1.0633066666666666 -0.3161111111111111 -1.06432
2 0.36924315619967796 1.39324 -0.48867954911433176 -1.7708
2 0.4164734299516908 1.47736 -0.591304347826087 -2.0083733333333336
2 0.431231884057971 1.5285733333333331 -0.6177777777777778 -2.1131466666666663
2 0.333804347826087 1.1784 -0.3947584541062802 -1.3313599999999999
8 0.28510869565217395 1.0183866666666666 -0.29200483091787444 -0.9619466666666667
8 0.3171417069243156 1.1287733333333334 -0.3581481481481481 -1.23104
8 0.4517753623188406 1.5634800000000002 -0.6649194847020934 -2.1763466666666664
