2 0.30854267310789046 1.1535333333333333 -0.33771336553945247 -1.1258399999999997
2 0.16428341384863127 0.8422533333333334 -0.01925925925925925 -0.25863999999999987
2 0.39383252818035425 1.8206799999999999 -0.5178421900161031 -2.0294666666666665
2 0.3566304347826087 1.4824533333333332 -0.43488727858293075 -1.6756799999999998
2 0.3540217391304348 1.4153733333333332 -0.4290257648953301 -1.6036533333333334
2 0.3502858293075684 1.36872 -0.4303301127214171 -1.5663466666666666
3 0.33085346215781 1.28632 -0.4029629629629629 -1.465706666666667
2 0.3323550724637681 1.2387866666666665 -0.3869484702093398 -1.3998666666666668
2 0.32831320450885665 1.18224 -0.37975040257648957 -1.33792
2 0.21829710144927536 0.8492000000000001 -0.15387278582930758 -0.57648
3 0.2734178743961353 0.9963333333333333 -0.290475040257649 -0.9715466666666664
2 0.2350563607085346 0.8776133333333334 -0.1852173913043478 -0.6594933333333333
2 0.2487962962962963 0.89856 -0.20846215780998387 -0.7318399999999999
2 0.2656723027375201 0.9401066666666666 -0.24723832528180353 -0.85152
2 0.21224637681159422 0.7848666666666666 -0.138341384863124 -0.49085333333333336
2 0.10520933977455715 0.44262666666666667 0.07884057971014492 0.22391999999999998
