2 0.31351046698872787 1.11004 -0.34006441223832523 -1.1298933333333334
2 0.3621698872785829 1.5394133333333333 -0.4347584541062801 -1.5627199999999999
2 0.4817028985507246 2.1533333333333333 -0.667608695652174 -2.312
2 0.0847463768115942 0.653 0.15636876006441225 0.14888000000000004
2 0.3537399355877617 1.3928800000000001 -0.41915458937198063 -1.4413333333333334
0 0.3571336553945249 1.2512400000000001 -0.4392109500805153 -1.38008
2 0.33831320450885666 1.2337333333333333 -0.38949275362318836 -1.3149866666666665
2 0.32959339774557167 1.15712 -0.3776086956521739 -1.2523733333333333
2 0.2553623188405797 0.9444533333333331 -0.21404186795491142 -0.7414933333333333
2 0.26546698872785834 0.9618133333333333 -0.23592592592592596 -0.8114666666666668
8 0.24630434782608698 0.8803733333333332 -0.18418679549114333 -0.60656
