2 0.569975845410628 1.9325466666666666 -0.857391304347826 -2.753573333333333
2 0.2142954911433172 1.2725066666666667 -0.1699597423510467 -1.045173333333333
2 0.06643317230273753 0.30690666666666666 0.13286634460547506 0.49061333333333335
2 0.5440901771336554 2.05692 -0.8042351046698872 -2.5048266666666663
2 0.3899235104669887 1.53168 -0.49252012882447666 -1.7898133333333335
2 0.5417713365539453 1.96796 -0.8032689210950081 -2.6827466666666666
2 0.44133655394524957 1.6162400000000001 -0.6143800322061191 -2.1208533333333333
8 0.07293880837359099 0.29927999999999993 0.14587761674718197 0.50384
8 0.3577616747181965 1.251253333333333 -0.44460547504025766 -1.5277333333333332
8 0.4025523349436393 1.3719866666666667 -0.5352334943639291 -1.8071733333333335
8 0.43015700483091784 1.4530533333333333 -0.5904428341384863 -1.97624
8 0.46949677938808376 1.74636 -0.679524959742351 -2.4110133333333335
