0 0.31092084006462034 1.2280614973262032 -0.36184168012924073 -1.0142513368983959
0 0.3345557350565428 1.3184358288770053 -0.4252504038772214 -1.2349999999999999
0 0.1763327948303716 0.7570588235294117 -0.08579967689822297 -0.14219251336898397
0 0.3269426494345719 1.2594652406417113 -0.39037964458804525 -1.1312299465240643
0 0.4106300484652666 1.7835160427807484 -0.5965266558966075 -1.7384224598930482
0 0.5228675282714055 2.0645989304812833 -0.8303877221324718 -2.476791443850267
0 0.11131260096930534 0.7562566844919787 0.05312600969305331 0.48213903743315506
7 0.10160743134087238 0.7256818181818181 0.20321486268174477 0.5432887700534759
0 0.09504442649434572 0.7094919786096257 0.07674474959612278 0.575668449197861
0 0.3764095315024233 1.4664171122994654 -0.5162116316639741 -1.534224598930481
0 0.47927302100161556 1.9482620320855613 -0.714264943457189 -2.1239037433155077
2 0.2497819063004847 1.0728609625668448 -0.2429886914378029 -0.8553475935828877
2 0.21173263327948305 0.9442379679144384 -0.1785864297253635 -0.6443048128342246
3 0.23785541195476578 0.9509090909090908 -0.22238287560581585 -0.7426737967914437
