2 0.4215539452495974 2.1533333333333333 -0.5200483091787439 -2.312
2 0.3718880837359098 1.6941733333333335 -0.4469645732689212 -1.6708533333333333
3 0.33142512077294684 1.4237066666666667 -0.4324637681159421 -1.4613866666666666
2 0.26317632850241546 1.0196133333333333 -0.24269726247987114 -0.8147466666666666
2 0.3396859903381642 1.2452666666666667 -0.38974235104669885 -1.3245066666666667
2 0.28191223832528184 1.0219866666666666 -0.27464573268921094 -0.9355466666666664
2 0.28738325281803545 1.0259733333333334 -0.297037037037037 -0.9905600000000001
2 0.3297745571658615 1.17072 -0.37634460547504023 -1.2645333333333335
8 0.2996900161030596 1.0433866666666667 -0.3232447665056361 -1.03264
8 0.3213043478260869 1.13232 -0.3691626409017713 -1.2198933333333335
