2 0.4151167471819646 2.1017333333333332 -0.6321336553945249 -2.4152
2 0.2039331723027375 0.9353466666666667 -0.12086151368760063 -0.4959200000000001
2 0.21995571658615137 1.0792533333333332 -0.1647745571658615 -0.6797333333333333
2 0.39157407407407413 1.5819333333333334 -0.5525040257648953 -2.0931466666666667
2 0.4534983896940419 1.65864 -0.6756602254428342 -2.3388266666666664
3 0.49846618357487926 1.8404133333333332 -0.7835507246376812 -2.7241333333333335
2 0.4710950080515298 1.7252266666666667 -0.7045571658615136 -2.47104
2 0.23377214170692429 0.9607866666666667 -0.17672302737520126 -0.6650933333333333
2 0.3346014492753623 1.2164666666666666 -0.39746376811594203 -1.3534133333333336
2 0.31330917874396136 1.11616 -0.34447665056360705 -1.158826666666667
2 0.29521336553945254 1.0460933333333333 -0.31976650563607084 -1.1127733333333332
8 0.28745169082125605 0.9890399999999999 -0.2873188405797102 -0.9343466666666668
8 0.35932367149758454 1.2443333333333333 -0.4352334943639291 -1.4484000000000001
