2 0.29706924315619965 1.2833999999999999 -0.31154589371980673 -1.0487733333333331
2 0.5057769726247987 2.1533333333333333 -0.7496859903381643 -2.312
2 0.43296698872785827 2.04472 -0.5804589371980677 -2.2102933333333334
3 0.26794685990338163 0.9830266666666666 -0.2602093397745572 -0.8847733333333332
0 0.3873671497584541 1.3946666666666667 -0.5081320450885668 -1.5981866666666664
0 0.4442431561996779 1.5487466666666665 -0.6147665056360708 -1.9701866666666668
0 0.48214170692431557 1.68996 -0.7048470209339774 -2.2282399999999996
0 0.4690780998389694 1.6146 -0.6680273752012883 -2.13848
2 0.0972866344605475 0.4920399999999999 0.11004830917874395 0.194
8 0.2559420289855072 0.9114266666666667 -0.2232528180354267 -0.76872
8 0.29031803542673107 0.98732 -0.2982528180354267 -0.9929866666666665
