2 0.07622785829307568 0.6959333333333334 0.15245571658615137 0.5607733333333333
2 0.4353743961352657 2.07736 -0.5727616747181964 -2.4639466666666667
2 0.08547906602254428 0.85748 0.1184621578099839 -0.18061333333333338
2 0.3307608695652174 1.1700799999999998 -0.37070048309178744 -1.2521599999999997
2 0.2506320450885668 0.9913866666666666 -0.2170450885668277 -0.8685333333333334
2 0.35791062801932366 1.3814 -0.4273671497584541 -1.5944800000000001
2 0.2096417069243156 0.9565199999999999 -0.14189210950080516 -0.6864800000000002
2 0.1976368760064412 0.9614400000000001 -0.09781803542673106 -0.6077333333333333
2 0.1446256038647343 0.9260133333333332 0.003099838969404205 -0.42034666666666665
2 0.38855475040257653 1.57756 -0.48630434782608695 -1.8552266666666668
2 0.40332528180354266 1.6632399999999998 -0.5018518518518519 -1.9630666666666665
8 0.285366344605475 1.1097866666666667 -0.30189210950080514 -1.1689066666666668
8 0.481183574879227 1.8333733333333335 -0.7310305958132045 -2.69544
