2 0.0859742351046699 0.8194933333333333 0.1719484702093398 0.29935999999999996
2 0.3037117552334944 1.15148 -0.30254428341384865 -1.0536266666666667
2 0.3769927536231884 1.4837999999999998 -0.4810869565217391 -1.7829599999999999
2 0.2988888888888889 1.10428 -0.2965378421900161 -1.0046666666666666
2 0.2318156199677939 0.8682933333333334 -0.15659420289855075 -0.54976
2 0.35381642512077294 1.3635199999999998 -0.4191143317230274 -1.5798933333333331
2 0.29210547504025763 1.0294933333333334 -0.28910628019323675 -0.9597333333333332
2 0.35327294685990335 1.63596 -0.3864492753623189 -1.5265333333333333
8 0.46477858293075686 2.1506133333333333 -0.6815539452495974 -2.3118933333333334
8 0.24786634460547505 0.983 -0.20085346215780997 -0.8118666666666667
8 0.15333735909822865 0.6233599999999999 0.00799516908212561 -0.1166933333333333
