2 0.22842995169082123 0.9825866666666666 -0.15690821256038645 -0.6236266666666666
2 0.526256038647343 2.1533333333333333 -0.6968921095008053 -2.312
2 0.40578099838969406 1.9578666666666664 -0.522012882447665 -2.0448
2 0.37959339774557166 1.5661466666666668 -0.465048309178744 -1.6689333333333334
2 0.25272141706924317 0.9996799999999999 -0.2098550724637681 -0.7689599999999999
2 0.36348631239935586 1.40524 -0.4388888888888889 -1.5220533333333333
2 0.2661714975845411 1.0121733333333334 -0.23814009661835753 -0.8522933333333333
2 0.35333333333333333 1.3269199999999999 -0.4203059581320451 -1.4444
2 0.29039049919484705 1.0371599999999999 -0.2932125603864734 -0.9933066666666666
8 0.32755636070853467 1.2176133333333334 -0.380024154589372 -1.2948533333333332
