2 0.08753623188405797 0.8358133333333333 0.17507246376811594 0.32303999999999994
2 0.24480676328502415 1.05648 -0.19154589371980676 -0.6907200000000001
2 0.27502818035426735 1.0497733333333332 -0.2520531400966184 -0.8565066666666666
3 0.27712560386473434 1.0493333333333332 -0.2902576489533012 -0.9506666666666667
2 0.0795048309178744 0.86332 0.1590096618357488 0.23154666666666676
2 0.34245169082125604 1.4136133333333334 -0.3959017713365539 -1.557573333333333
2 0.3385265700483092 1.3457999999999999 -0.38325281803542677 -1.4862133333333334
2 0.32687600644122383 1.2472933333333334 -0.3675523349436393 -1.3533066666666667
3 0.29390499194847025 1.0562133333333334 -0.3068276972624799 -1.0213333333333332
3 0.14991143317230274 1.1079066666666668 -0.0600644122383253 -0.3582133333333333
1 0.5389331723027375 2.04164 -0.8324557165861513 -2.5353866666666667
8 0.3194806763285024 1.1140933333333332 -0.35137681159420286 -1.1534133333333332
