2 0.35174315619967794 1.2905066666666667 -0.4230998389694042 -1.43536
2 0.3763929146537842 1.3384133333333332 -0.48317230273752004 -1.68856
0 0.28807165861513684 1.0057333333333331 -0.3017149758454106 -0.9493333333333333
1 0.3783937198067633 1.3504533333333333 -0.4873993558776168 -1.638453333333333
2 0.42267713365539455 1.5051733333333335 -0.5821819645732689 -2.0274666666666668
3 0.4994605475040257 1.7817866666666669 -0.7483091787439613 -2.5976
8 0.149170692431562 0.62852 -0.012834138486312397 -0.18567999999999998
8 0.2283373590982287 0.8105066666666666 -0.16804347826086954 -0.5738133333333333
8 0.29630434782608694 1.13912 -0.336280193236715 -1.2758933333333333
8 0.48014090177133656 1.6410399999999998 -0.6997826086956522 -2.3487466666666665
8 0.5272866344605475 1.8032133333333331 -0.8117713365539453 -2.7110133333333333
