2 0.4146739130434782 2.09448 -0.5048067632850242 -2.194293333333333
2 0.38037037037037036 1.5945199999999997 -0.4580032206119163 -1.6515466666666667
2 0.2515499194847021 1.01304 -0.20511272141706924 -0.7477333333333334
2 0.5204307568438004 2.01172 -0.7522785829307568 -2.5952266666666666
2 0.26741545893719804 1.0287199999999999 -0.23908212560386477 -0.8385066666666666
2 0.35029388083735913 1.25136 -0.41606280193236717 -1.3863466666666668
2 0.28119565217391307 1.0390133333333333 -0.26020128824476646 -0.9014399999999999
2 0.2876328502415459 1.05028 -0.27729468599033824 -0.9536266666666665
2 0.1426368760064412 0.7063999999999999 0.016884057971014492 -0.1895466666666666
8 0.21088566827697264 0.8010133333333332 -0.13418679549114332 -0.5065066666666668
8 0.3101046698872786 1.1399733333333333 -0.3367954911433172 -1.2224000000000002
8 0.33536634460547504 1.14256 -0.3925201288244766 -1.2827733333333333
