2 0.3069122383252818 1.1609866666666666 -0.3348228663446055 -1.1387733333333332
2 0.13159822866344606 0.99632 0.029573268921095 -0.27994666666666673
2 0.20821256038647346 0.9573333333333333 -0.13948470209339778 -0.6299733333333334
2 0.2257528180354267 0.98824 -0.17367954911433173 -0.7548799999999999
2 0.24678341384863123 0.99876 -0.2191545893719807 -0.88424
3 0.26205314009661834 1.02744 -0.2757487922705314 -1.0125333333333333
2 0.4643719806763285 2.1533333333333333 -0.6177616747181964 -2.312
2 0.3977415458937198 1.7924399999999998 -0.49641706924315615 -1.93256
2 0.36457326892109504 1.51436 -0.469243156199678 -1.6707466666666666
0 0.3489653784219002 1.23748 -0.42704508856682766 -1.35048
2 0.38917471819645727 1.51904 -0.5105716586151369 -1.8964800000000002
2 0.07064814814814815 0.6837733333333333 0.1412962962962963 0.08642666666666665
2 0.30792673107890506 1.11012 -0.34580515297906605 -1.1535733333333333
2 0.13939210950080516 0.7386133333333333 -0.0010869565217391487 -0.1793066666666667
2 0.17794685990338166 0.8002400000000001 -0.07592592592592594 -0.3864000000000001
3 0.42739533011272146 1.7632266666666667 -0.6229066022544283 -2.3816
