2 0.3086916264090177 1.1468266666666667 -0.3355475040257649 -1.1182400000000001
2 0.500318035426731 2.1533333333333333 -0.6994444444444444 -2.312
2 0.2371135265700483 0.9177066666666666 -0.17535426731078904 -0.6485333333333334
2 0.3620933977455717 1.5291333333333332 -0.45064412238325285 -1.7391199999999998
2 0.34428341384863126 1.3672533333333334 -0.4060064412238325 -1.5333866666666667
2 0.3413204508856683 1.2987333333333333 -0.40866344605475047 -1.472133333333333
3 0.3282045088566828 1.2490133333333333 -0.39085346215781 -1.4103466666666669
2 0.3295128824476651 1.2119733333333333 -0.37878421900161036 -1.3595199999999998
2 0.2314291465378422 0.8717066666666666 -0.17844605475040257 -0.6424
3 0.28192028985507245 1.0096666666666667 -0.3024718196457327 -1.0106933333333332
2 0.24328502415458936 0.8906533333333333 -0.20426731078904992 -0.7132533333333334
2 0.2696900161030596 0.9472400000000001 -0.25318035426731084 -0.866
2 0.2234782608695652 0.8101333333333334 -0.15996779388083734 -0.5537599999999999
2 0.13031400966183573 0.5170799999999999 0.027681159420289852 0.051919999999999994
