2 0.2534299516908213 1.0055733333333332 -0.20824476650563606 -0.7583466666666666
2 0.41603864734299517 2.0530133333333334 -0.5187278582930757 -2.1323733333333337
2 0.3786996779388084 1.5774666666666666 -0.46781803542673106 -1.6796799999999998
2 0.36719404186795485 1.4186933333333334 -0.44039452495974235 -1.52528
2 0.268792270531401 1.0199333333333334 -0.24198067632850243 -0.8574666666666667
2 0.35832125603864734 1.33804 -0.42490338164251207 -1.4520266666666666
2 0.27868357487922707 1.0294933333333334 -0.26227858293075684 -0.9155200000000001
2 0.35149355877616745 1.2863466666666665 -0.4148228663446055 -1.4066133333333333
2 0.297524154589372 1.0525066666666667 -0.305450885668277 -1.03104
8 0.33276167471819645 1.1727599999999998 -0.38835748792270536 -1.3293599999999999
