2 0.07580917874396136 0.7037199999999999 0.1516183574879227 0.5872266666666667
2 0.0743599033816425 0.8491199999999999 0.10416264090177134 -0.13258666666666657
2 0.3790901771336554 1.9052933333333333 -0.44400966183574875 -1.81592
2 0.34300724637681157 1.3502666666666667 -0.39805958132045094 -1.3601066666666666
2 0.14059178743961354 0.88012 0.01859098228663446 -0.29773333333333324
2 0.17623188405797102 0.9108666666666666 -0.05375201288244766 -0.4473866666666666
2 0.1776972624798712 0.9288 -0.06273752012882448 -0.5329066666666668
2 0.33839371980676325 1.2636933333333333 -0.37978260869565217 -1.3070133333333334
2 0.3318035426731079 1.2028800000000002 -0.37446054750402574 -1.25008
2 0.24636070853462158 0.9633866666666666 -0.20982286634460545 -0.7796266666666667
8 0.27260466988727855 1.14428 -0.2722141706924316 -1.1517066666666667
