2 0.21334541062801934 0.8940933333333334 -0.1280595813204509 -0.5900533333333333
2 0.2264975845410628 0.9088266666666667 -0.16917874396135266 -0.6862933333333333
2 0.2333977455716586 0.92164 -0.18397745571658616 -0.7316
8 0.26427133655394525 1.0330266666666665 -0.25450080515297907 -0.9705333333333335
8 0.31270933977455717 1.1158266666666665 -0.35450080515297905 -1.2293066666666665
8 0.3554186795491143 1.2615866666666666 -0.45346215780998383 -1.6208799999999997
8 0.39526167471819645 1.4047599999999998 -0.5508615136876006 -1.7692533333333333
8 0.40385668276972625 1.46428 -0.5659581320450885 -2.057306666666667
8 0.4533333333333333 1.5910533333333332 -0.6763768115942029 -2.3177866666666667
8 0.495 1.83084 -0.7649114331723027 -2.828346666666667
