2 0.5752938808373591 2.1533333333333333 -0.8346457326892108 -2.312
2 0.36221417069243156 1.6675333333333333 -0.429452495974235 -1.63336
1 0.2006924315619968 0.9269999999999999 -0.11547504025764897 -0.24242666666666657
2 0.1660547504025765 0.8994533333333333 -0.009098228663446041 -0.20173333333333326
2 0.32630032206119164 1.3440533333333333 -0.3697342995169082 -1.3032
2 0.19461755233494366 0.8931866666666668 -0.08400161030595812 -0.39186666666666664
2 0.3054106280193237 1.1409333333333334 -0.31581320450885675 -1.0858666666666668
2 0.23975040257648952 0.8966799999999999 -0.1756682769726248 -0.6121866666666667
2 0.2966545893719807 1.0696133333333333 -0.29733494363929147 -1.0022133333333332
0 0.23530595813204508 0.8370133333333333 -0.1841867954911433 -0.5592533333333333
0 0.23353462157809984 0.8295333333333332 -0.1724315619967794 -0.5164
1 0.2321256038647343 0.9746933333333333 -0.16927536231884058 -0.44410666666666654
8 0.2559420289855072 0.9166000000000001 -0.21700483091787437 -0.7101066666666666
8 0.27547101449275363 1.0106133333333334 -0.26335748792270536 -0.9291733333333334
8 0.2681803542673108 0.9252266666666665 -0.24772946859903383 -0.8066666666666666
