2 0.0943719806763285 0.6945466666666666 0.188743961352657 0.6055733333333333
2 0.3602536231884058 1.8901466666666664 -0.4729066022544284 -1.8453066666666667
2 0.09128421900161031 0.9282933333333333 0.13825281803542672 0.055679999999999986
2 0.3242270531400966 1.2691866666666667 -0.3581964573268921 -1.2559733333333334
2 0.23735507246376814 0.9337066666666666 -0.17070048309178745 -0.6259199999999999
2 0.3130555555555556 1.1474266666666666 -0.3361755233494364 -1.13256
2 0.24659017713365539 0.9365333333333332 -0.20425925925925928 -0.71136
2 0.25959742351046694 0.9385333333333332 -0.22792270531400965 -0.7768533333333334
2 0.3055636070853462 1.0904266666666667 -0.32590982286634457 -1.0939733333333332
8 0.2834782608695652 0.9776133333333333 -0.2798872785829308 -0.9269599999999999
8 0.2932447665056361 1.0060799999999999 -0.30254428341384865 -0.9838933333333333
8 0.29637278582930754 1.01772 -0.31348631239935587 -1.04344
8 0.2760587761674718 0.9530399999999999 -0.2588003220611916 -0.8726933333333333
