0 0.19338969404186795 0.81596 -0.11520128824476651 -0.21912000000000004
2 0.07636876006441223 0.6568799999999999 0.15273752012882447 0.27136
3 0.24528582930756843 1.0631066666666666 -0.2242109500805153 -0.9211466666666667
4 0.3613768115942029 1.7033866666666666 -0.5160225442834139 -2.31728
2 0.3596859903381643 1.2356133333333332 -0.4381481481481482 -1.4577333333333333
2 0.18771739130434784 0.7525733333333334 -0.08446859903381644 -0.39682666666666666
2 0.297475845410628 1.0484133333333334 -0.30826892109500803 -1.04488
2 0.2790257648953301 0.9946 -0.27004830917874395 -0.9308
2 0.3039774557165862 1.0611466666666665 -0.32333333333333336 -1.0845866666666666
8 0.3092632850241546 1.1393333333333333 -0.33770531400966186 -1.2866666666666666
8 0.22879227053140094 0.8003733333333333 -0.16895330112721416 -0.5207466666666666
