2 0.08095008051529791 0.9392266666666665 0.15657004830917876 0.06565333333333334
2 0.48780193236714975 2.1533333333333333 -0.6456199677938809 -2.312
2 0.18211755233494364 0.9526666666666667 -0.05639291465378421 -0.40597333333333335
2 0.39105877616747187 1.9120666666666666 -0.4863204508856683 -1.9571466666666668
2 0.26285024154589376 0.9930266666666666 -0.23542673107890502 -0.82328
2 0.36975442834138483 1.5320799999999999 -0.4469806763285024 -1.6045333333333334
2 0.36008051529790663 1.39072 -0.428341384863124 -1.4793066666666665
2 0.35181964573268926 1.31972 -0.4124315619967794 -1.422
2 0.27186392914653784 1.00948 -0.2532769726247987 -0.8781600000000002
2 0.34973832528180354 1.27648 -0.4126489533011272 -1.3997866666666665
8 0.29285426731078906 1.0125466666666665 -0.29707729468599037 -1.0072266666666665
8 0.31980676328502416 1.1703866666666667 -0.3556682769726248 -1.3280266666666667
