2 0.13105475040257647 0.9272266666666668 0.036908212560386476 -0.13786666666666664
1 0.2622705314009662 0.9978800000000001 -0.24515297906602257 -0.7284533333333334
1 0.2752697262479871 1.0241733333333334 -0.2685426731078905 -0.7987466666666667
2 0.24644122383252817 0.9694399999999999 -0.2001449275362319 -0.7352533333333332
1 0.2850281803542673 1.01328 -0.28738325281803545 -0.8970133333333333
2 0.3289935587761675 1.1609733333333334 -0.37322061191626404 -1.2501066666666665
2 0.3730193236714976 1.9312266666666666 -0.46847020933977457 -1.8677866666666667
8 0.3494927536231884 1.2272933333333333 -0.43067632850241544 -1.35912
8 0.3186352657004831 1.1005333333333334 -0.36113526570048304 -1.1986666666666668
8 0.3444162640901771 1.1820266666666666 -0.409573268921095 -1.387573333333333
