2 0.378377616747182 1.7308400000000002 -0.4492673107890499 -1.6993333333333334
2 0.074597423510467 0.7737733333333333 0.149194847020934 0.4094133333333333
3 0.0676610305958132 0.8209333333333334 0.1353220611916264 0.062239999999999934
2 0.13877616747181964 0.8642533333333334 0.00616747181964573 -0.2958666666666666
2 0.3956682769726248 1.6612133333333334 -0.48236714975845413 -1.9615733333333334
2 0.38330112721417064 1.5523466666666665 -0.48107890499194844 -1.814293333333333
2 0.3553462157809984 1.4159066666666666 -0.4356360708534621 -1.6545866666666667
7 0.22422705314009664 0.9069333333333334 -0.14336553945249594 -0.58944
2 0.18968599033816427 0.9177199999999999 -0.13698872785829308 -0.6409333333333332
3 0.3179710144927536 1.1851466666666666 -0.38486312399355876 -1.2709333333333332
2 0.23262077294685993 0.9530933333333332 -0.18582125603864733 -0.7985066666666666
2 0.2457608695652174 0.9792533333333334 -0.21822061191626407 -0.8598400000000002
3 0.3142109500805153 1.1314 -0.3755877616747182 -1.22984
3 0.26893719806763283 1.0050266666666665 -0.2785990338164251 -1.0007733333333333
8 0.29660225442834137 1.0438 -0.3252334943639292 -1.1234400000000002
8 0.31285829307568436 1.0670666666666668 -0.34929146537842193 -1.1656
