2 0.07347826086956522 0.5424266666666666 0.14695652173913043 0.6259199999999999
2 0.09938405797101449 0.6404666666666666 0.09785024154589371 0.12887999999999997
2 0.12969404186795488 0.7707599999999999 0.03120772946859905 -0.20813333333333336
2 0.22419887278582928 0.8766666666666666 -0.16374396135265698 -0.5916266666666666
2 0.23454106280193238 0.8939199999999999 -0.1834460547504026 -0.6622933333333333
0 0.20295893719806762 0.7859199999999998 -0.11488727858293078 -0.26959999999999995
0 0.21368357487922704 0.7887333333333333 -0.10583735909822868 -0.27469333333333323
8 0.4701851851851852 1.9672933333333333 -0.7204991948470211 -2.67352
8 0.3877777777777778 1.6231999999999998 -0.5338003220611917 -2.22336
8 0.254573268921095 0.92716 -0.22520128824476646 -0.80536
8 0.29363526570048315 1.0293733333333333 -0.30957326892109505 -1.0511733333333335
8 0.32527375201288244 1.1807333333333332 -0.37911433172302733 -1.3384266666666667
8 0.2129669887278583 0.7843466666666666 -0.14203703703703702 -0.4832533333333333
