2 0.29915861513687597 1.1264666666666665 -0.3021014492753623 -1.02792
2 0.19320048309178744 0.9481333333333334 -0.09797906602254428 -0.5791466666666666
2 0.23925925925925923 0.9677466666666668 -0.19119162640901768 -0.7883999999999999
2 0.24991143317230272 0.97764 -0.2087600644122383 -0.8243466666666664
2 0.2877415458937198 1.0349333333333333 -0.2857568438003221 -0.9791466666666668
7 0.15106682769726248 0.8036933333333333 0.02398550724637683 -0.010693333333333308
7 0.08320450885668278 0.6369733333333334 0.1566183574879227 0.32904000000000005
2 0.40653381642512076 2.1533333333333333 -0.49379227053140096 -2.312
3 0.3201288244766506 1.2581466666666667 -0.39790660225442837 -1.3304266666666666
2 0.3050040257648953 1.1100533333333333 -0.32342190016103056 -1.08032
