0 0.29896607431340877 1.1493048128342245 -0.3321809369951535 -0.9495721925133689
0 0.32530694668820676 1.2491042780748662 -0.3973182552504039 -1.1720588235294118
0 0.19628836833602586 0.796470588235294 -0.12508077544426494 -0.28101604278074865
0 0.31568659127625204 1.205066844919786 -0.3650403877221325 -1.0521657754010696
0 0.35992326332794833 1.5908823529411764 -0.4885541195476576 -1.383262032085561
0 0.5231340872374798 2.0658957219251337 -0.8300969305331181 -2.480347593582888
0 0.3463449111470114 1.3170053475935828 -0.4419305331179322 -1.2768449197860965
0 0.41310177705977386 1.6735294117647057 -0.5738126009693053 -1.6811764705882353
2 0.2190468497576737 1.0827540106951872 -0.18369951534733442 -0.7258823529411766
2 0.21169628432956386 0.9448395721925134 -0.1791599353796446 -0.6452941176470589
3 0.23795234248788372 0.9507219251336898 -0.22249596122778675 -0.7422994652406417
