2 0.11144524959742352 0.6838933333333332 0.07152173913043479 -0.042986666666666604
2 0.3498510466988728 1.2537733333333334 -0.4194766505636071 -1.4075466666666667
2 0.3908856682769726 1.3787866666666666 -0.5083735909822866 -1.7654133333333333
0 0.2957125603864734 1.0225333333333333 -0.31493558776167474 -0.9971733333333331
2 0.4227737520128825 1.4947599999999999 -0.5798631239935588 -2.0091466666666666
3 0.4867028985507246 1.7238266666666664 -0.7172705314009663 -2.477893333333333
8 0.3069162640901772 1.1613333333333333 -0.3423993558776168 -1.3306666666666667
8 0.17683977455716585 0.693 -0.07442028985507249 -0.3318666666666667
8 0.46746376811594204 1.6089733333333334 -0.6681803542673108 -2.2569866666666663
8 0.37576489533011276 1.3015066666666668 -0.4746698872785829 -1.5766666666666667
