2 0.3100603864734299 1.14 -0.33847826086956523 -1.12736
2 0.4869444444444444 2.1533333333333333 -0.7078502415458936 -2.312
2 0.4031199677938808 1.8891066666666665 -0.5204750402576489 -2.02024
2 0.3700805152979066 1.6370933333333335 -0.4689694041867955 -1.7801600000000002
2 0.36085346215780995 1.52392 -0.44262479871175525 -1.71216
2 0.35025764895330114 1.4387599999999998 -0.42895330112721414 -1.6223733333333332
2 0.3457085346215781 1.3417733333333333 -0.4106602254428341 -1.53368
2 0.27150563607085343 0.9719866666666667 -0.2513204508856683 -0.85608
2 0.33605072463768115 1.2566933333333332 -0.39355072463768115 -1.428853333333333
2 0.3306803542673108 1.2113733333333332 -0.3808132045088567 -1.3657333333333335
3 0.3251892109500805 1.1792133333333332 -0.3785426731078905 -1.32968
2 0.2614090177133655 0.9296666666666666 -0.2400966183574879 -0.8188533333333334
2 0.2531481481481481 0.8834666666666666 -0.22109500805152976 -0.74224
8 0.28309178743961355 1.04232 -0.28380032206119166 -1.0770666666666668
