0 0.17156199677938808 0.9288933333333333 -0.056038647342995164 0.13687999999999995
0 0.1420450885668277 0.8574533333333332 -0.0096779388083736 0.27976000000000006
0 0.37682367149758456 1.504 -0.5106199677938809 -1.4651733333333334
0 0.4004911433172303 1.5864133333333332 -0.566731078904992 -1.6416800000000003
1 0.44948470209339775 1.6535066666666667 -0.6149436392914653 -1.901093333333333
1 0.4587962962962963 1.6861599999999999 -0.6476570048309178 -2.0164799999999996
0 0.14152173913043475 0.73416 -0.018502415458937188 0.10314666666666661
8 0.30859098228663445 1.0608266666666666 -0.3307407407407407 -1.0812266666666663
8 0.3656964573268921 1.2828933333333332 -0.4532125603864734 -1.4398133333333332
8 0.3471497584541062 1.2234266666666667 -0.4009822866344605 -1.34616
8 0.228792270531401 0.8301333333333334 -0.16114331723027375 -0.4716266666666667
