2 0.17956119162640902 1.06144 -0.024323671497584548 -0.25136
2 0.42532608695652174 2.1533333333333333 -0.5350161030595814 -2.312
2 0.3698832528180354 1.7154933333333335 -0.4259661835748792 -1.5914666666666666
2 0.35151368760064416 1.4372933333333333 -0.38687600644122383 -1.385573333333333
2 0.2346497584541063 1.0409066666666666 -0.1373349436392915 -0.5572266666666666
2 0.2585225442834138 1.022 -0.18971819645732688 -0.6594133333333332
2 0.27122785829307566 1.0358266666666665 -0.21442028985507242 -0.7453066666666666
2 0.34629629629629627 1.3297733333333333 -0.38035426731078903 -1.3157599999999998
2 0.34398953301127216 1.2717733333333332 -0.37237520128824475 -1.2593333333333332
2 0.40193236714975844 1.5171866666666667 -0.5242995169082125 -1.8701066666666666
2 0.3304790660225443 1.1724133333333333 -0.34701288244766504 -1.1734666666666664
2 0.30163446054750404 1.0665066666666667 -0.2914331723027376 -1.0173333333333334
1 0.29700080515297905 1.02724 -0.2780273752012882 -0.9189066666666668
8 0.3151167471819646 1.10828 -0.31661030595813205 -1.07448
