0 0.3371324717285945 1.269705882352941 -0.41206785137318264 -1.2148128342245987
0 0.34812600969305335 1.3131417112299464 -0.444297253634895 -1.3192245989304812
0 0.24185379644588043 0.9726604278074865 -0.22147819063004848 -0.5931818181818181
1 0.3030815831987076 1.1048529411764707 -0.3437722132471729 -1.0627540106951872
8 0.49132067851373185 2.042620320855615 -0.6391680129240711 -2.131283422459893
8 0.28078352180937 1.0056417112299465 -0.28996768982229404 -0.9055080213903745
8 0.29485056542810983 1.0547860962566844 -0.31965266558966077 -1.0037967914438504
8 0.31930129240710825 1.091350267379679 -0.3649515347334411 -1.211524064171123
8 0.21447495961227786 0.796470588235294 -0.15340872374798065 -0.44053475935828873
8 0.07415185783521809 0.43931818181818183 0.14830371567043618 0.573663101604278
8 0.192891760904685 0.7457486631016043 -0.07512116316639741 -0.2771122994652407
