2 0.46754084967320264 1.8844189189189187 -0.7079411764705883 -2.6965135135135134
2 0.27624183006535946 1.0211081081081081 -0.26924836601307184 -0.922054054054054
1 0.34375 1.2282432432432433 -0.4223202614379086 -1.4022162162162164
1 0.3209885620915033 1.149283783783784 -0.3700653594771242 -1.2244054054054054
1 0.21851307189542488 0.8181891891891893 -0.1473856209150327 -0.4674054054054054
0 0.2507107843137255 0.9160000000000001 -0.2183660130718954 -0.6997837837837837
8 0.40864787581699347 1.4549459459459462 -0.556282679738562 -1.937891891891892
8 0.4336274509803922 1.561837837837838 -0.613578431372549 -2.171675675675676
8 0.295281862745098 1.034864864864865 -0.31409313725490196 -1.0312972972972974
8 0.36754901960784314 1.271337837837838 -0.4742483660130719 -1.5455945945945946
8 0.21399918300653595 0.7575810810810811 -0.12881535947712416 -0.37278378378378374
