2 0.3099718196457327 1.1572533333333335 -0.329669887278583 -1.1188266666666666
2 0.1561755233494364 0.8697066666666666 -0.009838969404186795 -0.24698666666666666
2 0.18151368760064412 0.9187866666666665 -0.07648953301127215 -0.46482666666666667
2 0.22014492753623188 0.93816 -0.14995169082125603 -0.6710933333333333
2 0.2778582930756844 1.0618533333333333 -0.26164251207729466 -0.9116000000000001
2 0.24751610305958133 0.9849866666666667 -0.21316425120772947 -0.8481066666666666
2 0.35714573268921096 1.4422533333333334 -0.4149677938808373 -1.4619466666666667
4 0.3139734299516908 1.3419066666666668 -0.44933172302737523 -1.46136
0 0.3903502415458937 1.4145466666666666 -0.5081561996779388 -1.5569333333333333
4 0.3116143317230274 1.14384 -0.3846779388083736 -1.2469333333333334
2 0.3098832528180354 1.1159466666666666 -0.3381078904991949 -1.1280533333333334
2 0.15939613526570048 0.6853333333333333 -0.029436392914653785 -0.21535999999999997
