2 0.522671568627451 1.971337837837838 -0.7439052287581699 -2.6681351351351354
2 0.4968014705882353 1.8781486486486487 -0.6931617647058823 -2.498783783783784
2 0.46347630718954247 1.7608648648648648 -0.6298937908496732 -2.255081081081081
2 0.31661356209150326 1.1344864864864865 -0.3512826797385621 -1.1723783783783783
0 0.1408169934640523 0.5518918918918919 -0.032875816993464035 -0.025783783783783765
0 0.17997549019607842 0.7014324324324326 -0.10352941176470586 -0.25983783783783787
1 0.2851225490196079 1.0679864864864865 -0.31413398692810457 -0.9754864864864865
0 0.1662949346405229 0.6323783783783784 -0.08069444444444446 -0.19081081081081072
0 0.21157679738562093 0.8859729729729731 -0.1656045751633987 -0.3990810810810811
0 0.2261397058823529 0.9182837837837838 -0.19471405228758168 -0.48532432432432443
0 0.2332107843137255 1.0007297297297297 -0.20869281045751636 -0.6072972972972973
0 0.30214460784313724 1.2644594594594596 -0.3515604575163399 -0.960918918918919
0 0.3239828431372549 1.3028918918918917 -0.38986111111111105 -1.1134594594594593
0 0.23767565359477122 1.019756756756757 -0.21463235294117647 -0.49751351351351364
0 0.25086601307189543 1.0772702702702703 -0.24473856209150324 -0.6581621621621623
0 0.2732557189542484 1.1039864864864866 -0.2785212418300654 -0.7566756756756758
0 0.21435866013071897 0.9001621621621623 -0.17134803921568628 -0.3802162162162161
