2 0.31114734299516905 1.1611066666666665 -0.3265780998389694 -1.1071733333333333
2 0.07547504025764895 0.8213466666666667 0.1509500805152979 0.35197333333333336
2 0.18289452495974234 0.9702266666666667 -0.0726972624798712 -0.5118133333333333
2 0.20913848631239937 0.97896 -0.1302576489533011 -0.6227733333333333
2 0.2373872785829308 0.9878799999999999 -0.182987117552335 -0.7643466666666666
3 0.23661030595813204 1.0292400000000002 -0.22826086956521738 -0.8980533333333333
0 0.3823872785829307 1.4168399999999999 -0.4774476650563607 -1.4512266666666667
2 0.46927133655394526 2.0292 -0.6552898550724637 -2.5602666666666667
3 0.3247745571658615 1.15376 -0.3779066022544283 -1.2514133333333333
2 0.3120893719806763 1.1199999999999999 -0.33538647342995165 -1.11872
3 0.2616425120772947 1.03332 -0.24541062801932367 -0.9454666666666666
3 0.5413888888888889 2.007573333333333 -0.8666425120772946 -2.6035199999999996
2 0.10945652173913042 0.6109066666666667 0.05876811594202898 -0.013973333333333357
2 0.15826489533011273 0.67636 -0.024404186795491146 -0.20610666666666655
0 0.1783454106280193 0.6640533333333333 -0.08123188405797101 -0.19871999999999995
4 0.2134219001610306 0.8538666666666667 -0.17172302737520126 -0.6205333333333334
8 0.4244967793880838 1.5494533333333331 -0.5712962962962963 -2.0033866666666666
