2 0.09036634460547505 0.841 0.1807326892109501 0.31266666666666665
2 0.12279790660225441 1.12288 0.06963768115942029 -0.2510933333333334
2 0.409585346215781 2.1097599999999996 -0.5430837359098228 -2.224853333333333
2 0.24374396135265702 1.0378533333333333 -0.21537842190016104 -0.7483466666666666
2 0.2594967793880837 1.0547866666666665 -0.2311513687600644 -0.8672799999999998
2 0.3517874396135266 1.2857599999999998 -0.44838969404186796 -1.6064533333333335
2 0.4093921095008052 1.7092266666666667 -0.5330515297906602 -1.8227733333333331
2 0.4221457326892109 1.70012 -0.5812801932367149 -2.0556533333333333
2 0.3709178743961352 1.48664 -0.48286634460547506 -1.8356266666666663
2 0.5272624798711756 1.9584666666666666 -0.7903059581320452 -2.7017333333333333
2 0.47919484702093396 1.7911466666666664 -0.6938486312399356 -2.5004799999999996
8 0.5006843800322061 1.7681600000000002 -0.7580515297906602 -2.6270933333333333
