2 0.07756038647342996 1.0044133333333332 0.15512077294685991 -0.014160000000000006
2 0.49099436392914647 2.001493333333333 -0.731537842190016 -2.61568
2 0.4518639291465379 1.8058799999999997 -0.649927536231884 -2.3176799999999997
2 0.4313446054750403 1.7052266666666667 -0.603719806763285 -2.188906666666667
2 0.4141747181964573 1.6285733333333334 -0.5689613526570048 -2.07096
2 0.40501207729468597 1.5771999999999997 -0.538011272141707 -1.991253333333333
2 0.35772544283413843 1.5040399999999998 -0.4363687600644123 -1.5373066666666666
2 0.352512077294686 1.3528 -0.4127858293075684 -1.4290133333333332
2 0.2369887278582931 1.0266666666666666 -0.18834138486312402 -0.7197866666666668
3 0.253756038647343 1.0406533333333332 -0.24442028985507247 -0.8488799999999997
2 0.3662761674718197 1.3889066666666667 -0.4726811594202899 -1.7042133333333331
2 0.2830233494363929 1.0461066666666667 -0.28145732689210945 -0.95696
2 0.28284621578099833 1.0510933333333334 -0.28221417069243154 -1.0424
4 0.3033856682769726 1.17068 -0.3865136876006442 -1.2733599999999998
