2 0.08157004830917874 0.8609600000000001 0.1631400966183575 0.2727466666666666
2 0.5852898550724637 2.1533333333333333 -0.81658615136876 -2.312
2 0.152085346215781 0.9436666666666667 0.006199677938808388 -0.27341333333333323
2 0.40795893719806764 2.1533333333333333 -0.514194847020934 -2.312
2 0.25727053140096623 0.9835866666666667 -0.22524959742351047 -0.7919200000000001
2 0.3764452495974235 1.62456 -0.4589130434782609 -1.684533333333333
2 0.3627737520128825 1.4284799999999997 -0.43681964573268917 -1.5224
2 0.3530314009661836 1.3392266666666668 -0.4174476650563607 -1.4454399999999998
2 0.26684380032206123 1.0006133333333331 -0.24652173913043474 -0.8597333333333332
2 0.3503743961352657 1.2876133333333333 -0.41498389694041865 -1.4104266666666665
8 0.3205917874396135 1.1665066666666666 -0.3619243156199678 -1.3254933333333334
