2 0.296219806763285 1.2323866666666665 -0.3161916264090177 -1.0612533333333332
2 0.49142512077294687 2.1533333333333333 -0.7192431561996779 -2.312
2 0.4099114331723028 1.9107066666666666 -0.5349114331723026 -2.061253333333333
2 0.36841384863124 1.6714399999999998 -0.4694041867954911 -1.8793066666666667
2 0.36829710144927535 1.53196 -0.45540257648953303 -1.7495199999999997
2 0.07271739130434783 0.57104 0.14543478260869566 0.37039999999999995
2 0.10303945249597422 0.6631999999999999 0.07121578099838968 0.0071466666666666085
3 0.28385265700483087 0.99932 -0.29128019323671495 -0.9760266666666666
0 0.345901771336554 1.2262 -0.4166988727858293 -1.3076
0 0.06863123993558777 0.35864 0.12821256038647344 0.5691733333333333
0 0.43675120772946857 1.5141733333333334 -0.6144363929146538 -1.9527733333333335
0 0.4373188405797101 1.4967333333333332 -0.6108212560386473 -1.9607199999999998
8 0.26433977455716584 0.9271733333333333 -0.24004830917874395 -0.8157333333333332
