2 0.18613123993558778 0.9388666666666666 -0.07728663446054751 -0.39799999999999996
1 0.2735426731078905 1.0039733333333334 -0.2709822866344605 -0.8285333333333335
1 0.28260466988727856 1.02456 -0.287061191626409 -0.8811733333333331
2 0.2519645732689211 0.9657066666666666 -0.2134782608695652 -0.7681066666666667
1 0.2869484702093398 1.0108266666666665 -0.2972141706924316 -0.9410133333333333
2 0.32614331723027373 1.1460933333333334 -0.37243156199677946 -1.2463733333333333
2 0.35405797101449277 1.5707733333333331 -0.4334138486312399 -1.5574933333333334
8 0.34480676328502413 1.2001333333333333 -0.42599033816425114 -1.35136
8 0.3405072463768116 1.16132 -0.40645732689210956 -1.3617333333333335
8 0.3178502415458937 1.0849733333333333 -0.3611433172302737 -1.1935199999999997
