2 0.43076892109500803 1.7072 -0.5910225442834138 -2.1026133333333332
2 0.3896819645732689 1.5187599999999999 -0.5069806763285025 -1.7443466666666665
2 0.190829307568438 0.7630800000000001 -0.07908212560386474 -0.32338666666666666
2 0.25638486312399356 1.0285333333333333 -0.23499194847020935 -0.9216
2 0.10590579710144928 0.4566933333333333 0.09266505636070854 0.26805333333333337
2 0.1700925925925926 0.6271733333333334 -0.04897745571658614 -0.1683733333333333
3 0.2727415458937198 1.5741599999999998 -0.3022785829307569 -1.3384533333333333
2 0.23668276972624802 1.0499066666666668 -0.16128824476650563 -0.6869066666666666
8 0.47525764895330114 1.9025866666666666 -0.6884541062801932 -2.6010133333333334
8 0.12605877616747183 0.4730666666666666 0.04900966183574879 0.17525333333333332
8 0.13386876006441223 0.5480933333333333 0.02245571658615138 -0.031706666666666626
8 0.08153381642512077 0.47437333333333326 0.16306763285024153 0.74192
