2 0.3046454472199839 1.090718085106383 -0.32165189363416596 -1.0695212765957447
3 0.0 0.7098404255319148 0.0 0.575
2 0.07815068493150684 0.6151462765957447 0.15630136986301368 0.45242021276595745
2 0.12335213537469783 0.7591888297872341 0.045640612409347296 -0.09332446808510632
7 0.20368654311039483 0.918377659574468 -0.05088638195004032 -0.2779787234042553
2 0.20952457695406929 0.9789760638297873 -0.1149395648670427 -0.5143882978723405
2 0.1990330378726833 0.8308244680851063 -0.09216760676873488 -0.4273404255319149
2 0.2542989524576954 0.980784574468085 -0.21180499597099114 -0.752313829787234
2 0.23437147461724417 0.8904787234042553 -0.17596293311845287 -0.6226595744680851
2 0.26831587429492343 0.9847473404255318 -0.24170829975825944 -0.8322606382978723
7 0.2837872683319903 1.0050398936170213 -0.2920547945205479 -0.9562499999999998
3 0.1820467365028203 0.7730585106382979 -0.08676873489121674 -0.37398936170212765
