2 0.36954508856682766 1.6286266666666667 -0.4878341384863124 -1.7768266666666666
2 0.08804347826086956 0.6922400000000001 0.1760869565217391 0.6101866666666667
2 0.08964975845410628 0.9582533333333334 0.1272222222222222 -0.015333333333333332
2 0.27798309178743963 1.0255066666666668 -0.2777536231884058 -0.9587466666666667
2 0.36571256038647343 1.4074399999999998 -0.44778582930756844 -1.5611733333333335
2 0.3552053140096619 1.3288799999999998 -0.4386714975845411 -1.492533333333333
2 0.35227858293075687 1.2819733333333334 -0.42924315619967796 -1.4498666666666666
2 0.3491867954911433 1.25316 -0.42302737520128825 -1.4230133333333332
2 0.30487117552334947 1.0640933333333333 -0.3362479871175523 -1.1290933333333333
8 0.317463768115942 1.1315733333333333 -0.36974235104669884 -1.3125333333333333
