2 0.30236905721192586 1.0829255319148934 -0.31650282030620464 -1.0524999999999998
2 0.08222401289282837 0.509813829787234 0.16444802578565673 0.7461170212765956
2 0.0853948428686543 0.9373803191489363 0.1707896857373086 0.11992021276595738
2 0.12794520547945204 0.7734840425531916 0.04825141015310233 -0.09819148936170216
2 0.1857896857373086 0.804122340425532 -0.06819500402900885 -0.34196808510638294
2 0.2255197421434327 0.957247340425532 -0.14778404512489926 -0.6027393617021276
3 0.25120467365028204 0.9949734042553192 -0.25546333601933924 -0.8322340425531917
2 0.2801651893634166 0.9978324468085106 -0.2649717969379533 -0.8914627659574467
2 0.08653505237711522 0.6038031914893617 0.11895245769540692 0.1256914893617021
2 0.186607574536664 0.776715425531915 -0.08070910556003225 -0.36406914893617026
