0 0.18246323529411765 0.7084054054054055 -0.1073937908496732 -0.2591891891891892
0 0.22768790849673204 0.8275135135135135 -0.19060457516339868 -0.5684324324324324
0 0.08391748366013073 0.4772972972972973 0.07298202614379085 0.39216216216216226
0 0.18150735294117648 0.6749459459459459 -0.1101388888888889 -0.29643243243243245
2 0.29925245098039216 1.047027027027027 -0.32040032679738567 -1.0751891891891892
2 0.46634803921568635 1.754135135135135 -0.637107843137255 -2.269945945945946
2 0.49723039215686277 1.8706486486486487 -0.6951307189542483 -2.50172972972973
2 0.5232679738562092 1.9638513513513514 -0.7466503267973857 -2.683108108108108
0 0.0709640522875817 0.41285135135135137 0.10640522875816992 0.5041351351351352
0 0.1944281045751634 0.719972972972973 -0.1365686274509804 -0.3738918918918919
0 0.1895138888888889 0.6931891891891893 -0.11945261437908496 -0.3238918918918918
0 0.11558006535947712 0.5480675675675676 0.02168300653594773 0.21575675675675673
0 0.09236111111111112 0.4681081081081081 0.05880718954248365 0.3538918918918919
0 0.35187500000000005 1.4657567567567569 -0.4383251633986928 -1.2520000000000002
0 0.42050245098039213 1.7016756756756757 -0.6010375816993464 -1.794108108108108
1 0.25790849673202615 0.934391891891892 -0.2461601307189542 -0.7497027027027027
0 0.08495915032679738 0.4208243243243243 0.08550653594771242 0.4218648648648649
0 0.06093954248366013 0.36595945945945946 0.12187908496732026 0.543054054054054
2 0.31586601307189544 1.1317837837837839 -0.3511928104575163 -1.1830270270270271
0 0.1762622549019608 0.6438783783783785 -0.09906045751633988 -0.25840540540540546
0 0.15263888888888888 0.5777702702702703 -0.054852941176470604 -0.08986486486486486
0 0.5334885620915033 1.8289324324324328 -0.7759640522875818 -2.500081081081081
8 0.13686274509803922 0.5512837837837838 -0.016192810457516336 -0.04035135135135137
8 0.2888643790849673 0.9913243243243244 -0.30439542483660137 -1.006972972972973
