2 0.5445088566827697 2.1533333333333333 -0.7861030595813204 -2.312
2 0.07617552334943639 0.7519466666666667 0.15235104669887278 0.4907733333333333
2 0.3882890499194847 2.1155733333333333 -0.49685185185185177 -2.2364800000000002
3 0.30791465378421895 1.5109333333333332 -0.4796618357487923 -1.6198400000000002
2 0.33567230273752013 1.2953333333333332 -0.4070933977455717 -1.3651733333333333
2 0.3346658615136876 1.2432933333333334 -0.3913607085346216 -1.33064
2 0.3250201288244766 1.1694666666666667 -0.36670692431561996 -1.2364799999999998
2 0.26638083735909823 0.9666533333333334 -0.2398792270531401 -0.8207733333333332
2 0.31267310789049924 1.1328133333333332 -0.34446054750402577 -1.17576
2 0.3035185185185185 1.07436 -0.3183735909822866 -1.0837066666666668
8 0.28933977455716586 1.0229066666666666 -0.2916103059581321 -1.0175466666666666
8 0.25691626409017715 0.8754 -0.22520128824476648 -0.7277600000000001
