0 0.4836478758169935 2.0566756756756757 -0.726168300653595 -2.118756756756757
0 0.39468954248366017 1.5770810810810811 -0.5523039215686274 -1.5639459459459462
0 0.4040236928104575 1.593310810810811 -0.5692728758169935 -1.6197027027027027
0 0.32389297385620913 1.181581081081081 -0.4163480392156863 -1.2688378378378378
0 0.17104575163398694 0.7835 -0.11642156862745098 -0.1641891891891892
0 0.26370098039215684 0.9894864864864866 -0.27645424836601307 -0.8013513513513514
0 0.27183823529411766 1.0245810810810811 -0.299313725490196 -0.8692702702702703
0 0.49056372549019606 1.9894189189189189 -0.7343464052287582 -2.1933783783783785
0 0.23944852941176475 0.9322837837837838 -0.2449101307189543 -0.6653243243243242
0 0.22747549019607843 0.882837837837838 -0.22552287581699343 -0.6233513513513514
0 0.22535539215686273 0.8752567567567568 -0.21994281045751637 -0.5988378378378378
0 0.3112785947712418 1.1227972972972973 -0.39275326797385623 -1.1933783783783787
3 0.0 0.8609594594594595 0.0 0.27267567567567563
8 0.28360702614379085 1.0315675675675677 -0.3327042483660131 -1.0723783783783787
8 0.19280228758169937 0.8287297297297298 -0.14444444444444443 -0.5162702702702703
8 0.3706699346405229 1.8631351351351353 -0.5398692810457517 -2.8791351351351353
