2 0.07674315619967793 0.9325066666666666 0.15348631239935587 0.12965333333333334
2 0.1703623188405797 0.9740266666666666 -0.046038647342995176 -0.36
2 0.3551610305958132 1.3385066666666665 -0.4349114331723028 -1.47328
2 0.2260265700483092 0.9878933333333334 -0.14583735909822867 -0.5972799999999999
2 0.24869565217391304 1.00616 -0.20162640901771336 -0.7435733333333334
2 0.2992592592592593 1.0657066666666666 -0.31304347826086965 -1.064213333333333
2 0.3185990338164252 1.0996666666666666 -0.35507246376811596 -1.1882933333333332
8 0.3366062801932367 1.1470933333333333 -0.3955152979066022 -1.3125333333333333
8 0.11121578099838969 0.5636266666666667 0.05370370370370369 0.09247999999999994
8 0.3498872785829308 1.20532 -0.41739130434782606 -1.3513333333333333
