2 0.20721417069243156 0.9701333333333333 -0.14619967793880836 -0.5845866666666667
2 0.4956521739130435 2.1533333333333333 -0.6568760064412238 -2.312
2 0.3689331723027375 1.71576 -0.47010466988727856 -1.7653866666666667
2 0.3415136876006441 1.4249466666666666 -0.4182608695652174 -1.4878666666666667
2 0.3289009661835749 1.2841333333333331 -0.39511272141706927 -1.38592
2 0.2366183574879227 0.97416 -0.20045088566827698 -0.7454399999999999
2 0.2492391304347826 0.9568133333333333 -0.23123188405797096 -0.7954933333333332
2 0.2596819645732689 0.9721333333333333 -0.2530354267310789 -0.8738133333333332
2 0.377085346215781 1.4123599999999998 -0.5192592592592592 -1.8325066666666667
8 0.28377214170692433 1.0995866666666665 -0.3133574879227053 -1.2257333333333333
