2 0.2058695652173913 0.8260266666666666 -0.11167471819645734 -0.40250666666666673
3 0.17859500805152978 0.7390266666666666 -0.07324476650563606 -0.2913866666666666
2 0.08431159420289855 0.58088 0.1686231884057971 0.5652266666666667
2 0.10148953301127214 0.4983866666666666 0.11792270531400967 0.20936000000000005
2 0.3979307568438003 1.4123999999999999 -0.5073429951690821 -1.7328
7 0.4347222222222223 1.48576 -0.5908293075684381 -1.9434666666666665
8 0.4241062801932367 1.4589066666666668 -0.5595813204508857 -1.8895466666666665
8 0.452157809983897 1.5386933333333332 -0.6266988727858294 -2.0593066666666666
8 0.46300322061191623 1.6285066666666665 -0.6548792270531401 -2.2418666666666662
8 0.49246779388083733 1.7267199999999998 -0.7150644122383253 -2.4407466666666666
8 0.14558776167471818 0.6140666666666666 0.02088566827697262 -0.060186666666666645
8 0.23191626409017715 0.8870533333333332 -0.16114331723027375 -0.60616
