2 0.0797866344605475 0.6410533333333334 0.159573268921095 0.71256
2 0.3674959742351046 1.4960133333333332 -0.4526892109500805 -1.5887733333333331
2 0.0837721417069243 0.9546133333333333 0.162085346215781 0.08544000000000006
2 0.18079710144927538 0.9780266666666666 -0.049500805152979055 -0.36634666666666665
2 0.2892914653784219 1.0510533333333332 -0.28276972624798713 -0.9692000000000001
2 0.3650040257648954 1.3666266666666667 -0.427512077294686 -1.4694133333333332
2 0.3580394524959742 1.3125866666666666 -0.42290660225442833 -1.427093333333333
2 0.3556441223832528 1.2783466666666665 -0.41549114331723025 -1.3979733333333333
2 0.3133856682769726 1.0889733333333333 -0.3331803542673108 -1.1175733333333333
8 0.3201972624798712 1.1147466666666666 -0.35020128824476643 -1.2219733333333334
8 0.3377777777777778 1.14968 -0.39004830917874395 -1.2970133333333334
