2 0.377987117552335 1.7627333333333333 -0.4434299516908213 -1.7136800000000003
2 0.07644927536231884 0.7731466666666666 0.15289855072463768 0.3390933333333333
2 0.0784219001610306 0.7997199999999999 0.1568438003220612 0.0816266666666667
2 0.11084943639291467 0.8547066666666666 0.0802012882447665 -0.18823999999999994
2 0.14026972624798711 0.8673866666666666 0.01833333333333332 -0.3194666666666667
2 0.1637962962962963 0.8859333333333334 -0.040314009661835744 -0.42861333333333324
2 0.3415177133655395 1.3384266666666667 -0.38815619967793885 -1.36816
2 0.21246779388083736 0.9663733333333333 -0.1283011272141707 -0.6845866666666667
2 0.33557971014492755 1.23028 -0.3792753623188406 -1.3029066666666667
2 0.21827697262479873 0.93748 -0.14816425120772947 -0.6724533333333332
2 0.22564412238325282 0.9351066666666666 -0.17355877616747178 -0.7017866666666666
2 0.32557971014492754 1.1563466666666666 -0.3716747181964573 -1.2415466666666664
8 0.27136876006441224 1.0241866666666666 -0.26974235104669886 -0.9736
8 0.29636876006441226 1.0539466666666666 -0.32130434782608697 -1.1003733333333332
8 0.3116022544283414 1.0746399999999998 -0.3502093397745572 -1.1883733333333333
8 0.32137278582930756 1.0979466666666666 -0.3634863123993559 -1.1831466666666668
