2 0.3014705882352941 1.1189627659574468 -0.319508460918614 -1.0660106382978722
3 0.015636583400483482 0.8890292553191489 0.031273166800966964 0.21662234042553188
2 0.16360596293311844 0.7827659574468084 -0.029016921837228035 -0.24531914893617024
2 0.21935132957292502 0.9647074468085106 -0.16408541498791293 -0.6267553191489361
2 0.2217566478646253 0.8705984042553192 -0.15150684931506847 -0.5768882978723405
2 0.26060435132957294 0.9743617021276596 -0.2297502014504432 -0.800691489361702
3 0.26668009669621273 0.9974601063829788 -0.274665592264303 -0.9031648936170213
2 0.28495568090249795 1.004375 -0.2843513295729251 -0.9477925531914894
2 0.18724818694601128 0.761502659574468 -0.08218372280419017 -0.3593882978723404
7 0.05185737308622079 0.711848404255319 0.10371474617244159 0.24449468085106385
