2 0.5311916264090177 2.1533333333333333 -0.7457004830917874 -2.312
2 0.12701288244766507 1.1264666666666667 0.04727858293075687 -0.2582666666666667
2 0.38524154589371984 1.8995333333333333 -0.45739130434782604 -1.8044000000000002
2 0.21807971014492755 1.0289066666666666 -0.15285829307568435 -0.6229866666666667
2 0.3589533011272142 1.5110933333333332 -0.41225442834138487 -1.486133333333333
2 0.26371980676328505 1.0240133333333332 -0.2431884057971014 -0.8360799999999999
2 0.34336151368760065 1.2626133333333334 -0.3939210950080515 -1.342933333333333
2 0.33344605475040257 1.17248 -0.3828502415458937 -1.27568
3 0.3256199677938808 1.154 -0.38602254428341387 -1.2682133333333332
8 0.28543478260869565 1.0280799999999999 -0.28223832528180354 -0.9399466666666667
8 0.2987157809983897 1.0591333333333333 -0.32129629629629625 -1.1003466666666666
