0 0.38712418300653595 1.7488378378378377 -0.5552614379084967 -1.503081081081081
0 0.37128676470588234 1.716472972972973 -0.5096813725490197 -1.4383513513513515
0 0.24223447712418303 1.1755810810810812 -0.25616830065359475 -0.533918918918919
0 0.19459558823529413 1.0721756756756757 -0.18691993464052284 -0.24327027027027026
0 0.41037990196078433 1.8166081081081082 -0.5704003267973856 -1.6386216216216216
0 0.27453839869281044 1.0317567567567567 -0.31231209150326794 -0.9112432432432435
0 0.2679248366013072 1.0056891891891893 -0.3172058823529412 -0.9400270270270271
0 0.28094771241830063 1.0240405405405406 -0.3277450980392157 -0.967054054054054
0 0.296421568627451 1.0781216216216216 -0.35568627450980395 -1.0802432432432434
1 0.21993464052287587 0.8701351351351352 -0.2116339869281046 -0.6894594594594595
8 0.15543709150326798 0.7583243243243245 -0.07814542483660132 -0.3592972972972973
8 0.31363970588235296 1.8592567567567568 -0.41956699346405224 -2.886891891891892
