1 0.40318627450980393 1.5806216216216216 -0.5743954248366013 -1.7354054054054056
0 0.3655555555555556 1.4462702702702703 -0.4722875816993464 -1.374918918918919
7 0.12104166666666667 0.9697702702702703 -0.008586601307189535 0.05505405405405407
1 0.27264705882352946 1.0387432432432433 -0.2781535947712418 -0.8877567567567569
0 0.43329248366013073 1.6111621621621623 -0.6374673202614379 -1.9370270270270273
0 0.34305147058823526 1.2257567567567567 -0.43440359477124185 -1.3417297297297297
0 0.34939542483660135 1.2289594594594597 -0.4391993464052288 -1.3642432432432432
0 0.35382352941176476 1.2443783783783784 -0.4556862745098039 -1.4164324324324327
0 0.35432598039215685 1.2536486486486489 -0.4596323529411765 -1.4223783783783783
0 0.35637254901960785 1.2806351351351353 -0.4704575163398693 -1.479
8 0.2964542483660131 1.0555405405405405 -0.328937908496732 -1.1398378378378378
8 0.46559232026143793 1.6680405405405407 -0.6765931372549021 -2.2511621621621623
