2 0.28998791297340853 1.086994680851064 -0.2959468170829976 -0.9887765957446809
2 0.20940370668815472 1.0063563829787234 -0.12838033843674454 -0.5250531914893617
2 0.1370910556003223 0.7607845744680851 0.026817082997582595 -0.1292287234042554
3 0.0652497985495568 0.5767287234042553 0.1304995970991136 0.1951595744680851
2 0.24133763094278807 0.954880319148936 -0.18507655116841254 -0.657845744680851
2 0.19796132151490733 0.8182978723404255 -0.09838839645447221 -0.4170744680851063
2 0.1621313456889605 0.6914095744680852 -0.0277921031426269 -0.20324468085106387
3 0.22639806607574534 0.8787632978723403 -0.19226430298146654 -0.6381117021276596
7 0.25087429492344887 0.9661968085106384 -0.25217566478646253 -0.8206914893617022
4 0.26368251410153104 0.9608909574468085 -0.27996776792908945 -0.8826861702127659
