1 0.39332107843137254 1.4987837837837839 -0.500171568627451 -1.596918918918919
1 0.2966952614379085 1.2037162162162163 -0.3032434640522876 -0.8934324324324324
0 0.3350571895424837 1.1766891891891893 -0.3679248366013072 -1.1544594594594597
0 0.11997140522875817 0.5029324324324324 0.050351307189542484 0.2723513513513514
0 0.1315359477124183 0.531445945945946 0.03326797385620917 0.19094594594594597
1 0.30810866013071897 1.1180540540540542 -0.31938725490196085 -1.0443243243243243
0 0.19374591503267974 0.7382432432432432 -0.0925408496732026 -0.21605405405405406
0 0.18819852941176474 0.7121216216216217 -0.07566176470588237 -0.1865675675675676
0 0.30590686274509804 1.093418918918919 -0.32202614379084965 -1.0014864864864867
0 0.31890114379084966 1.1272567567567569 -0.33755718954248365 -1.0351621621621623
8 0.3683292483660131 1.2480810810810812 -0.4289297385620915 -1.4008648648648652
8 0.37340277777777775 1.2764864864864867 -0.439093137254902 -1.4835675675675675
