2 0.08638486312399356 0.8435333333333332 0.17276972624798712 0.30760000000000004
2 0.3190338164251208 1.2100799999999998 -0.3338003220611916 -1.15872
2 0.39766505636070854 1.57492 -0.5233494363929146 -1.9438666666666666
2 0.31348631239935587 1.15848 -0.3272946859903382 -1.1091733333333331
2 0.24507246376811595 0.9142533333333334 -0.1855877616747182 -0.6469066666666666
2 0.3713244766505636 1.4357199999999999 -0.45583735909822864 -1.7171466666666668
2 0.38687600644122383 1.5049866666666667 -0.4891304347826087 -1.8272000000000002
2 0.3067954911433172 1.0777333333333332 -0.3222866344605475 -1.0672533333333334
2 0.37497584541062806 1.8234266666666665 -0.42658615136876 -1.7330400000000001
8 0.1690257648953301 0.6994666666666667 -0.022866344605475045 -0.24650666666666657
8 0.26433977455716584 0.9388133333333333 -0.22442834138486312 -0.7458933333333334
8 0.27879227053140093 0.9879733333333334 -0.2611433172302738 -0.9062933333333332
8 0.29168276972624796 1.0060799999999999 -0.29161030595813203 -0.9787733333333332
8 0.5468518518518519 1.98572 -0.8185346215780999 -2.641786666666667
