2 0.3024456083803384 1.1966090425531914 -0.32384367445608375 -1.0873670212765958
2 0.07381144238517325 0.8081515957446809 0.1476228847703465 0.3783776595744681
2 0.12966156325543915 0.7561170212765956 0.044383561643835605 -0.10691489361702125
2 0.2004955680902498 0.9717686170212766 -0.10748589846897662 -0.4912500000000001
2 0.25337228041901694 0.9732047872340426 -0.21154713940370665 -0.752686170212766
2 0.2695729250604351 0.9949335106382979 -0.2497824335213537 -0.8629521276595745
7 0.26070507655116837 1.0175664893617022 -0.2916760676873489 -0.9557180851063829
7 0.283638195004029 1.0186702127659575 -0.31871877518130537 -1.0246808510638297
2 0.13623690572119257 0.6892021276595744 0.02538275584206285 -0.11898936170212761
2 0.17877518130539888 0.7424468085106384 -0.062497985495568065 -0.30718085106382986
3 0.23438759065269943 0.8658377659574468 -0.19051571313456886 -0.6611968085106383
2 0.32914182111200646 1.1325930851063828 -0.3682433521353747 -1.2284308510638298
8 0.34819097502014507 1.1826462765957446 -0.4051490733279613 -1.337207446808511
