2 0.3589371980676328 1.4940266666666666 -0.4136070853462158 -1.6132266666666668
2 0.4209098228663446 2.1533333333333333 -0.5256038647342994 -2.312
2 0.06893317230273752 0.6548933333333333 0.13786634460547503 0.45906666666666673
2 0.07995571658615137 0.7515066666666667 0.15991143317230275 0.13698666666666667
2 0.09384057971014494 0.7934133333333332 0.10784219001610305 -0.13242666666666672
2 0.16059581320450886 0.85944 -0.013848631239935578 -0.3561066666666666
2 0.3515499194847021 1.4252933333333333 -0.38852657004830915 -1.497573333333333
2 0.18041062801932367 0.8558133333333333 -0.06457326892109502 -0.42986666666666656
2 0.2617471819645733 0.9450133333333333 -0.21463768115942028 -0.7447466666666666
8 0.2522262479871175 0.8844666666666666 -0.19395330112721415 -0.6682400000000001
