2 0.2852657004830918 1.00904 -0.2786151368760065 -0.9304533333333334
2 0.15873993558776167 0.6465866666666666 -0.030845410628019324 -0.17882666666666666
2 0.18026167471819646 0.6961999999999999 -0.06868760064412241 -0.2986933333333333
2 0.4851409017713366 1.78564 -0.6560305958132046 -2.3433333333333333
2 0.19769323671497585 0.7394533333333333 -0.10223027375201287 -0.3922933333333334
2 0.29281803542673107 1.0217066666666665 -0.295925925925926 -0.9915733333333331
2 0.300402576489533 1.1328133333333332 -0.31239935587761675 -1.035173333333333
2 0.12967391304347828 0.5791066666666667 0.03216586151368759 -0.024986666666666678
1 0.4289009661835749 1.5152266666666667 -0.5562399355877617 -1.7982933333333333
2 0.5241384863123993 1.8888266666666664 -0.7314492753623189 -2.556
8 0.254573268921095 0.878 -0.22363929146537842 -0.7536533333333333
8 0.2698067632850242 0.9387999999999999 -0.2525442834138486 -0.8752533333333332
