2 0.4209863123993559 2.1533333333333333 -0.5471256038647343 -2.312
2 0.08250805152979065 0.8533733333333333 0.1650161030595813 0.22626666666666673
2 0.254597423510467 0.9567866666666667 -0.20497584541062802 -0.7181066666666666
2 0.3322745571658615 1.20064 -0.38034621578099836 -1.2847466666666665
2 0.2636996779388084 0.9693333333333333 -0.22596618357487921 -0.78704
2 0.12154186795491144 0.5492666666666667 0.08599838969404187 0.15256000000000003
2 0.1405233494363929 0.6003866666666666 0.04470209339774556 0.03485333333333331
2 0.1547866344605475 0.65664 0.009750402576489544 -0.08618666666666656
2 0.1761070853462158 0.7145333333333332 -0.033647342995169076 -0.20549333333333342
8 0.2737157809983897 1.0177333333333334 -0.25880032206119163 -0.9502933333333333
8 0.2962399355877617 1.0418399999999999 -0.30924315619967796 -1.0637333333333332
8 0.3124154589371981 1.1239199999999998 -0.3396135265700483 -1.1977066666666667
8 0.392073268921095 1.3541066666666666 -0.522085346215781 -1.7524266666666666
