2 0.5303824476650564 2.1533333333333333 -0.6965942028985507 -2.312
2 0.42357487922705317 2.1533333333333333 -0.532608695652174 -2.312
2 0.3648067632850242 1.5868666666666666 -0.4497262479871175 -1.63736
2 0.2559983896940419 1.0422399999999998 -0.24454106280193239 -0.8131199999999998
5 0.3628743961352657 1.4009466666666666 -0.4335104669887278 -1.2990666666666666
2 0.17849838969404186 1.0580266666666667 -0.04316425120772948 -0.30751999999999996
2 0.08738325281803543 0.8551733333333333 0.17476650563607085 0.28432
2 0.3452536231884058 1.2870533333333332 -0.40052334943639284 -1.3787466666666666
2 0.3559500805152979 1.370453333333333 -0.4211433172302737 -1.45584
2 0.2906561996779388 1.0386666666666666 -0.2984299516908213 -0.9956266666666665
8 0.3018397745571659 1.1238 -0.3275442834138486 -1.2504266666666666
8 0.3315257648953301 1.1729733333333334 -0.3822302737520129 -1.2555999999999998
