2 0.3034541062801932 1.14448 -0.31317230273752017 -1.0697599999999998
2 0.16164653784219 0.9238133333333334 -0.01936392914653783 -0.3164266666666666
2 0.21202898550724641 0.9800799999999998 -0.13371980676328502 -0.6479466666666667
2 0.25373993558776164 1.006 -0.2248067632850242 -0.8820266666666666
2 0.45593397745571657 2.1533333333333333 -0.5949114331723028 -2.312
2 0.3521296296296296 1.3423333333333334 -0.4093639291465378 -1.4252533333333333
3 0.32508856682769727 1.1957466666666667 -0.3917391304347826 -1.29896
2 0.14582528180354268 0.7372 0.007898550724637682 -0.16416000000000008
2 0.3104589371980676 1.1261866666666667 -0.3354750402576489 -1.1201066666666666
2 0.10622785829307568 0.58248 0.08107085346215781 0.04933333333333333
8 0.09285426731078905 0.37473333333333336 0.10136070853462159 0.31501333333333337
