2 0.35792908944399676 1.4294946808510638 -0.4104109589041096 -1.4445744680851065
2 0.07272360999194198 0.6588962765957447 0.14544721998388396 0.3430053191489362
2 0.17035052377115228 1.0096010638297872 -0.035801772763900085 -0.3431914893617022
2 0.24767123287671233 1.0035505319148936 -0.20298146655922641 -0.7263031914893617
2 0.3358904109589041 1.2273271276595745 -0.37848509266720387 -1.2839627659574466
2 0.1823771152296535 0.8202792553191489 -0.06507655116841256 -0.34476063829787235
2 0.267433521353747 1.0086170212765957 -0.23878323932312653 -0.828563829787234
2 0.22773569701853344 0.8811968085106382 -0.1574858984689766 -0.5867553191489361
2 0.25012892828364225 0.917220744680851 -0.20267526188557614 -0.7068882978723403
2 0.2874174053182917 1.0107579787234042 -0.2781547139403706 -0.9353989361702126
3 0.2646454472199839 0.9464228723404255 -0.246003223207091 -0.8318882978723403
2 0.30962933118452857 1.0846276595744682 -0.3280096696212731 -1.086436170212766
2 0.3256768734891216 1.1261835106382978 -0.3578001611603545 -1.1859840425531913
2 0.32148670427074943 1.1069946808510638 -0.3492908944399678 -1.1593085106382979
3 0.060846091861402093 0.44288563829787236 0.12169218372280419 0.2759308510638298
