2 0.30435535858178886 1.0893617021276594 -0.3222643029814665 -1.0714893617021277
3 0.0 0.8253058510638298 0.0 0.34406914893617024
2 0.1416760676873489 0.776688829787234 0.008315874294923442 -0.17630319148936174
7 0.2154190169218372 0.9273271276595744 -0.08074939564867042 -0.36018617021276594
2 0.2189927477840451 0.9797606382978723 -0.13516518936341657 -0.5619148936170212
2 0.2052699435938759 0.8395478723404256 -0.10583400483481066 -0.46223404255319145
2 0.25683319903303786 0.9814095744680851 -0.21788879935535854 -0.7689361702127661
2 0.26992747784045124 0.9860372340425532 -0.2450282030620467 -0.8411702127659574
7 0.28433521353746977 1.0052526595744682 -0.2927961321514907 -0.95875
3 0.1871917808219178 0.7809175531914894 -0.09846091861402093 -0.40523936170212765
