2 0.43234299516908214 1.8782666666666668 -0.590499194847021 -2.20992
2 0.4892793880837359 2.03732 -0.6892995169082126 -2.5440266666666664
3 0.06346618357487922 0.4628 0.12693236714975845 0.3092266666666667
3 0.07040660225442835 0.5365866666666667 0.11933172302737521 0.12351999999999998
3 0.11279790660225443 0.5801333333333334 0.052922705314009666 0.004266666666666651
7 0.252451690821256 0.9805333333333333 -0.2489613526570048 -0.9068800000000001
8 0.1561352657004831 0.6166533333333333 -0.037713365539452495 -0.13266666666666665
8 0.20301127214170692 0.8728266666666666 -0.12832528180354266 -0.7380799999999998
8 0.3084782608695652 1.1898 -0.34552334943639296 -1.4082933333333334
8 0.3709782608695652 1.4149066666666668 -0.4814573268921095 -1.86368
8 0.3664975845410628 1.2444933333333332 -0.46510466988727855 -1.5117599999999998
