2 0.0865378421900161 0.9583999999999999 0.1730756843800322 0.07786666666666664
2 0.1673107890499195 1.1313199999999999 -0.022737520128824462 -0.3417333333333333
2 0.39787842190016104 1.9098666666666668 -0.5147745571658615 -1.876213333333333
2 0.2520169082125604 1.0456933333333334 -0.22644927536231885 -0.7825333333333334
2 0.2655032206119163 1.06148 -0.24007246376811592 -0.8898399999999999
2 0.3375281803542673 1.2373466666666666 -0.41355877616747183 -1.4894666666666665
2 0.3988607085346216 1.6362399999999997 -0.5123752012882449 -1.7684799999999998
2 0.4136392914653784 1.6468399999999999 -0.5620772946859902 -1.9879199999999997
2 0.36995169082125606 1.4690266666666667 -0.47729468599033814 -1.80344
2 0.5144524959742351 1.95188 -0.7655877616747183 -2.714906666666667
2 0.47327294685990334 1.7625466666666665 -0.6819404186795491 -2.45272
