0 0.22832125603864734 0.9561866666666666 -0.17094202898550728 -0.39978666666666657
0 0.06286634460547504 0.6969733333333333 0.12573268921095007 0.60072
0 0.0746376811594203 0.7148399999999999 0.10610305958132045 0.5649866666666666
0 0.42435587761674715 1.7407199999999998 -0.6189533011272141 -1.7677866666666668
0 0.45154186795491147 1.8434933333333332 -0.6647101449275362 -1.9932266666666667
0 0.18079307568438005 0.9651466666666665 -0.08970209339774557 -0.010186666666666648
8 0.06746779388083736 0.6590133333333333 0.13493558776167472 0.6713066666666667
8 0.25144927536231887 0.9181066666666665 -0.21739130434782608 -0.6268266666666666
8 0.2573107890499195 0.91424 -0.23848631239935592 -0.7381333333333333
8 0.27644927536231884 0.9698533333333332 -0.26739130434782604 -0.8597066666666666
8 0.3088687600644122 1.1057066666666666 -0.3431803542673108 -1.0538133333333333
8 0.31785426731078903 1.0953466666666667 -0.35488727858293073 -1.13656
