2 0.0663083735909823 0.6725333333333333 0.1326167471819646 0.40997333333333325
2 0.2088687600644122 0.8916533333333333 -0.1316988727858293 -0.6135466666666667
1 0.46241143317230277 1.7573199999999995 -0.6892834138486312 -2.2472266666666663
1 0.42828904991948463 1.5608666666666668 -0.6082206119162641 -1.9524
1 0.4183977455716586 1.48336 -0.5757809983896941 -1.8338133333333335
2 0.4073993558776168 1.4063866666666667 -0.5560386473429951 -1.8533066666666667
8 0.28738325281803545 1.0060666666666667 -0.3064573268921095 -1.0667466666666665
8 0.3096537842190016 1.0733599999999999 -0.340048309178744 -1.1392
8 0.36277777777777775 1.3657466666666664 -0.4775523349436393 -1.7757066666666665
8 0.5256723027375201 1.8328133333333334 -0.8064653784219002 -2.7408799999999998
8 0.4514492753623189 1.5572133333333333 -0.6564573268921096 -2.2207733333333333
