2 0.1066304347826087 0.7587466666666666 0.2132608695652174 0.47717333333333334
2 0.4431441223832528 2.1533333333333333 -0.5709742351046699 -2.312
2 0.4552938808373591 2.0189733333333333 -0.6361433172302737 -2.58072
2 0.2236674718196457 1.0020133333333332 -0.15464573268921095 -0.618
2 0.3561795491143317 1.4266533333333333 -0.4226811594202899 -1.4781066666666665
3 0.2361272141706924 1.00824 -0.2169404186795491 -0.74592
2 0.3427938808373591 1.32972 -0.4000805152979066 -1.4006666666666667
3 0.15196054750402577 0.84588 -0.06437198067632852 -0.5318666666666667
3 0.3107085346215781 1.1037866666666667 -0.35628019323671495 -1.17312
3 0.36250805152979065 1.4118933333333334 -0.48385668276972627 -1.7900266666666667
8 0.2948067632850242 1.0242 -0.3197423510466989 -1.0564
8 0.3276207729468599 1.1406399999999999 -0.4025523349436393 -1.3306666666666667
