2 0.09092995169082126 0.83116 0.1818599033816425 0.3323466666666666
2 0.3729428341384863 1.7528 -0.44754428341384866 -1.6784
2 0.18781400966183573 0.9834266666666666 -0.08338969404186797 -0.4358666666666666
2 0.25480273752012883 0.9859733333333334 -0.21609500805152979 -0.7554666666666665
1 0.295390499194847 1.03104 -0.30862318840579706 -0.9792000000000001
1 0.30057165861513685 1.0448 -0.3192431561996779 -1.01696
2 0.2760346215780999 0.9987733333333334 -0.25770531400966185 -0.8836799999999999
2 0.32639694041867956 1.1329066666666665 -0.36822061191626404 -1.2296533333333333
2 0.33599033816425117 1.2670666666666666 -0.39066022544283413 -1.32608
8 0.31824476650563605 1.0914666666666666 -0.35723027375201294 -1.1546666666666665
