2 0.4976552287581699 1.9260135135135137 -0.7800816993464053 -2.758783783783784
2 0.2721527777777778 1.0203108108108108 -0.26126633986928105 -0.9008378378378378
1 0.3528308823529412 1.2677432432432434 -0.44620098039215694 -1.4827837837837838
1 0.330093954248366 1.1870405405405406 -0.39084150326797384 -1.2937027027027026
1 0.21193627450980396 0.8092972972972974 -0.1377777777777778 -0.448
2 0.43808823529411767 1.592 -0.6353267973856209 -2.251945945945946
8 0.24723039215686277 0.9211216216216217 -0.21955882352941178 -0.7314864864864865
8 0.29879493464052287 1.059391891891892 -0.3289297385620915 -1.0752162162162162
8 0.41442401960784314 1.489716216216216 -0.567998366013072 -2.0030540540540542
8 0.31676470588235295 1.103337837837838 -0.36174836601307186 -1.2406216216216217
8 0.20582516339869283 0.7311756756756757 -0.1195588235294118 -0.3515945945945945
8 0.3726225490196079 1.286837837837838 -0.48284313725490197 -1.5662702702702702
