2 0.21880310457516342 1.0328378378378378 -0.14861928104575162 -0.6232432432432432
1 0.4731372549019608 1.7990135135135137 -0.726813725490196 -2.460081081081081
1 0.4425653594771242 1.641445945945946 -0.6554738562091503 -2.191054054054054
0 0.28937091503267975 1.0849054054054055 -0.3173692810457516 -0.9621891891891892
1 0.37433006535947716 1.3485135135135136 -0.4931372549019608 -1.641027027027027
0 0.22945261437908498 0.8862972972972973 -0.1998202614379085 -0.5292972972972975
1 0.4082148692810458 1.4470675675675675 -0.5669035947712419 -1.8329459459459463
0 0.1589297385620915 0.6282837837837838 -0.028447712418300648 -0.004621621621621567
0 0.1578717320261438 0.6273783783783784 -0.020743464052287594 0.004810810810810814
1 0.1854248366013072 0.812472972972973 -0.0947058823529412 -0.3375405405405406
0 0.185265522875817 0.7249864864864866 -0.08280228758169934 -0.20516216216216215
0 0.17183006535947712 0.7035810810810811 -0.06093137254901962 -0.11164864864864874
0 0.2135906862745098 0.8299594594594596 -0.16461601307189544 -0.42710810810810823
2 0.5128145424836602 1.8951486486486488 -0.7960702614379086 -2.8205135135135135
2 0.4752410130718955 1.7822297297297296 -0.6989787581699347 -2.5544054054054057
8 0.322234477124183 1.1162567567567567 -0.3742401960784314 -1.2819729729729727
