2 0.36484299516908214 1.435 -0.4423752012882448 -1.5555466666666664
2 0.3403703703703703 1.24188 -0.4026892109500805 -1.4466933333333332
0 0.2738123993558776 0.9743733333333333 -0.27213365539452494 -0.8338133333333333
1 0.39794685990338163 1.4512133333333335 -0.5178260869565218 -1.7462133333333334
2 0.40598228663446057 1.4652266666666667 -0.5432367149758455 -1.9105066666666664
2 0.46463768115942033 1.6864000000000001 -0.6592592592592592 -2.3533333333333335
3 0.5277173913043478 1.9054133333333332 -0.802085346215781 -2.80784
2 0.2186876006441224 0.8340799999999999 -0.14824476650563606 -0.5873066666666666
2 0.3114492753623188 1.078 -0.3401449275362318 -1.1439466666666667
2 0.29741545893719806 1.0364 -0.3121739130434783 -1.0594666666666666
8 0.10363929146537842 0.5131733333333333 0.09109500805152979 0.0843733333333333
8 0.25429549114331723 0.87164 -0.21984702093397746 -0.71064
8 0.32098228663446055 1.1263999999999998 -0.3611433172302737 -1.2608
