2 0.31976650563607084 1.2309866666666667 -0.3537037037037037 -1.1933333333333334
2 0.2807447665056361 1.0914 -0.291682769726248 -1.0034399999999999
2 0.32325281803542677 1.1929466666666666 -0.3774074074074074 -1.2583199999999999
2 0.5089613526570048 1.9187866666666664 -0.8001449275362319 -2.7810933333333336
2 0.4758574879227054 1.8503733333333332 -0.7296698872785831 -2.669973333333333
8 0.4580877616747182 1.6413066666666667 -0.6775442834138486 -2.3371733333333333
8 0.09519726247987118 0.48728000000000005 0.11229468599033816 0.17269333333333337
8 0.1401207729468599 0.7589733333333333 0.008389694041867967 -0.40690666666666675
8 0.24793478260869564 0.88964 -0.21504830917874398 -0.7769333333333334
8 0.3604307568438003 1.2648266666666665 -0.46348631239935584 -1.5738666666666665
