2 0.10409822866344605 0.8522933333333333 0.09674718196457328 0.00458666666666674
2 0.41031803542673106 2.1533333333333333 -0.5207004830917875 -2.312
2 0.17639694041867954 0.90152 -0.05416264090177134 -0.35039999999999993
2 0.3743880837359098 1.6503333333333332 -0.45967793880837365 -1.7089866666666662
2 0.26295088566827696 0.9779866666666667 -0.2386231884057971 -0.874
0 0.33870370370370373 1.18752 -0.40164251207729473 -1.2877866666666664
4 0.31201288244766506 1.1889866666666666 -0.378792270531401 -1.3534399999999998
8 0.22488727858293076 0.83532 -0.1564573268921095 -0.6113333333333333
8 0.3022302737520129 1.1005333333333334 -0.32363929146537845 -1.1676266666666666
8 0.3604347826086956 1.2454266666666667 -0.44161030595813205 -1.4263733333333333
8 0.3522302737520129 1.2324933333333332 -0.4252012882447665 -1.45224
