2 0.18754830917874396 1.1169066666666667 -0.07789855072463768 -0.4514666666666667
2 0.36727053140096616 1.9829999999999999 -0.46901771336553943 -1.9713333333333332
2 0.2417512077294686 1.0963466666666666 -0.18670692431561994 -0.7472000000000001
2 0.3408574879227053 1.2568933333333334 -0.3909259259259259 -1.3274933333333332
2 0.3595410628019323 1.5212666666666668 -0.4273268921095008 -1.5374666666666665
0 0.23912640901771337 0.9256133333333334 -0.1993961352657005 -0.49864
0 0.2463929146537842 0.9189333333333334 -0.2147181964573269 -0.5623466666666667
2 0.29749597423510465 1.0676133333333333 -0.3083091787439614 -1.0287199999999999
2 0.3345692431561996 1.1971333333333334 -0.38121578099838965 -1.2795466666666668
0 0.24842592592592594 0.9320666666666666 -0.21155394524959742 -0.5579466666666666
8 0.32410628019323673 1.1160533333333333 -0.3580193236714976 -1.2038933333333335
