2 0.302451690821256 1.1387733333333334 -0.3218760064412238 -1.0943466666666666
2 0.14854669887278582 0.9578133333333333 -0.004227053140096618 -0.3224533333333332
2 0.17483896940418678 0.9501866666666666 -0.06723027375201286 -0.49754666666666675
2 0.22449677938808374 0.9646399999999999 -0.16371175523349438 -0.71696
2 0.24419887278582933 0.9905333333333334 -0.2107487922705314 -0.8420266666666668
3 0.3373067632850242 2.1533333333333333 -0.5886553945249597 -2.312
2 0.37148148148148147 1.5623866666666666 -0.45074074074074066 -1.6614666666666664
2 0.3398429951690822 1.2378666666666667 -0.39334138486312403 -1.3407466666666668
3 0.3218599033816425 1.15928 -0.3864573268921095 -1.2761066666666665
2 0.3062399355877617 1.1071733333333333 -0.3357648953301127 -1.1205866666666664
3 0.04962157809983897 0.6387066666666666 0.09924315619967794 0.2629066666666667
2 0.10495974235104671 0.5510666666666667 0.07637681159420288 0.08080000000000002
2 0.16786634460547506 0.6980666666666666 -0.05504025764895329 -0.3006133333333333
8 0.2795692431561997 1.02548 -0.2877053140096618 -0.9917066666666666
