0 0.17142512077294686 0.7290133333333333 -0.05249597423510466 -0.02981333333333335
0 0.1211634460547504 0.5521333333333334 0.03150563607085348 0.20666666666666667
7 0.47357890499194844 1.8817466666666665 -0.6251932367149758 -2.086
0 0.24097020933977453 0.8984133333333333 -0.2146135265700483 -0.6036533333333333
8 0.18582528180354269 0.8262533333333334 -0.08770531400966182 -0.5104266666666667
8 0.14910225442834138 0.6024133333333334 -0.023647342995169084 -0.06280000000000002
8 0.25691626409017715 0.9142133333333334 -0.23927536231884058 -0.7174400000000001
8 0.2639452495974235 0.9439733333333333 -0.2533333333333333 -0.8545600000000001
8 0.27527375201288246 0.9866666666666666 -0.28848631239935585 -0.8933866666666666
8 0.3100402576489533 1.1199199999999998 -0.36739130434782613 -1.23232
8 0.30066425120772944 1.0526533333333332 -0.3298953301127214 -1.0926133333333334
8 0.42097826086956525 1.4692266666666667 -0.5767713365539452 -1.8222933333333333
8 0.35183574879227053 1.28812 -0.4384863123993558 -1.4496799999999999
8 0.41512077294685995 1.47572 -0.5338003220611917 -1.7110133333333333
