2 0.34423510466988727 1.4497333333333333 -0.41523349436392915 -1.4560533333333332
2 0.07389694041867954 0.7934666666666667 0.1477938808373591 0.0673066666666667
2 0.09188003220611916 0.8819466666666667 0.11134460547504026 -0.2368533333333333
2 0.1421296296296296 0.8866266666666667 0.014420289855072462 -0.3499466666666667
2 0.19029790660225443 0.9516 -0.11054750402576491 -0.6359466666666665
2 0.18912640901771335 0.90924 -0.09387278582930757 -0.5208799999999999
2 0.3431763285024155 1.3214933333333332 -0.3925523349436393 -1.3679466666666666
2 0.2054669887278583 0.9225333333333333 -0.14004830917874397 -0.6278400000000001
2 0.22189613526570046 0.9566666666666667 -0.15839774557165862 -0.72336
2 0.3296417069243156 1.1804666666666666 -0.3681723027375201 -1.2395466666666668
2 0.3372624798711755 1.2582933333333333 -0.3854911433172303 -1.30864
7 0.0888244766505636 0.7095466666666665 0.1776489533011272 0.5755733333333333
8 0.2698107890499195 1.0177333333333334 -0.2603623188405797 -0.9296
8 0.2940257648953301 1.0384266666666666 -0.30879227053140107 -1.0641066666666665
8 0.30848228663446053 1.0746533333333332 -0.33926731078905 -1.1573066666666667
8 0.32254428341384866 1.1108933333333333 -0.3548953301127214 -1.1728266666666667
