2 0.4710789049919485 2.1533333333333333 -0.6221739130434782 -2.312
2 0.08896135265700483 0.8011066666666667 0.17792270531400967 0.39245333333333327
2 0.3487399355877617 1.67484 -0.4338405797101449 -1.6186933333333333
2 0.12678743961352656 0.9108133333333334 0.06315619967793881 -0.08621333333333343
2 0.32003220611916267 1.23588 -0.3433816425120773 -1.1928266666666667
2 0.23757648953301128 0.9243333333333333 -0.1681803542673108 -0.6106933333333333
2 0.30896940418679547 1.1278 -0.32210950080515294 -1.0834400000000002
2 0.25662238325281805 0.9283466666666667 -0.2171256038647343 -0.7435200000000001
2 0.3008574879227053 1.0713599999999999 -0.3110225442834138 -1.042933333333333
1 0.07467391304347827 0.81244 0.14934782608695654 0.3697866666666666
8 0.27723027375201287 1.0073866666666667 -0.2673913043478261 -0.9709866666666667
8 0.2698067632850242 0.9362133333333332 -0.2447342995169082 -0.8286933333333333
