2 0.2745088566827697 1.0023733333333333 -0.2574396135265701 -0.8687466666666666
2 0.13204106280193237 0.5871999999999999 0.01868760064412239 -0.04336000000000005
2 0.16051127214170693 0.6487733333333333 -0.03702898550724636 -0.21205333333333334
2 0.5196859903381643 1.9406266666666667 -0.7221095008051531 -2.604293333333333
2 0.18344202898550724 0.7066533333333334 -0.07780193236714973 -0.32647999999999994
2 0.29003220611916264 1.0199466666666668 -0.2915619967793881 -0.9804800000000001
2 0.3017552334943639 1.13376 -0.3181642512077295 -1.05424
2 0.0917109500805153 0.49728000000000006 0.10817230273752014 0.17525333333333332
1 0.44305958132045087 1.5755866666666667 -0.5827536231884057 -1.88536
2 0.566376811594203 1.97068 -0.8124476650563608 -2.6773066666666665
8 0.254182769726248 0.8754133333333333 -0.22442028985507248 -0.74848
