2 0.41606280193236717 2.1533333333333333 -0.5356199677938809 -2.312
2 0.20144927536231885 1.0806133333333334 -0.10491143317230274 -0.5471999999999999
2 0.367584541062802 1.5937999999999999 -0.4300161030595814 -1.56968
2 0.24261674718196455 1.0360133333333332 -0.1975684380032206 -0.7333066666666667
2 0.351268115942029 1.3989733333333334 -0.403695652173913 -1.4176266666666664
2 0.27454106280193236 1.03516 -0.261658615136876 -0.8870133333333333
2 0.3423510466988728 1.2423733333333333 -0.39239935587761676 -1.3309866666666665
2 0.33405797101449275 1.1694933333333335 -0.3829790660225443 -1.27536
3 0.32721819645732686 1.1547466666666666 -0.3840338164251208 -1.2618666666666667
8 0.29129227053140094 1.03972 -0.290829307568438 -0.9684
8 0.3030112721417069 1.0656 -0.32363929146537845 -1.11328
