2 0.07999194847020934 0.8292666666666667 0.15998389694041867 0.33613333333333334
2 0.43434782608695655 2.1533333333333333 -0.5677616747181964 -2.312
2 0.1676368760064412 1.0035733333333334 -0.06860708534621579 -0.3979199999999999
2 0.2536634460547504 1.0757333333333334 -0.22743961352657005 -0.8402133333333334
2 0.38080515297906603 1.6267599999999998 -0.4784702093397745 -1.7080266666666666
2 0.37545088566827695 1.44996 -0.4619806763285025 -1.5601333333333331
2 0.3253180354267311 1.2307466666666667 -0.3651932367149759 -1.2930666666666666
3 0.4536795491143317 1.6778933333333335 -0.6635426731078905 -2.288
3 0.42807165861513685 1.5707066666666665 -0.6123268921095008 -2.1040266666666665
4 0.38142109500805155 1.3772266666666668 -0.5363043478260869 -1.7921066666666665
8 0.34774557165861514 1.3160133333333333 -0.4334782608695652 -1.5821599999999998
