0 0.3435825163398693 1.5951216216216215 -0.46146241830065365 -1.1956486486486486
0 0.2976674836601307 1.4530675675675677 -0.39631535947712415 -0.9115405405405406
0 0.2632066993464052 1.2320135135135137 -0.27629901960784314 -0.6344054054054055
0 0.2900980392156863 1.1117702702702703 -0.3434803921568627 -0.9930540540540543
0 0.270375816993464 1.023337837837838 -0.32249999999999995 -0.9196486486486487
0 0.28719771241830067 1.0630945945945947 -0.34165032679738566 -1.0028918918918919
0 0.30654003267973856 1.1256351351351352 -0.3746977124183007 -1.1305135135135134
1 0.26151960784313727 0.969472972972973 -0.2893954248366013 -0.9357027027027025
8 0.15543709150326798 0.7789864864864866 -0.07502450980392156 -0.3954864864864865
8 0.22379493464052289 0.8371351351351352 -0.20861928104575167 -0.666864864864865
8 0.242937091503268 0.9133783783783784 -0.25002450980392155 -0.8090270270270271
8 0.359734477124183 1.8631486486486488 -0.5258088235294118 -2.8791081081081082
