2 0.24393317230273753 1.0322933333333333 -0.2005233494363929 -0.7135999999999999
2 0.36059581320450884 1.4618799999999998 -0.43769726247987106 -1.5210933333333332
2 0.34594202898550724 1.34528 -0.4039452495974235 -1.3914133333333332
4 0.2524355877616747 1.0316133333333333 -0.2722624798711755 -0.8884533333333335
2 0.33302334943639295 1.204 -0.38100644122383254 -1.2771200000000003
3 0.31831320450885664 1.1236666666666666 -0.3642592592592592 -1.2074399999999998
2 0.3868357487922705 1.90964 -0.48436392914653786 -1.9028000000000005
8 0.2959822866344605 1.0203066666666667 -0.31270531400966184 -1.0330933333333334
8 0.3018397745571659 1.0280666666666665 -0.3275442834138486 -1.0899999999999999
8 0.31394927536231887 1.0759333333333334 -0.34707729468599036 -1.1495199999999999
