3 0.07376811594202899 0.41115999999999997 0.14753623188405798 0.6670666666666666
2 0.4078663446054751 1.6055199999999998 -0.5352173913043479 -1.8818666666666664
2 0.4477657004830918 1.7651599999999998 -0.6073993558776168 -2.2230666666666665
3 0.07219404186795492 0.5282933333333334 0.14438808373590983 0.20469333333333337
2 0.07556360708534621 0.4473733333333333 0.15112721417069241 0.44082666666666664
3 0.10174718196457327 0.61632 0.059887278582930754 -0.043466666666666695
3 0.1250161030595813 0.6554933333333334 0.017375201288244775 -0.15039999999999992
7 0.27091384863123996 1.0264933333333333 -0.2786231884057971 -0.9962933333333334
8 0.17527777777777778 0.71628 -0.06348631239935587 -0.32152
8 0.21433977455716585 0.9129333333333334 -0.141610305958132 -0.7975999999999999
8 0.3306400966183575 1.1969466666666666 -0.38153784219001613 -1.4054666666666664
8 0.36393719806763286 1.2420666666666667 -0.4496940418679549 -1.5097866666666668
8 0.3826972624798712 1.3320933333333334 -0.4908373590982287 -1.6929333333333334
