2 0.3007977437550362 1.0999867021276595 -0.3216760676873489 -1.0716223404255318
2 0.08474617244157936 0.8203856382978724 0.16949234488315873 0.3539095744680851
2 0.0754351329572925 0.6671409574468085 0.150870265914585 0.17630319148936174
2 0.16126913779210314 0.9100265957446807 -0.026164383561643835 -0.30797872340425536
3 0.18091458501208701 0.8187234042553191 -0.0880983078162772 -0.39361702127659565
7 0.22452457695406927 0.971688829787234 -0.2022481869460113 -0.6729521276595745
3 0.2373609991941982 0.9903723404255319 -0.23156325543916195 -0.7781914893617019
2 0.2176027397260274 0.846063829787234 -0.13870265914585014 -0.5237765957446807
2 0.26856970185334406 0.9861702127659574 -0.25962127316680095 -0.8766489361702128
2 0.28000402900886384 0.9895212765957446 -0.27177276390008054 -0.9156914893617023
3 0.2801692183722804 0.9997872340425531 -0.2953908138597905 -0.9673404255319148
2 0.14169218372280418 0.692061170212766 0.010846091861402079 -0.13976063829787236
