0 0.1993790849673203 0.7367297297297298 -0.1381699346405229 -0.3892432432432433
0 0.24457516339869284 0.861472972972973 -0.2209967320261438 -0.6713243243243243
0 0.19746323529411763 0.7108108108108109 -0.1393872549019608 -0.4
2 0.46642565359477123 1.7544594594594596 -0.6372630718954249 -2.270594594594595
2 0.49730800653594776 1.871 -0.6953022875816993 -2.5023783783783786
2 0.5233496732026144 1.963864864864865 -0.7468137254901962 -2.6830810810810815
0 0.20736928104575164 0.7497837837837837 -0.1623529411764706 -0.47621621621621624
0 0.2085498366013072 0.8410810810810811 -0.144812091503268 -0.3461081081081082
0 0.24487745098039218 0.9786216216216218 -0.23088235294117646 -0.6123243243243244
1 0.30167075163398693 1.1636891891891892 -0.3427042483660131 -1.0343513513513511
2 0.3158986928104575 1.131918918918919 -0.35125816993464054 -1.1832972972972975
0 0.18468137254901962 0.6877432432432433 -0.11473856209150325 -0.30883783783783786
0 0.1529330065359477 0.5796486486486486 -0.05544117647058825 -0.09362162162162159
0 0.46551470588235294 1.6061216216216216 -0.649264705882353 -2.0822432432432434
8 0.13941993464052288 0.5592972972972973 -0.011748366013071892 -0.03886486486486485
8 0.2913031045751634 0.9909189189189191 -0.3038643790849673 -1.0185405405405406
8 0.27830065359477124 0.9555 -0.2699019607843137 -0.873054054054054
