2 0.31204508856682767 1.2266933333333332 -0.32083735909822864 -1.0973866666666665
2 0.1346376811594203 0.6985466666666666 0.02247987117552336 -0.11234666666666665
1 0.43801529790660226 1.7904133333333332 -0.6031964573268922 -2.118
3 0.33808776167471816 1.35016 -0.430780998389694 -1.4369066666666668
0 0.2389694041867955 0.9613333333333333 -0.21267310789049917 -0.5139733333333334
3 0.1922987117552335 0.7918533333333333 -0.1078341384863124 -0.4357599999999999
2 0.23010869565217387 0.9864666666666667 -0.1791062801932367 -0.7485066666666664
2 0.2500201288244766 1.0124399999999998 -0.207109500805153 -0.85464
2 0.2662479871175523 1.0201866666666668 -0.24392914653784223 -0.9167466666666667
2 0.2794243156199678 1.0253466666666666 -0.27374396135265694 -0.9937866666666668
2 0.34234702093397745 1.2441333333333333 -0.395305958132045 -1.3500800000000002
2 0.3066223832528181 1.12568 -0.32084541062801936 -1.0722666666666665
2 0.19992351046698872 0.7797333333333333 -0.11620772946859907 -0.4742933333333333
8 0.29519726247987116 1.0448933333333335 -0.3236473429951691 -1.1133066666666667
8 0.3295692431561997 1.1419199999999998 -0.38458132045088567 -1.2970133333333334
8 0.316682769726248 1.1018266666666667 -0.3697423510466988 -1.25304
