0 0.20732286634460548 0.8380533333333332 -0.14298711755233498 -0.3112533333333333
1 0.5217512077294687 2.04736 -0.7820048309178745 -2.523946666666667
2 0.07438808373590983 0.59116 0.14877616747181965 0.5160266666666666
2 0.25568840579710145 1.0902933333333333 -0.22690016103059585 -0.9887999999999998
3 0.3711916264090177 1.42068 -0.48133655394524955 -1.74664
4 0.49919082125603864 1.923093333333333 -0.7952093397745571 -2.7724800000000003
2 0.35387278582930753 1.2336533333333333 -0.42737520128824474 -1.4286933333333334
2 0.23909017713365538 0.89144 -0.1904669887278583 -0.6613866666666667
2 0.29816425120772944 1.0492 -0.310756843800322 -1.0525866666666663
2 0.2803059581320451 0.9971333333333333 -0.27504025764895335 -0.9463199999999999
8 0.3077012882447665 1.1522799999999997 -0.33458132045088573 -1.3177333333333332
