2 0.05768921095008052 0.6275866666666666 0.11537842190016104 0.7394933333333333
2 0.0728220611916264 0.7936000000000001 0.1456441223832528 0.2474666666666667
2 0.06854669887278583 0.8492666666666667 0.13709339774557167 -0.09709333333333339
2 0.1738244766505636 0.9102266666666667 -0.06780998389694042 -0.5407200000000001
2 0.2056400966183575 0.9444666666666666 -0.14305152979066024 -0.6675466666666666
2 0.3468317230273752 1.3368933333333335 -0.3965619967793881 -1.36936
2 0.38880837359098225 1.9551333333333332 -0.47064412238325276 -1.9155999999999997
2 0.3339452495974235 1.2280133333333332 -0.3829790660225443 -1.2873866666666667
2 0.23470209339774556 0.9748399999999999 -0.18206119162640902 -0.7868533333333334
8 0.2748872785829307 1.05008 -0.2736392914653784 -1.06672
8 0.31668276972624804 1.1471066666666665 -0.3556682769726249 -1.2245599999999999
8 0.3116062801932367 1.05524 -0.3423913043478261 -1.1391733333333331
