2 0.2974919484702094 1.4250533333333333 -0.2961272141706924 -1.0054133333333333
2 0.07306360708534622 0.9227866666666665 0.14612721417069244 0.14909333333333338
4 0.3017793880837359 2.1533333333333333 -0.6035587761674718 -2.312
3 0.15115539452495974 1.0586133333333334 -0.09603059581320451 -0.49877333333333335
2 0.23952495974235105 1.0141066666666667 -0.18988727858293078 -0.7249066666666667
3 0.254597423510467 1.0052266666666667 -0.24090177133655394 -0.82464
2 0.350829307568438 1.29796 -0.41603864734299517 -1.4331466666666668
3 0.3359742351046699 1.2385199999999998 -0.4076972624798712 -1.38088
8 0.31433977455716583 1.0707733333333334 -0.38380032206119163 -1.2996266666666667
8 0.3260587761674718 1.1626266666666667 -0.4119243156199678 -1.46264
