3 0.08651771336553946 0.5420133333333333 0.09625603864734299 0.12056000000000001
7 0.14138083735909823 0.59612 0.0007648953301127123 -0.05293333333333332
2 0.19121578099838968 0.7605466666666666 -0.08752012882447664 -0.3899466666666666
3 0.18321658615136877 0.7269333333333333 -0.08851046698872785 -0.37397333333333344
7 0.2060990338164251 0.7440266666666666 -0.12688405797101449 -0.4333333333333333
2 0.25202495974235106 0.8938533333333333 -0.21847826086956523 -0.7493599999999999
2 0.2381884057971015 0.8556666666666667 -0.1872463768115942 -0.6641333333333332
8 0.33543478260869564 1.1704 -0.39161030595813207 -1.32288
8 0.266292270531401 0.92328 -0.2455152979066022 -0.8286933333333333
8 0.2776207729468599 0.9504399999999998 -0.2681723027375201 -0.8985333333333333
8 0.35066827697262476 1.2557733333333334 -0.42051529790660225 -1.5350666666666666
8 0.31433977455716583 1.0746533333333332 -0.3431723027375201 -1.1728266666666665
8 0.30027777777777775 1.0125466666666667 -0.31348631239935587 -1.04344
