2 0.07876811594202898 0.7839733333333333 0.15753623188405796 0.42672
2 0.46168276972624805 2.1533333333333333 -0.6099516908212561 -2.312
2 0.12829307568438003 0.8606533333333333 0.040273752012882434 -0.14029333333333335
2 0.3853381642512077 1.8864133333333333 -0.47959742351046697 -1.90456
2 0.2600684380032206 0.9729333333333333 -0.2360950080515298 -0.8599466666666666
0 0.3385789049919485 1.1851066666666668 -0.4069645732689211 -1.2862133333333334
2 0.2945893719806763 1.0825333333333333 -0.3117230273752013 -1.1377599999999999
2 0.21260064412238325 0.8275733333333334 -0.13777777777777778 -0.5768
2 0.336195652173913 1.2247466666666667 -0.39493558776167464 -1.4270933333333335
4 0.29497584541062805 1.1387466666666666 -0.3486795491143317 -1.2572266666666665
