2 0.43251207729468594 2.1533333333333333 -0.5609983896940418 -2.312
2 0.07287842190016103 1.0152533333333333 0.14575684380032206 -0.03583999999999999
2 0.20400161030595815 1.0238800000000001 -0.11120772946859904 -0.5041333333333333
2 0.37895330112721415 1.6273066666666667 -0.46979066022544286 -1.7397866666666668
2 0.24566425120772947 1.0316933333333334 -0.2161111111111111 -0.7666933333333333
2 0.28324074074074074 1.0944666666666667 -0.28512882447665056 -1.0015733333333334
2 0.3650483091787439 1.39432 -0.44882447665056363 -1.5166933333333332
2 0.33107487922705314 1.22056 -0.3821980676328502 -1.3427200000000001
4 0.3792753623188405 1.36912 -0.5333977455716586 -1.7885333333333333
8 0.3506642512077295 1.3088133333333334 -0.44395330112721415 -1.6308
8 0.41551127214170697 1.5378133333333333 -0.5892673107890499 -2.0991466666666665
