2 0.2879049153908138 1.0039760638297872 -0.2808219178082192 -0.9390159574468083
2 0.30669218372280416 1.2401196808510637 -0.32363416599516515 -1.1241223404255318
2 0.09063255439161967 0.8054920212765958 0.13565672844480256 0.1073138297872341
3 0.0669016921837228 0.619308510638298 0.1338033843674456 0.1865425531914894
2 0.1777518130539887 0.8422872340425533 -0.04939564867042708 -0.2973404255319149
2 0.2679210314262691 1.0122606382978723 -0.24364222401289282 -0.8126595744680849
2 0.2072280419016922 0.8462367021276596 -0.11674456083803386 -0.46412234042553185
2 0.16609991941982272 0.7277393617021276 -0.0342788074133763 -0.23085106382978718
2 0.23331587429492345 0.8669148936170212 -0.17091861402095085 -0.5979787234042553
3 0.18342465753424655 0.7529920212765957 -0.0909750201450443 -0.3594946808510638
2 0.24092667203867849 0.8708909574468084 -0.1869137792103143 -0.640345744680851
3 0.24593070104754228 0.8894015957446807 -0.21883964544722 -0.7083244680851063
7 0.25972199838839644 0.9533643617021277 -0.25717163577759866 -0.8333244680851063
