2 0.08773752012882448 0.6753466666666667 0.17547504025764896 0.6439733333333333
2 0.3492995169082126 1.4312133333333334 -0.412463768115942 -1.45416
2 0.12024154589371981 0.7442 0.05570048309178745 -0.14167999999999997
2 0.3945169082125604 1.9676933333333333 -0.4892270531400965 -1.9407199999999998
2 0.34201690821256037 1.3082133333333335 -0.4019404186795491 -1.3659733333333333
2 0.2403099838969404 0.9773599999999999 -0.1865942028985507 -0.6868266666666668
2 0.2539533011272142 0.9890399999999999 -0.2278582930756844 -0.78256
2 0.33376409017713365 1.22536 -0.3842109500805153 -1.2968533333333332
2 0.4600684380032206 2.1533333333333333 -0.5982045088566827 -2.312
2 0.269621578099839 1.0083333333333333 -0.2518357487922705 -0.8514399999999999
3 0.3159581320450886 1.1778266666666666 -0.39141706924315617 -1.28792
2 0.28797906602254425 1.00468 -0.2843800322061191 -0.9638133333333335
8 0.3030112721417069 1.05912 -0.31895330112721415 -1.1055466666666667
