0 0.3327777777777778 1.205891891891892 -0.4275326797385622 -1.316
0 0.1713807189542484 0.7815540540540541 -0.11728758169934642 -0.1587837837837838
0 0.3474305555555556 1.445148648648649 -0.46723039215686285 -1.2675405405405409
0 0.34404411764705883 1.3991351351351353 -0.46771241830065363 -1.3207027027027027
0 0.3214338235294118 1.3502702702702705 -0.411233660130719 -1.083837837837838
0 0.3162785947712418 1.3446621621621622 -0.399109477124183 -1.0334324324324327
0 0.27781862745098035 1.0687972972972974 -0.32369281045751636 -0.947918918918919
0 0.2879289215686275 1.103472972972973 -0.3515604575163399 -1.0213783783783783
0 0.2751838235294118 1.0454324324324324 -0.31804738562091506 -0.9332972972972975
0 0.2627328431372549 1.0026891891891894 -0.28958333333333336 -0.8152162162162161
0 0.2281372549019608 0.8936891891891893 -0.22547385620915034 -0.6138648648648649
0 0.2441339869281046 0.9253918918918919 -0.24861111111111117 -0.6986216216216217
0 0.24976715686274514 0.9599324324324325 -0.27309640522875817 -0.7675945945945946
3 0.0 0.8604324324324325 0.0 0.2737297297297297
8 0.3632475490196079 1.8579999999999999 -0.5297140522875816 -2.8791891891891894
8 0.196062091503268 0.7815810810810812 -0.13439542483660133 -0.46267567567567564
