2 0.28313607085346215 1.0095066666666666 -0.2730837359098229 -0.9137866666666665
2 0.1513808373590982 0.63068 -0.016851851851851833 -0.14098666666666668
2 0.1752093397745572 0.6846133333333334 -0.05847020933977454 -0.26981333333333335
2 0.49528985507246376 1.8311199999999999 -0.6744766505636072 -2.41664
2 0.1938486312399356 0.73164 -0.0943961352657005 -0.37160000000000004
2 0.29212962962962963 1.0217333333333334 -0.2950483091787439 -0.9896
2 0.30136876006441227 1.1345866666666666 -0.3138808373590983 -1.0400533333333333
2 0.11876811594202898 0.5553066666666667 0.05410628019323673 0.033599999999999984
1 0.43353059581320447 1.5345733333333333 -0.5645974235104669 -1.8255199999999998
2 0.53658615136876 1.9411333333333332 -0.7554911433172302 -2.6474933333333333
8 0.2561352657004831 0.8766933333333333 -0.22676328502415458 -0.7510399999999999
8 0.27214975845410627 0.92456 -0.2541062801932367 -0.8467733333333334
