2 0.08556763285024155 0.6976933333333333 0.1711352657004831 0.5992799999999999
2 0.08069243156199678 0.5808 0.16138486312399355 0.4430933333333333
2 0.12219806763285025 0.70832 0.06119162640901772 -0.05642666666666665
2 0.33382447665056364 1.1904266666666665 -0.382463768115942 -1.2785066666666667
2 0.3154710144927536 1.1315733333333333 -0.35422705314009656 -1.1941333333333333
2 0.3386594202898551 1.1927599999999998 -0.3998148148148148 -1.3306933333333333
2 0.432830112721417 1.5959333333333334 -0.6118760064412238 -2.1864266666666663
2 0.4194766505636071 1.5343733333333331 -0.586183574879227 -2.073706666666667
8 0.47240740740740744 1.9169866666666666 -0.707842190016103 -2.7795199999999998
8 0.35292673107890504 1.1983066666666666 -0.4311996779388083 -1.4398133333333334
8 0.1940257648953301 0.7175733333333334 -0.0931723027375201 -0.3344533333333334
8 0.20964975845410627 0.7602666666666668 -0.12129629629629628 -0.45605333333333337
8 0.22293075684380032 0.7977733333333332 -0.15254428341384862 -0.56216
8 0.24051127214170695 0.86248 -0.1892673107890499 -0.6863466666666667
8 0.2909017713365539 1.0164266666666666 -0.29785829307568434 -1.0305066666666667
