2 0.37525362318840577 1.6782933333333334 -0.46609500805152976 -1.730293333333333
2 0.25548711755233494 1.0549466666666667 -0.24303542673107892 -0.8114399999999998
5 0.3751449275362319 1.4614266666666664 -0.4497423510466989 -1.3344266666666666
2 0.16018518518518518 1.0784799999999999 -0.002882447665056371 -0.21162666666666669
2 0.0892391304347826 0.76092 0.1784782608695652 0.4728266666666667
2 0.3513365539452496 1.3185733333333332 -0.4064412238325281 -1.40424
2 0.36259259259259263 1.4174266666666666 -0.431610305958132 -1.5050933333333332
2 0.2928301127214171 1.0492933333333334 -0.30414653784219003 -1.01736
2 0.3476690821256039 1.2715333333333332 -0.40669082125603867 -1.3721866666666667
2 0.3436151368760064 1.23396 -0.3985668276972625 -1.3419999999999999
2 0.33948470209339776 1.20792 -0.39190016103059583 -1.3153066666666666
8 0.31043478260869567 1.1005200000000002 -0.34161030595813213 -1.1986933333333334
8 0.3272302737520129 1.1471066666666667 -0.3720772946859903 -1.2762933333333333
