1 0.5067279411764706 1.9807567567567566 -0.7839624183006536 -2.632378378378378
0 0.459640522875817 1.6406216216216216 -0.6774019607843137 -2.128810810810811
0 0.04622549019607843 0.8140405405405405 0.09245098039215686 0.3665135135135136
0 0.0386233660130719 0.7017702702702703 0.0772467320261438 0.5910540540540541
0 0.35830473856209155 1.3631216216216218 -0.45629901960784314 -1.3629459459459459
1 0.41246732026143795 1.5913918918918921 -0.5747058823529413 -1.9251081081081085
1 0.5235825163398693 1.9582972972972972 -0.8147140522875818 -2.6942162162162164
0 0.4814338235294118 1.8113378378378377 -0.730923202614379 -2.217054054054054
0 0.4865808823529411 1.8623648648648647 -0.7618055555555555 -2.2556486486486484
0 0.49178104575163395 1.8218378378378377 -0.7366666666666667 -2.2203783783783786
3 0.30694444444444446 1.0702702702702704 -0.35169934640522876 -1.156756756756757
8 0.29528186274509804 1.0141891891891892 -0.32033496732026145 -1.0674594594594595
