2 0.31093800322061194 1.1402133333333333 -0.33570853462157807 -1.1180266666666667
2 0.07882447665056361 0.48464 0.15764895330112721 0.55264
2 0.0951731078904992 0.6772933333333333 0.10632045088566826 0.04749333333333326
2 0.3811513687600644 1.6350799999999999 -0.4870209339774558 -1.8270133333333336
2 0.3691183574879227 1.5380666666666665 -0.45880032206119165 -1.7494666666666665
2 0.3522302737520129 1.4194399999999998 -0.4170048309178744 -1.5772266666666668
2 0.3431642512077295 1.3583733333333332 -0.41004830917874396 -1.5125866666666667
2 0.34345813204508857 1.3328666666666666 -0.404645732689211 -1.500133333333333
2 0.3383091787439613 1.29836 -0.3973268921095008 -1.4516533333333337
2 0.28706924315619964 0.9969333333333332 -0.28383252818035426 -0.9530666666666666
2 0.32934380032206123 1.18448 -0.37628824476650563 -1.3315733333333333
3 0.32476650563607085 1.1629466666666666 -0.37283413848631236 -1.30168
2 0.271268115942029 0.9513866666666666 -0.2560466988727858 -0.8655466666666665
8 0.26160628019323673 0.9026000000000001 -0.2392673107890499 -0.7924533333333333
