2 0.4231280193236715 2.1533333333333333 -0.5327616747181965 -2.312
1 0.06870772946859903 0.7140933333333332 0.13741545893719806 0.56648
2 0.08535426731078906 0.8721466666666666 0.17070853462157812 0.2503733333333333
2 0.33965780998389694 1.54184 -0.4134057971014493 -1.50544
2 0.15153381642512076 0.9010666666666666 0.00902576489533012 -0.19557333333333327
2 0.3151046698872786 1.2029333333333334 -0.33376811594202893 -1.1515199999999999
2 0.2376368760064412 0.9147466666666666 -0.1696376811594203 -0.6094933333333333
2 0.30535024154589374 1.1106266666666667 -0.31256843800322065 -1.0509066666666667
1 0.1415539452495974 0.9534133333333332 0.007648953301127214 0.08783999999999999
8 0.27488727858293077 0.95176 -0.2564573268921095 -0.8597333333333332
8 0.2854307568438003 0.9931466666666666 -0.2775442834138487 -0.9425066666666665
8 0.26160628019323673 0.9375199999999999 -0.22677133655394524 -0.764
8 0.29832125603864734 1.0500666666666665 -0.29707729468599037 -1.0097866666666666
