2 0.2375684380032206 1.0200533333333333 -0.17301127214170692 -0.7507733333333332
2 0.3165579710144928 1.18228 -0.34989533011272145 -1.238
3 0.0697866344605475 0.6470533333333334 0.139573268921095 0.10183999999999999
3 0.047938808373590984 1.0058133333333332 0.09587761674718197 -0.016960000000000038
2 0.24081723027375204 0.9299200000000001 -0.19037842190016102 -0.7027733333333334
3 0.2897423510466989 1.0351333333333332 -0.3033816425120773 -1.01128
2 0.3273429951690821 1.1781866666666667 -0.37624798711755236 -1.292533333333333
2 0.34928341384863126 1.2079066666666665 -0.4197906602254428 -1.3984266666666665
8 0.3569162640901771 1.25448 -0.4439613526570048 -1.51696
8 0.38035426731078903 1.88872 -0.5215619967793881 -2.8358933333333334
