0 0.32764943457189016 1.4021657754010695 -0.387156704361874 -0.9565240641711228
0 0.34478594507269794 1.4869385026737967 -0.43797253634895 -1.1452673796791444
0 0.14191033925686591 0.8258957219251336 -0.025936995153473356 0.20751336898395725
1 0.06884087237479806 0.8770855614973261 0.13768174474959613 0.24048128342245986
1 0.19290387722132474 1.0171791443850267 -0.12643780290791598 -0.27286096256684494
0 0.3737277867528272 1.3697860962566843 -0.48346526655896616 -1.4758288770053476
0 0.37872778675282714 1.3473395721925132 -0.4906219709208401 -1.5400267379679144
0 0.3893376413570275 1.4417245989304812 -0.5124232633279484 -1.55072192513369
2 0.27035945072697903 1.0113101604278074 -0.26850565428109857 -0.9008556149732622
8 0.2964095315024233 1.0586497326203208 -0.314967689822294 -1.0425935828877004
