2 0.38737117552334943 1.80168 -0.4740821256038647 -1.7984000000000002
2 0.25717391304347825 1.0780666666666665 -0.229549114331723 -0.7725599999999999
5 0.3901731078904992 1.53768 -0.46968599033816427 -1.38128
2 0.13234299516908213 1.0717466666666666 0.06128824476650564 -0.14882666666666666
2 0.35994363929146533 1.3618266666666667 -0.4031561996779388 -1.39336
2 0.3737761674718197 1.4808533333333334 -0.43141706924315615 -1.5053333333333332
2 0.2994927536231884 1.0748533333333332 -0.29457326892109503 -0.982613333333333
2 0.35551529790660225 1.3069066666666667 -0.40504025764895335 -1.3673066666666667
2 0.3511513687600644 1.2653866666666667 -0.394219001610306 -1.3282666666666667
2 0.34669887278582934 1.2372933333333334 -0.38624798711755237 -1.2966666666666666
8 0.317463768115942 1.1561599999999999 -0.3353623188405797 -1.2426666666666664
