2 0.394122383252818 2.1533333333333333 -0.4992109500805153 -2.312
2 0.3596779388083736 1.5615066666666664 -0.4467149758454106 -1.5992266666666668
2 0.1757487922705314 0.9725466666666666 -0.03644122383252817 -0.3106933333333333
2 0.22098228663446054 0.9808666666666666 -0.15539452495974232 -0.5843466666666667
2 0.34230676328502413 1.3228933333333335 -0.40532206119162645 -1.3926666666666667
2 0.2511916264090177 1.0053333333333332 -0.20898550724637682 -0.7284266666666669
2 0.33807971014492755 1.2677333333333332 -0.393341384863124 -1.3639999999999999
3 0.3189130434782609 1.23064 -0.4010305958132045 -1.3219733333333332
2 0.32313204508856685 1.1301466666666666 -0.3609500805152979 -1.210533333333333
2 0.2851570048309179 1.0031333333333334 -0.27585346215781 -0.93768
8 0.29363526570048315 1.0643066666666667 -0.3017632850241546 -1.1106933333333333
