2 0.06970209339774557 0.8414666666666665 0.13940418679549113 0.19178666666666672
3 0.023003220611916265 0.9010933333333332 0.04600644122383253 -0.1972799999999999
2 0.39861916264090175 2.1533333333333333 -0.4837761674718197 -2.312
2 0.4476771336553945 2.025253333333333 -0.5899114331723028 -2.4526399999999997
2 0.3938405797101449 1.74824 -0.490499194847021 -2.0928
2 0.16506038647342994 0.91056 -0.050700483091787436 -0.5191466666666666
2 0.3294122383252818 1.1560933333333334 -0.367037037037037 -1.2355466666666668
2 0.2589170692431562 0.9966266666666667 -0.23649758454106282 -0.9118666666666667
2 0.351292270531401 1.3255066666666668 -0.41416264090177135 -1.5187466666666665
2 0.22522141706924317 0.9772133333333333 -0.16276167471819647 -0.7517066666666666
2 0.19390096618357489 0.94784 -0.10691626409017715 -0.6426666666666666
2 0.3731441223832528 1.4551466666666668 -0.45556360708534627 -1.6907200000000002
2 0.38127616747181964 1.4997599999999998 -0.4664492753623189 -1.7611200000000002
8 0.31121578099838965 1.0604133333333332 -0.34317230273752014 -1.1391733333333334
8 0.28855877616747183 1.0461866666666666 -0.2962962962962963 -1.0848533333333334
