2 0.31293478260869567 1.2311866666666667 -0.3262238325281803 -1.11688
2 0.15983091787439613 0.7423733333333332 -0.022157809983896947 -0.21818666666666672
1 0.41734299516908213 1.6503333333333332 -0.5576489533011272 -1.93304
3 0.3373429951690821 1.3132000000000001 -0.41838969404186793 -1.3880533333333331
0 0.25383655394524957 0.983 -0.23124798711755237 -0.61288
3 0.20946457326892107 0.8247333333333332 -0.13421095008051528 -0.5046133333333332
2 0.24183977455716588 0.9999733333333333 -0.19351851851851853 -0.7789866666666665
2 0.2565660225442834 1.01932 -0.21733494363929148 -0.8776799999999998
2 0.2709661835748792 1.02768 -0.2477938808373591 -0.9254933333333332
2 0.28349436392914656 1.0327866666666667 -0.27581320450885666 -0.9944799999999998
2 0.3064009661835748 1.1263866666666666 -0.32045088566827695 -1.07112
2 0.20858695652173911 0.79884 -0.12831723027375203 -0.5050399999999999
8 0.32136876006441223 1.11088 -0.36818035426731077 -1.2245866666666667
8 0.3690257648953301 1.3075333333333332 -0.4681803542673108 -1.6282400000000001
