2 0.08403381642512078 0.7388533333333333 0.16806763285024157 0.51696
2 0.49730676328502416 1.9653733333333332 -0.8262721417069243 -2.68792
2 0.2218196457326892 1.0080799999999999 -0.13434782608695653 -0.5729599999999999
2 0.13394927536231885 1.0186 0.0387037037037037 -0.20674666666666675
2 0.3686392914653784 1.4228133333333333 -0.46148148148148144 -1.6250933333333333
2 0.2521135265700483 1.0196266666666665 -0.209219001610306 -0.7596799999999999
2 0.27591787439613524 1.0353333333333332 -0.252512077294686 -0.8657600000000002
2 0.28197665056360705 1.03968 -0.26738325281803543 -0.9148266666666665
2 0.33351851851851855 1.21432 -0.3791626409017714 -1.27664
2 0.3640458937198067 1.4416533333333332 -0.4545330112721417 -1.73728
2 0.34054347826086956 1.240133333333333 -0.390829307568438 -1.3519466666666664
2 0.35133252818035426 1.2766933333333332 -0.4161433172302737 -1.4443733333333335
2 0.34478663446054747 1.2201066666666667 -0.41358293075684377 -1.4537066666666665
2 0.2988204508856683 1.05852 -0.3176731078904992 -1.1211999999999998
