2 0.3096497584541063 1.1415866666666667 -0.335805152979066 -1.11864
2 0.5280917874396135 2.1533333333333333 -0.8049436392914654 -2.312
2 0.41545893719806765 2.0589466666666665 -0.5457004830917874 -2.1232266666666666
2 0.3794001610305958 1.7408666666666668 -0.49379227053140096 -1.90824
2 0.37514895330112724 1.5725466666666663 -0.46630434782608693 -1.7550133333333333
2 0.3592834138486312 1.4758533333333335 -0.4352979066022544 -1.67736
2 0.2774315619967794 0.9760666666666665 -0.2665056360708535 -0.9061066666666665
2 0.23865942028985504 0.9264133333333332 -0.18012077294685988 -0.6570933333333334
2 0.3410547504025765 1.3148133333333334 -0.4025764895330113 -1.4904799999999998
2 0.33388083735909824 1.2494133333333333 -0.3868921095008052 -1.4079466666666667
3 0.32526167471819645 1.1968533333333333 -0.37984702093397743 -1.3463999999999998
2 0.2518599033816425 0.91004 -0.2196940418679549 -0.7589066666666667
2 0.24374798711755236 0.8595466666666666 -0.20107085346215783 -0.67968
