2 0.309573268921095 1.1603999999999999 -0.32483091787439616 -1.1025066666666665
2 0.058204508856682775 0.7570266666666666 0.11640901771336555 0.4806133333333333
2 0.10006843800322061 0.9333199999999999 0.050587761674718186 0.055066666666666604
2 0.1955475040257649 0.96028 -0.09634460547504026 -0.5355999999999999
2 0.21540257648953298 1.0001333333333333 -0.1586634460547504 -0.6937066666666666
2 0.2446497584541063 1.0144666666666666 -0.19274557165861514 -0.8162400000000001
2 0.2708977455716586 1.0158266666666667 -0.253792270531401 -0.9376266666666667
3 0.33400563607085343 1.3641866666666667 -0.4248228663446055 -1.4451199999999997
2 0.3352737520128824 1.1789333333333334 -0.37822866344605477 -1.2658666666666667
2 0.30902979066022546 1.1117599999999999 -0.33034621578099843 -1.1039999999999999
3 0.19393317230273752 0.8452666666666667 -0.12071658615136874 -0.4620000000000001
