2 0.30958132045088566 1.1393866666666665 -0.33892109500805156 -1.128853333333333
2 0.46262077294685994 2.1533333333333333 -0.6300724637681159 -2.312
2 0.3918840579710145 1.8490799999999998 -0.5171497584541063 -1.9444000000000001
2 0.37216988727858297 1.640853333333333 -0.4652576489533011 -1.8232533333333334
2 0.3572665056360709 1.5129866666666667 -0.4448550724637681 -1.6967999999999999
2 0.35852254428341385 1.4297466666666665 -0.4350805152979066 -1.6086133333333332
2 0.34909420289855075 1.3790133333333332 -0.4180595813204509 -1.5778666666666668
2 0.2840297906602255 0.9862133333333333 -0.28329307568438006 -0.9538666666666664
2 0.2624557165861514 0.9576933333333333 -0.23310789049919484 -0.8041866666666668
2 0.33752415458937196 1.2747866666666665 -0.3981078904991948 -1.4545866666666667
2 0.3315016103059581 1.2231066666666666 -0.3835829307568438 -1.3824800000000002
3 0.3252173913043478 1.1852133333333335 -0.3789855072463768 -1.3353866666666667
2 0.25811594202898547 0.9228666666666666 -0.23317230273752015 -0.7984266666666665
2 0.24909822866344605 0.8725466666666667 -0.2153462157809984 -0.7244533333333334
