2 0.10133252818035426 0.8933466666666666 0.12189210950080516 -0.005466666666666545
2 0.4318558776167472 2.1533333333333333 -0.5660144927536231 -2.312
2 0.3760144927536232 1.7171199999999998 -0.46513687600644127 -1.7346666666666666
2 0.19393317230273752 0.9099999999999999 -0.079573268921095 -0.38736
2 0.352512077294686 1.3643999999999998 -0.4131884057971014 -1.44816
2 0.24076892109500808 0.9650266666666666 -0.18187600644122384 -0.6861066666666665
2 0.34391304347826085 1.2895066666666666 -0.3949597423510467 -1.368453333333333
2 0.26933977455716585 0.98152 -0.24916264090177137 -0.8469866666666667
2 0.334074074074074 1.2121466666666667 -0.3856682769726248 -1.3078666666666665
2 0.2859863123993559 1.036773333333333 -0.2896859903381643 -1.0467199999999999
8 0.07762479871175523 0.39028 0.15524959742351047 0.49607999999999997
8 0.16043478260869565 0.77192 -0.0353623188405797 -0.46384
