2 0.06545491143317231 0.8161733333333333 0.13090982286634462 0.21560000000000004
2 0.11299919484702094 0.8824533333333333 0.06070048309178743 -0.26336
2 0.41097826086956524 1.585813333333333 -0.569669887278583 -2.0071466666666664
2 0.4440338164251208 1.6527733333333332 -0.6129951690821256 -2.16528
2 0.17468599033816426 0.9187466666666666 -0.05243156199677939 -0.5084266666666667
2 0.19452093397745573 0.9067866666666666 -0.09783413848631241 -0.5484
2 0.1982648953301127 0.94908 -0.11817230273752011 -0.6630666666666667
2 0.23209742351046697 0.9755066666666666 -0.18347020933977454 -0.7825333333333331
2 0.3307608695652174 1.22696 -0.38662640901771334 -1.4041599999999999
8 0.27059178743961354 1.01644 -0.2634863123993559 -0.9942666666666667
8 0.4709661835748793 1.6968933333333334 -0.6767471819645733 -2.355226666666667
