2 0.27393719806763284 1.4827866666666665 -0.2861674718196458 -0.9785866666666666
2 0.22646537842190015 0.8302266666666668 -0.154975845410628 -0.5668533333333333
2 0.21020531400966183 0.77628 -0.11781803542673108 -0.4417333333333333
2 0.24394524959742353 0.8863599999999999 -0.19568438003220612 -0.6977333333333332
2 0.4517793880837359 1.7390533333333331 -0.6225281803542674 -2.31224
2 0.4639371980676329 1.8996933333333332 -0.6555555555555554 -2.556933333333333
2 0.31294685990338167 1.2120933333333332 -0.34067632850241547 -1.3012533333333332
2 0.4913526570048309 1.8318399999999997 -0.7143478260869565 -2.5594666666666663
3 0.13663848631239933 0.7117466666666667 0.008977455716586156 -0.18269333333333337
3 0.09373590982286635 0.6362666666666668 0.11001610305958133 0.07594666666666663
