2 0.3778502415458937 1.99852 -0.481256038647343 -2.0023733333333333
2 0.08083333333333333 0.8214133333333332 0.11698067632850241 -0.11754666666666662
2 0.07071256038647343 0.7518666666666666 0.14142512077294686 0.18133333333333332
2 0.15707729468599035 0.9272666666666667 -0.022801932367149752 -0.44349333333333335
2 0.20935990338164248 0.90996 -0.13289049919484702 -0.60536
2 0.22079307568438006 0.9321733333333333 -0.1494122383252818 -0.67064
3 0.22291062801932368 0.9672533333333334 -0.17680354267310788 -0.7644266666666667
2 0.3578059581320451 1.3333466666666667 -0.42888083735909827 -1.5375199999999998
2 0.3233695652173913 1.1481999999999999 -0.3597987117552334 -1.2191733333333332
8 0.30906602254428345 1.0934133333333331 -0.3396618357487922 -1.156
8 0.27664251207729473 1.0028533333333334 -0.2748148148148148 -0.9800533333333334
