2 0.07775764895330113 0.8255199999999999 0.15551529790660226 0.28698666666666667
2 0.4387479871175523 2.1533333333333333 -0.5700563607085346 -2.312
2 0.14718599033816426 0.8755866666666667 0.003164251207729474 -0.22061333333333322
2 0.38106280193236713 1.7884533333333335 -0.47186795491143313 -1.8237333333333332
2 0.26107487922705314 0.9748266666666666 -0.23694847020933973 -0.8651199999999999
0 0.3386996779388084 1.18764 -0.40345410628019324 -1.2842399999999998
2 0.3378582930756844 1.22848 -0.3985024154589372 -1.43712
4 0.301219806763285 1.1572266666666666 -0.3582850241545894 -1.28768
8 0.21609500805152979 0.8204266666666665 -0.1396618357487923 -0.5738133333333333
8 0.2985185185185185 1.0908266666666666 -0.3154428341384863 -1.14048
