2 0.08143790849673203 0.9072027027027026 0.16287581699346407 0.18018918918918925
0 0.5088807189542484 1.9936351351351351 -0.8031699346405229 -2.4159189189189187
0 0.51484477124183 2.0600945945945948 -0.8315196078431373 -2.4906216216216217
1 0.46504493464052293 1.6832162162162163 -0.6900081699346405 -2.1973513513513514
0 0.27426062091503267 1.1108513513513514 -0.27775326797385624 -0.7354324324324326
0 0.2677042483660131 1.095094594594595 -0.2586764705882353 -0.6893243243243244
2 0.2524468954248366 0.9151891891891892 -0.2256617647058824 -0.7728108108108107
2 0.33198937908496734 1.156972972972973 -0.3886683006535948 -1.2942702702702704
8 0.42399101307189546 1.482608108108108 -0.589485294117647 -1.924243243243243
8 0.32516339869281047 1.1065675675675675 -0.3761928104575164 -1.2444864864864864
