2 0.24115539452495974 0.9407733333333332 -0.17698067632850242 -0.6412266666666666
2 0.3334903381642512 1.2245733333333333 -0.38717391304347826 -1.3141066666666668
2 0.25414251207729466 0.9581733333333333 -0.20566022544283413 -0.7318133333333332
2 0.2656400966183575 0.9783733333333333 -0.24089371980676325 -0.8186133333333333
3 0.4599959742351047 1.7103599999999999 -0.7080112721417069 -2.4781066666666667
2 0.0889975845410628 0.47713333333333335 0.15731884057971013 0.3470666666666667
2 0.11145330112721417 0.5365599999999999 0.1098792270531401 0.2146133333333333
2 0.12648148148148147 0.5978533333333333 0.07001610305958131 0.07421333333333337
8 0.28289049919484704 1.00672 -0.2763768115942029 -0.9515733333333334
8 0.29421900161030595 1.0416533333333333 -0.3052818035426731 -1.0731733333333335
8 0.3098470209339775 1.0584666666666664 -0.34278582930756846 -1.1378933333333332
8 0.3176570048309179 1.1063466666666666 -0.35371980676328507 -1.20256
8 0.3992995169082125 1.3883866666666667 -0.5404347826086957 -1.82872
8 0.35945652173913045 1.2822933333333333 -0.4576247987117552 -1.6269333333333331
