2 0.40550322061191624 2.1533333333333333 -0.5294444444444444 -2.312
2 0.07355877616747182 0.7371066666666667 0.14711755233494364 0.5204533333333333
2 0.06235507246376811 0.7498666666666668 0.12471014492753622 0.30981333333333333
2 0.0847866344605475 0.7926133333333334 0.1329549114331723 -0.03285333333333331
2 0.1530475040257649 0.9068800000000001 -0.004178743961352655 -0.3797866666666667
2 0.18037037037037035 0.9469200000000001 -0.06750402576489534 -0.5273333333333333
2 0.19587761674718196 0.9293733333333333 -0.10278582930756845 -0.5363466666666666
2 0.19708937198067633 0.9580133333333333 -0.11126409017713365 -0.65352
2 0.22368357487922705 0.9538533333333333 -0.16102254428341387 -0.7197066666666666
2 0.23948067632850242 0.9800666666666665 -0.21226247987117552 -0.8398666666666667
1 0.3013647342995169 1.03904 -0.31822061191626405 -1.0181866666666666
2 0.350438808373591 1.3471066666666667 -0.40398550724637683 -1.3850399999999998
2 0.3684380032206119 1.4710666666666665 -0.4588405797101449 -1.7323733333333333
2 0.3462842190016103 1.2946133333333332 -0.4180595813204509 -1.4976533333333333
2 0.3272222222222222 1.1472266666666666 -0.3687761674718196 -1.2389333333333334
8 0.3110185185185185 1.0532933333333334 -0.34512882447665055 -1.14824
8 0.28015700483091793 1.0041333333333333 -0.2834057971014493 -0.9567466666666669
8 0.2914855072463768 1.0041333333333333 -0.30450080515297906 -1.0084799999999998
8 0.31648550724637686 1.0908266666666666 -0.3607487922705314 -1.2077333333333333
