2 0.3002054794520548 1.0989893617021276 -0.32224818694601126 -1.0736170212765956
2 0.08838436744560837 0.7054122340425533 0.17676873489121675 0.5838563829787234
2 0.07602336825141015 0.6373005319148936 0.1520467365028203 0.3121010638297873
2 0.1401692183722804 0.9045212765957448 0.017389202256244973 -0.21638297872340415
3 0.16974617244157936 0.8036968085106383 -0.06821112006446411 -0.3446276595744681
7 0.21790894439967767 0.9687101063829787 -0.19191780821917806 -0.6421010638297872
3 0.23274778404512492 0.9891489361702128 -0.2248831587429492 -0.7594680851063831
2 0.21192989524576952 0.8364893617021276 -0.12759871071716355 -0.494468085106383
2 0.2669178082191781 0.9847872340425531 -0.25683319903303786 -0.868936170212766
2 0.2794359387590653 0.9894946808510638 -0.2700241740531829 -0.910691489361702
3 0.2795044319097502 0.9993484042553191 -0.2946414182111201 -0.964973404255319
2 0.1307091055600322 0.674561170212766 0.03342465753424657 -0.08523936170212769
