2 0.45087359098228663 2.1533333333333333 -0.6131964573268921 -2.312
2 0.07526972624798711 0.8827066666666666 0.15053945249597422 0.2292533333333334
2 0.37618357487922705 1.8416933333333332 -0.47154589371980676 -1.8896800000000002
3 0.3097020933977456 1.4426533333333333 -0.46405797101449275 -1.555013333333333
2 0.3340016103059581 1.2724933333333333 -0.4034943639291465 -1.3494666666666668
2 0.33400966183574876 1.2333466666666666 -0.38755233494363933 -1.3150133333333334
2 0.324194847020934 1.1615466666666665 -0.365024154589372 -1.2292266666666665
2 0.2697383252818035 0.9745199999999999 -0.2434863123993559 -0.8323999999999999
2 0.3130193236714976 1.1300666666666666 -0.34497584541062803 -1.1767733333333332
2 0.30340982286634466 1.071813333333333 -0.32123188405797104 -1.0925866666666666
8 0.29031400966183574 1.0002533333333334 -0.2974718196457326 -0.9800266666666666
8 0.2577697262479871 0.8937733333333332 -0.2311755233494364 -0.7568799999999999
8 0.28445652173913044 0.9832133333333334 -0.28809178743961356 -0.9074933333333333
