0 0.2164814814814815 0.82516 -0.1493880837359098 -0.3902666666666667
0 0.18128824476650562 0.70148 -0.09054750402576488 -0.20808
7 0.41442431561996784 1.5332666666666668 -0.5268035426731078 -1.7190133333333333
8 0.2555515297906602 0.9459333333333334 -0.24356682769726248 -0.75752
8 0.26961352657004833 0.9963866666666665 -0.2748148148148148 -0.9464266666666667
8 0.3102375201288245 1.12188 -0.3669967793880838 -1.2646666666666666
8 0.29929951690821255 1.0455333333333334 -0.3295008051529791 -1.1327200000000002
8 0.22937600644122383 0.867 -0.17871980676328503 -0.6462666666666667
8 0.19382850241545896 0.7492666666666667 -0.11074879227053139 -0.4159733333333334
8 0.34929951690821254 1.2460666666666667 -0.4310628019323671 -1.4250933333333335
8 0.38016103059581324 1.4323733333333333 -0.503719806763285 -1.6941866666666665
