2 0.5222630718954249 1.9706621621621623 -0.7438398692810458 -2.6694864864864867
2 0.4968913398692811 1.8779054054054056 -0.6932598039215687 -2.498081081081081
2 0.4634803921568627 1.7608243243243245 -0.6300163398692811 -2.2553783783783787
2 0.31663398692810457 1.1345 -0.3512254901960784 -1.1720270270270272
1 0.2582312091503268 0.9807297297297298 -0.24425653594771246 -0.7534594594594595
1 0.27379901960784314 0.9675270270270271 -0.2720915032679738 -0.8626216216216218
0 0.1379656862745098 0.5437432432432433 -0.032630718954248364 -0.026891891891891864
0 0.1370874183006536 0.6006621621621622 -0.0258251633986928 0.02510810810810809
1 0.39317401960784315 1.6682162162162164 -0.5570669934640522 -1.7481621621621621
0 0.1660580065359477 0.6457567567567568 -0.07999183006535948 -0.17632432432432435
0 0.1512622549019608 0.603554054054054 -0.05361928104575163 -0.09899999999999999
0 0.2827042483660131 1.1804594594594595 -0.30583333333333335 -0.8203243243243243
0 0.29635212418300655 1.2153378378378379 -0.34363562091503264 -0.956027027027027
0 0.31850490196078435 1.309554054054054 -0.39313725490196083 -1.0716486486486487
0 0.4629452614379085 1.9925675675675676 -0.6920506535947712 -2.0482702702702706
0 0.4744403594771242 1.983702702702703 -0.7033088235294118 -2.1396216216216217
0 0.36760212418300653 1.6345945945945946 -0.4975081699346405 -1.390756756756757
0 0.3920792483660131 1.640945945945946 -0.5399101307189543 -1.4676216216216216
0 0.40221813725490196 1.6247297297297298 -0.5449754901960785 -1.5406486486486486
0 0.30215686274509806 1.296175675675676 -0.3531372549019608 -0.958783783783784
