2 0.3114573268921095 1.2054933333333333 -0.33623188405797105 -1.12352
2 0.41024959742351047 1.84624 -0.5403220611916264 -1.9990933333333334
2 0.36352254428341385 1.5043466666666665 -0.44073268921095016 -1.6779733333333333
2 0.07365539452495974 0.79652 0.14731078904991948 0.12722666666666677
2 0.07541867954911434 0.64864 0.13497584541062804 0.17306666666666667
2 0.24084138486312398 0.9645199999999999 -0.18747987117552337 -0.7231199999999999
2 0.2960386473429952 1.0606266666666666 -0.31252818035426727 -1.0585333333333333
2 0.18608695652173912 0.8184399999999998 -0.07922705314009662 -0.40823999999999994
2 0.2468719806763285 0.9411466666666667 -0.20037842190016103 -0.75696
2 0.33995169082125604 1.1818266666666666 -0.3988405797101449 -1.3405599999999998
2 0.1291867954911433 0.66404 0.03887278582930757 -0.08903999999999997
