2 0.4027173913043478 2.1533333333333333 -0.5784782608695652 -2.312
2 0.08354669887278583 0.8738 0.16709339774557166 0.2470666666666666
2 0.3421618357487923 1.3758 -0.38920289855072465 -1.3754933333333335
2 0.23951288244766508 0.9647466666666665 -0.17477455716586152 -0.6500800000000001
2 0.32756038647342994 1.2131066666666666 -0.3626086956521739 -1.2273333333333334
2 0.2572584541062802 0.9775333333333333 -0.22322866344605474 -0.7633866666666665
2 0.2710064412238325 0.9790266666666666 -0.24766505636070854 -0.8374666666666665
1 0.2956763285024155 1.0121466666666667 -0.3039130434782609 -0.9804533333333332
1 0.2987157809983897 1.0205866666666668 -0.30855877616747185 -0.9974933333333333
2 0.319182769726248 1.14164 -0.35058776167471817 -1.1758666666666668
8 0.307890499194847 1.0507066666666667 -0.3295008051529791 -1.0654133333333333
8 0.3094565217391304 1.06236 -0.33888083735909824 -1.1353333333333333
8 0.2856280193236715 0.9963866666666665 -0.28028985507246373 -0.9412533333333334
