2 0.3891747181964573 2.079613333333333 -0.47583735909822866 -2.16456
2 0.34630032206119166 1.3977199999999999 -0.4188325281803543 -1.43496
2 0.13845410628019322 0.8988666666666667 0.00294685990338164 -0.41512000000000004
2 0.17107890499194847 0.9125599999999999 -0.06600644122383252 -0.5196266666666666
2 0.1772141706924316 0.8871333333333332 -0.09681159420289857 -0.5075466666666666
2 0.2220169082125604 0.94812 -0.16308373590982286 -0.7293599999999999
2 0.23300322061191625 0.972 -0.18521739130434783 -0.78272
2 0.23486312399355877 0.9501999999999999 -0.1963768115942029 -0.7661600000000002
2 0.25221417069243157 0.9766266666666666 -0.243768115942029 -0.9097866666666669
1 0.30113123993558777 1.0287199999999999 -0.3275281803542673 -1.05664
2 0.3345088566827697 1.2192133333333333 -0.3843317230273752 -1.3004533333333332
2 0.3211916264090177 1.1154266666666666 -0.3657971014492754 -1.2247733333333333
8 0.27976650563607086 1.00284 -0.28731078904991947 -1.0317599999999998
8 0.30824074074074076 1.04172 -0.3475925925925926 -1.1481866666666665
