2 0.31089774557165867 1.1394133333333334 -0.33543478260869564 -1.1170666666666667
2 0.07776570048309178 0.6110933333333333 0.15553140096618356 0.2513066666666666
2 0.1355756843800322 0.7271866666666666 0.023840579710144916 -0.13496000000000002
2 0.3673953301127214 1.5160799999999999 -0.45627214170692426 -1.7004800000000002
2 0.3606239935587762 1.4596666666666667 -0.4388808373590983 -1.6547466666666666
2 0.34718196457326894 1.371533333333333 -0.4064251207729469 -1.527173333333333
2 0.3411876006441224 1.32612 -0.4000885668276973 -1.4656266666666666
2 0.3407729468599034 1.3026133333333334 -0.3987600644122383 -1.4647999999999999
2 0.33626409017713366 1.2738666666666667 -0.39183574879227057 -1.4204799999999997
2 0.2898631239935588 1.00152 -0.2892270531400966 -0.9690666666666665
3 0.32465780998389693 1.1589733333333334 -0.37131239935587756 -1.2944266666666668
2 0.27346618357487923 0.9561333333333333 -0.2596537842190016 -0.8761066666666668
8 0.4352375201288245 1.5332933333333334 -0.602938808373591 -2.0564533333333332
8 0.26453301127214174 0.9109733333333333 -0.23966183574879224 -0.8015199999999998
8 0.29929951690821255 1.0222399999999998 -0.3138808373590982 -1.0344
