0 0.08015297906602255 0.5685466666666666 0.1413365539452496 0.8094133333333334
2 0.41643719806763285 2.1533333333333333 -0.5329710144927536 -2.312
2 0.15148148148148147 1.0671333333333333 0.010032206119162647 -0.21
2 0.21547101449275363 1.0268666666666668 -0.10128019323671497 -0.5195466666666666
2 0.3549597423510467 1.4928799999999998 -0.4152657004830918 -1.51104
2 0.2631964573268921 1.00904 -0.23599033816425122 -0.8232533333333334
2 0.337914653784219 1.2499866666666666 -0.3868599033816425 -1.3106933333333333
3 0.26335346215780997 1.0078799999999999 -0.26086151368760063 -0.8649333333333333
2 0.33258454106280194 1.21756 -0.3762962962962963 -1.283173333333333
3 0.19594202898550725 0.89428 -0.14152979066022545 -0.6935733333333333
3 0.3098792270531401 1.08904 -0.34772946859903375 -1.1484266666666667
3 0.3532165861513688 1.3383733333333334 -0.45189210950080516 -1.64432
8 0.2953099838969404 1.0267866666666667 -0.3138083735909823 -1.0476533333333333
