2 0.3133937198067633 1.23348 -0.3289613526570048 -1.1268000000000002
2 0.16828904991948468 0.7543466666666666 -0.042906602254428335 -0.2738666666666667
1 0.4094122383252818 1.5980266666666665 -0.5428180354267311 -1.8726399999999999
3 0.3355193236714976 1.2934799999999997 -0.4169323671497584 -1.38056
0 0.25849436392914654 0.9824666666666665 -0.24711755233494362 -0.6688799999999999
3 0.21567632850241547 0.83648 -0.1492914653784219 -0.5498666666666665
2 0.2450040257648953 0.9991466666666665 -0.20387278582930754 -0.8060266666666664
2 0.25880032206119163 1.0196 -0.22450885668276976 -0.8961066666666665
2 0.27239533011272143 1.027453333333333 -0.253389694041868 -0.9405066666666666
2 0.28390499194847024 1.0312933333333334 -0.2792270531400966 -1.0031733333333335
2 0.3068558776167472 1.1286533333333333 -0.32018518518518524 -1.07
2 0.2111876006441224 0.80316 -0.13635265700483093 -0.5275466666666667
8 0.3208856682769726 1.1101066666666666 -0.3716747181964573 -1.2365333333333333
