2 0.07679549114331723 0.7911199999999998 0.15359098228663445 0.24122666666666662
2 0.0740096618357488 0.8235066666666668 0.1480193236714976 -0.04450666666666666
2 0.14229468599033818 0.8778133333333333 0.005394524959742365 -0.3393066666666667
2 0.15351851851851853 0.9039999999999999 -0.04436392914653784 -0.4541866666666667
1 0.28086956521739126 1.0109466666666667 -0.2740740740740741 -0.8446133333333333
2 0.49768115942028984 2.1533333333333333 -0.7116747181964573 -2.312
2 0.45788647342995176 2.105 -0.6121819645732689 -2.4086666666666665
2 0.42140901771336553 1.88672 -0.5431078904991948 -2.2275733333333334
2 0.40958937198067635 1.7143066666666666 -0.5249597423510467 -2.0012
2 0.38277375201288244 1.6373066666666667 -0.47641706924315624 -1.9164266666666667
2 0.37045491143317233 1.5424266666666666 -0.4462399355877617 -1.7978133333333335
2 0.36525362318840576 1.4847866666666665 -0.45264895330112725 -1.71528
2 0.2237600644122383 0.9549866666666667 -0.15407407407407406 -0.7259733333333334
2 0.2374194847020934 0.9694133333333332 -0.18110305958132042 -0.7751466666666667
2 0.3280998389694042 1.1855066666666667 -0.36296296296296293 -1.23096
2 0.32210950080515305 1.1296533333333334 -0.3580998389694042 -1.1962133333333331
3 0.3127777777777778 1.0809733333333333 -0.354219001610306 -1.1657333333333335
8 0.30650563607085346 1.0332133333333333 -0.332962962962963 -1.1036
8 0.2831400966183575 1.0298800000000001 -0.28721417069243155 -1.0474933333333334
