2 0.05391304347826086 0.6849333333333334 0.10782608695652172 0.6248
2 0.41071658615136875 2.1533333333333333 -0.49832528180354274 -2.312
2 0.24952495974235103 0.9875866666666667 -0.20888888888888887 -0.7314933333333333
2 0.07671497584541064 1.0072933333333334 0.15027375201288243 -0.019920000000000073
2 0.3693558776167472 1.6276133333333334 -0.44492753623188397 -1.6286133333333332
2 0.34517713365539454 1.3596666666666666 -0.3987278582930757 -1.3891466666666668
2 0.3327133655394525 1.2663066666666665 -0.37500805152979066 -1.28504
2 0.32707729468599034 1.2080799999999998 -0.3623349436392915 -1.2401066666666665
2 0.27146537842190016 0.98392 -0.2537359098228663 -0.8633599999999999
2 0.36868357487922704 1.3520133333333333 -0.46680354267310786 -1.6345866666666666
8 0.2881763285024154 1.0976000000000001 -0.29284219001610307 -1.1615466666666665
