2 0.12272467320261439 1.087337837837838 0.05406045751633989 -0.18191891891891893
0 0.31653186274509804 1.2453783783783783 -0.3842728758169935 -1.170162162162162
1 0.45118872549019606 1.6280945945945946 -0.6601552287581699 -2.205054054054054
0 0.22267565359477126 0.9501486486486487 -0.19280228758169937 -0.4846756756756758
1 0.4342401960784314 1.5539054054054056 -0.62609477124183 -2.0042432432432435
0 0.12752859477124184 0.5558513513513513 0.03477941176470588 0.2514864864864865
0 0.12147058823529412 0.5438243243243244 0.05486928104575163 0.29251351351351357
1 0.19451797385620917 0.9039459459459459 -0.11756535947712421 -0.4087567567567568
0 0.1018218954248366 0.4987297297297297 0.09629084967320262 0.41351351351351345
0 0.07381944444444444 0.4391756756756757 0.13812908496732026 0.5928378378378379
0 0.13910130718954247 0.6313918918918919 -0.011143790849673214 0.12905405405405407
2 0.5174959150326798 1.9120675675675678 -0.787328431372549 -2.7866756756756756
2 0.2569730392156863 0.9209864864864865 -0.23835784313725492 -0.8093243243243244
8 0.3700857843137255 1.267418918918919 -0.4882434640522875 -1.5734864864864864
8 0.38226307189542486 1.3035270270270272 -0.5008333333333334 -1.617918918918919
