2 0.0974597423510467 0.6531466666666667 0.1949194847020934 0.6883733333333333
2 0.38553945249597427 1.9724533333333332 -0.46977455716586153 -1.9502399999999998
2 0.16205314009661834 0.9794799999999998 -0.031690821256038636 -0.3201866666666666
2 0.24921900161030597 0.9799333333333333 -0.205829307568438 -0.7277599999999999
1 0.2929227053140096 1.0267199999999999 -0.304927536231884 -0.9645866666666667
1 0.29841787439613526 1.0409733333333333 -0.3160305958132045 -1.0037600000000002
2 0.2728864734299517 0.9931466666666666 -0.25202093397745573 -0.8681066666666668
2 0.32607890499194847 1.1334266666666666 -0.36859903381642506 -1.2312266666666665
2 0.33696054750402576 1.2847733333333333 -0.3934219001610306 -1.33904
8 0.31753220611916266 1.0948266666666666 -0.35994363929146533 -1.1671466666666666
