2 0.08056763285024154 0.5300400000000001 0.1611352657004831 0.6071733333333333
6 0.33698067632850237 1.2226933333333332 -0.43257648953301125 -1.4524800000000002
2 0.11528180354267312 0.7383733333333333 0.052721417069243146 -0.03680000000000003
2 0.1777536231884058 0.8091333333333331 -0.050805152979066015 -0.3092
2 0.20056763285024154 0.8598933333333334 -0.11379227053140095 -0.4794133333333334
2 0.24121175523349433 0.9178266666666667 -0.1887842190016103 -0.6840799999999999
2 0.2539855072463768 0.93916 -0.21544283413848633 -0.7594399999999999
8 0.27685185185185185 0.9767600000000001 -0.26851851851851855 -0.9310133333333332
8 0.39721014492753626 1.3767866666666668 -0.5343880837359098 -1.7254666666666667
8 0.3728864734299517 1.2781733333333334 -0.4807165861513687 -1.5615733333333333
