2 0.3084943639291466 1.1623866666666667 -0.3267793880837359 -1.1113333333333333
2 0.07762882447665057 0.9247733333333332 0.15525764895330113 0.14512000000000003
2 0.1863365539452496 0.9462533333333334 -0.0836231884057971 -0.4696800000000001
2 0.21019726247987117 0.9808533333333332 -0.13350241545893723 -0.6456533333333333
2 0.2402093397745572 1.0010666666666668 -0.19465378421900162 -0.8222400000000001
3 0.25801127214170694 1.02716 -0.25932367149758456 -0.9649866666666667
2 0.4263365539452496 2.1533333333333333 -0.5417230273752013 -2.312
2 0.37828099838969403 1.6681466666666669 -0.4856602254428341 -1.7910133333333333
0 0.3544484702093398 1.2631466666666664 -0.42490338164251207 -1.3319999999999999
2 0.40029388083735906 1.5874266666666668 -0.5217149758454106 -1.9622666666666666
2 0.07311996779388083 0.5606 0.14623993558776166 0.47208000000000006
2 0.3090378421900161 1.1133866666666667 -0.33595008051529796 -1.1209066666666667
2 0.09030595813204509 0.6764666666666667 0.0981964573268921 0.05090666666666675
2 0.1549838969404187 0.7642533333333333 -0.02653784219001611 -0.25176000000000004
3 0.4426529790660225 1.8631199999999999 -0.6429227053140096 -2.4969066666666664
2 0.1785426731078905 0.7357466666666665 -0.08014492753623188 -0.36397333333333326
