2 0.27866639806607574 0.9708377659574468 -0.26236099919419825 -0.8749734042553191
2 0.2829089443996777 1.0899999999999999 -0.27909750201450445 -0.9371808510638298
2 0.2360153102336825 0.9656117021276596 -0.18257050765511681 -0.6370212765957446
2 0.10831990330378727 0.7291090425531914 0.08819500402900886 0.01268617021276591
2 0.07599919419822723 0.5734973404255319 0.15199838839645446 0.24188829787234045
2 0.19274375503626107 0.7950531914893617 -0.0872925060435133 -0.37
3 0.12734488315874296 0.6494813829787234 0.016800966962127312 -0.07710106382978718
2 0.2154109589041096 0.8199069148936169 -0.13451248992747783 -0.4913031914893617
2 0.18226833199033038 0.7116755319148936 -0.06476228847703465 -0.278404255319149
3 0.22898066075745363 0.8563563829787234 -0.19104754230459303 -0.6235638297872341
7 0.24494762288477034 0.9244946808510638 -0.2330056406124093 -0.7576595744680851
