2 0.057922705314009656 0.8404133333333332 0.11584541062801931 0.21576000000000006
2 0.4030958132045089 2.12956 -0.4872061191626409 -2.2644533333333334
2 0.06257648953301127 0.7965733333333334 0.12515297906602255 0.04770666666666678
2 0.11435990338164251 0.8616533333333333 0.056336553945249605 -0.22309333333333325
2 0.1320330112721417 0.8949333333333334 0.014323671497584534 -0.37642666666666674
2 0.2004428341384863 0.9338266666666667 -0.12215780998389694 -0.6573066666666667
2 0.22266103059581321 0.95968 -0.17400161030595815 -0.7380266666666666
2 0.34052737520128823 1.2782666666666667 -0.3931481481481482 -1.3447466666666665
2 0.36542270531400967 1.5877999999999999 -0.4347423510466989 -1.5753333333333333
2 0.33063204508856686 1.2013466666666666 -0.38255233494363927 -1.282
2 0.24292270531400964 0.9779066666666666 -0.2056038647342995 -0.84168
8 0.2806280193236715 1.0351066666666666 -0.2894847020933977 -1.03656
8 0.3112399355877617 1.09344 -0.3473590982286634 -1.2088
8 0.32256441223832527 1.1323333333333332 -0.3632930756843801 -1.2310133333333335
8 0.3020169082125604 1.04068 -0.33393719806763283 -1.1032266666666668
