2 0.07638486312399356 0.8840133333333333 0.15276972624798713 0.22664
2 0.15401368760064413 0.97192 -0.013228663446054756 -0.2902933333333332
2 0.3555998389694042 1.3478933333333334 -0.43770531400966184 -1.4854399999999999
2 0.21867149758454105 0.9818533333333332 -0.13194847020933975 -0.56328
2 0.24382045088566826 1.0012533333333333 -0.19364734299516909 -0.7255466666666666
2 0.2977777777777778 1.0625066666666667 -0.312061191626409 -1.061813333333333
2 0.3174315619967794 1.0964266666666664 -0.3542834138486312 -1.1858666666666666
8 0.3355636070853462 1.1628933333333333 -0.3993558776167472 -1.3476533333333334
8 0.34982286634460547 1.2226133333333333 -0.4194847020933977 -1.3837866666666667
8 0.10408212560386472 0.5545466666666666 0.07199677938808373 0.05234666666666673
