2 0.20320048309178743 1.1133466666666667 -0.10553140096618359 -0.47186666666666677
2 0.4884943639291466 2.1533333333333333 -0.5896779388083736 -2.312
2 0.3734339774557166 1.7809866666666667 -0.4383655394524959 -1.6010666666666669
2 0.349122383252818 1.4484533333333331 -0.38674718196457325 -1.3493866666666665
2 0.24874798711755233 1.0604533333333332 -0.19461352657004832 -0.6783999999999999
2 0.26439210950080516 1.0502 -0.22148953301127217 -0.77944
2 0.3396256038647343 1.30952 -0.3781884057971014 -1.2981866666666668
2 0.33277777777777773 1.2431199999999998 -0.3604830917874396 -1.22336
2 0.2863123993558776 1.04664 -0.27041867954911436 -0.9109866666666665
2 0.2896497584541063 1.0529733333333333 -0.2921175523349436 -0.96728
2 0.2982326892109501 1.07024 -0.3026489533011272 -1.0100266666666666
8 0.3171135265700483 1.11568 -0.3322624798711756 -1.1532266666666666
