2 0.4372061191626409 2.1533333333333333 -0.5419162640901771 -2.312
2 0.057914653784219006 0.7375333333333333 0.11582930756843801 0.32802666666666663
2 0.0720450885668277 0.8324533333333334 0.1440901771336554 -0.03296000000000004
2 0.09902979066022545 0.8686666666666666 0.07211755233494364 -0.2669333333333334
2 0.18828099838969403 0.9225333333333333 -0.09746376811594204 -0.6038933333333333
2 0.21341384863123994 0.9480266666666666 -0.16231884057971016 -0.7140266666666666
2 0.34275362318840585 1.3020399999999999 -0.39595813204508856 -1.3607733333333332
2 0.3735748792270532 1.7256933333333333 -0.45183574879227056 -1.6949066666666663
2 0.3303381642512077 1.2077066666666665 -0.38723027375201285 -1.2993599999999998
2 0.23829307568438002 0.9738266666666666 -0.1965378421900161 -0.8224266666666665
8 0.2789492753623189 1.0239866666666666 -0.2844524959742351 -1.0143199999999999
8 0.3007568438003221 1.09344 -0.3314170692431562 -1.2143466666666667
8 0.3250805152979066 1.1545466666666668 -0.364975845410628 -1.2588
