2 0.06759259259259259 0.80228 0.13518518518518519 0.2770933333333333
2 0.06822463768115943 0.6905333333333333 0.13644927536231885 0.18170666666666663
2 0.07762479871175523 0.8158666666666666 0.115426731078905 -0.17807999999999993
2 0.13848631239935588 0.7881999999999999 -0.00789049919484703 -0.20605333333333328
2 0.1648671497584541 0.9387599999999999 -0.049235104669887286 -0.5606133333333333
3 0.1434500805152979 0.9615733333333334 -0.09272946859903382 -0.6537066666666667
2 0.3502777777777778 1.426146666666667 -0.4097020933977456 -1.45976
2 0.38285426731078903 1.5208 -0.48435587761674714 -1.8168533333333334
2 0.3229991948470209 1.1232933333333333 -0.36891304347826087 -1.2374133333333333
7 0.4308816425120773 1.8661866666666667 -0.5407004830917874 -1.737706666666667
8 0.25001610305958133 1.00316 -0.22993558776167475 -0.9504266666666665
8 0.2860829307568438 1.0504 -0.3054186795491144 -1.1504533333333333
8 0.34017713365539454 1.2670533333333331 -0.40523349436392914 -1.5171466666666669
