2 0.30348509266720386 1.0892686170212766 -0.32178082191780816 -1.0701329787234042
2 0.07294923448831588 0.5578723404255319 0.14589846897663175 0.5606382978723404
7 0.10819097502014503 0.7090026595744681 0.21638195004029007 0.5766755319148936
2 0.10232473811442384 0.9980186170212766 0.1105157131345689 -0.040345744680850955
2 0.14931103948428687 0.7653723404255319 0.013593875906526975 -0.17223404255319152
2 0.2332634971796938 0.971063829787234 -0.16649476228847707 -0.6347872340425531
2 0.21182917002417403 0.8529122340425531 -0.13506849315068492 -0.5130585106382978
2 0.25763900080580177 0.9762898936170212 -0.22016116035455274 -0.7756117021276595
2 0.27443190975020143 0.9922340425531916 -0.25170024174053185 -0.8603723404255319
7 0.28060838033843677 1.003776595744681 -0.2877598710717163 -0.9417553191489362
2 0.07691780821917808 0.48644946808510636 0.15383561643835617 0.4560372340425531
3 0.14260676873489123 0.7092021276595744 -0.013319903303787269 -0.18867021276595744
