0 0.4918438003220612 2.0984666666666665 -0.8178743961352657 -2.3262666666666663
0 0.5193599033816425 2.1210133333333334 -0.8732769726247986 -2.37664
2 0.0846658615136876 0.42548 0.1693317230273752 0.50168
2 0.4071497584541063 1.5617866666666664 -0.5449436392914654 -2.003413333333333
4 0.3306803542673108 1.4868 -0.48809178743961346 -1.9438933333333335
2 0.4568438003220612 1.8045066666666667 -0.6584702093397745 -2.5010133333333338
2 0.18270531400966183 0.7453466666666666 -0.06734299516908214 -0.31570666666666664
3 0.1273510466988728 0.7293866666666666 0.03768115942028984 -0.15871999999999994
8 0.2030475040257649 0.7948266666666667 -0.11084541062801931 -0.5060266666666666
8 0.10534219001610304 0.47259999999999996 0.09966988727858292 0.28845333333333334
