0 0.2294749596122779 1.0402540106951872 -0.15765751211631665 -0.29751336898395714
0 0.4304038772213248 1.6234090909090908 -0.5894830371567044 -1.7941978609625666
0 0.20680533117932148 0.9031417112299465 -0.12844103392568657 -0.18478609625668438
0 0.2593255250403877 1.0455347593582887 -0.2373263327948304 -0.6395187165775401
0 0.3808966074313409 1.4232754010695186 -0.4965912762520195 -1.5093850267379678
0 0.3055896607431341 1.136524064171123 -0.3350888529886915 -1.0003208556149732
0 0.2929038772213247 1.067446524064171 -0.3041599353796446 -0.9042513368983958
0 0.29644991922455577 1.071163101604278 -0.31706785137318255 -0.9545187165775401
0 0.34922051696284334 1.2520588235294117 -0.425080775444265 -1.3014438502673795
3 0.44968901453958005 1.9915374331550801 -0.8993780290791601 -1.9884224598930482
8 0.3205048465266559 1.1860160427807487 -0.3590226171243942 -1.2106417112299466
8 0.281486268174475 1.0304812834224597 -0.2574798061389338 -0.8328342245989305
