2 0.08059178743961352 0.60136 0.16118357487922705 0.6981866666666667
2 0.1535829307568438 0.8590533333333332 -0.027697262479871157 -0.38834666666666656
2 0.24208132045088565 0.9447333333333334 -0.19562801932367146 -0.7717066666666667
7 0.08763687600644122 0.6018399999999999 0.1368035426731079 0.32261333333333336
1 0.4178059581320451 1.5248266666666666 -0.5854025764895331 -1.88528
1 0.4016062801932367 1.4303466666666667 -0.5369967793880838 -1.7281066666666665
1 0.39218599033816426 1.3808133333333334 -0.5169323671497584 -1.6680800000000002
8 0.31459339774557166 1.0948266666666664 -0.3440016103059581 -1.156
8 0.43914251207729466 1.7489866666666667 -0.62329307568438 -2.4754666666666663
8 0.3628220611916264 1.3114933333333334 -0.4538727858293076 -1.61712
