2 0.3095692431561997 1.1618933333333334 -0.3364492753623188 -1.12192
2 0.08247181964573269 0.7752666666666667 0.16494363929146538 0.33623999999999993
2 0.4301610305958132 2.144133333333333 -0.5925925925925926 -2.2935999999999996
2 0.36638083735909827 1.5726266666666666 -0.4513768115942029 -1.7553333333333332
2 0.3613325281803543 1.4784533333333332 -0.4434863123993558 -1.6731733333333334
2 0.35585346215781 1.413493333333333 -0.4402898550724637 -1.6129066666666667
3 0.3345169082125604 1.3172133333333333 -0.4076328502415459 -1.49096
2 0.3353582930756844 1.25944 -0.3893317230273752 -1.4151466666666668
2 0.33045491143317224 1.1944000000000001 -0.3794444444444444 -1.34032
2 0.21026167471819643 0.83668 -0.1363365539452496 -0.5294666666666666
3 0.2696256038647343 0.9935600000000001 -0.2812962962962963 -0.9413066666666666
2 0.23074074074074077 0.8717466666666666 -0.17123993558776168 -0.6189066666666666
2 0.2467592592592593 0.8978133333333334 -0.19762479871175523 -0.69968
2 0.2642874396135266 0.9412133333333332 -0.240780998389694 -0.8375733333333334
2 0.20675925925925928 0.7740533333333333 -0.12332528180354266 -0.4466666666666666
2 0.090829307568438 0.3999599999999999 0.11064412238325283 0.3318133333333333
