0 0.2513888888888889 0.9694533333333334 -0.2117632850241546 -0.60232
0 0.18321658615136877 0.8939066666666667 -0.0960950080515298 -0.10450666666666665
0 0.23260466988727857 0.96068 -0.18501610305958133 -0.42103999999999997
0 0.205414653784219 0.8811866666666667 -0.1316022544283414 -0.2637599999999999
0 0.3566867954911433 1.33296 -0.4452898550724637 -1.3334933333333332
0 0.36578502415458936 1.3599999999999999 -0.4600402576489533 -1.3988799999999997
8 0.2667914653784219 0.9420533333333333 -0.2433574879227053 -0.7893333333333333
8 0.2953059581320451 1.0392666666666668 -0.3003864734299516 -0.9393333333333334
8 0.30033816425120774 1.0420533333333333 -0.3121256038647343 -0.9893333333333333
8 0.2755958132045089 0.98928 -0.25929146537842185 -0.9226666666666666
