2 0.3092230273752013 1.1590399999999998 -0.33688405797101445 -1.1232533333333334
2 0.09577294685990337 0.80128 0.1292270531400966 0.06517333333333332
2 0.41493961352657005 2.0107600000000003 -0.561231884057971 -2.19016
2 0.3626892109500805 1.5387199999999999 -0.4451207729468599 -1.7260799999999998
2 0.3586352657004831 1.4552399999999996 -0.43814009661835746 -1.6478133333333331
2 0.3538405797101449 1.3973333333333333 -0.436682769726248 -1.596213333333333
3 0.33321256038647346 1.30624 -0.4059742351046699 -1.4820799999999998
2 0.33410628019323674 1.2515866666666666 -0.38869565217391305 -1.4106933333333334
2 0.32971819645732686 1.1902133333333333 -0.37954911433172306 -1.33952
2 0.21328502415458936 0.8419733333333334 -0.14201288244766502 -0.5444266666666666
3 0.27098228663446056 0.9945333333333334 -0.28457326892109497 -0.9520533333333334
2 0.23225040257648952 0.8737733333333334 -0.1761111111111111 -0.63304
2 0.24747584541062803 0.8980666666666666 -0.2013607085346216 -0.7108
2 0.26502415458937195 0.9418133333333333 -0.2431400966183575 -0.8428266666666665
2 0.2086755233494364 0.7778 -0.1285587761674718 -0.46205333333333337
2 0.09575281803542673 0.41457333333333335 0.09958937198067634 0.2942666666666666
