2 0.3951489533011272 2.1410799999999997 -0.5073671497584542 -2.287493333333333
2 0.07286231884057971 0.7969466666666667 0.14572463768115942 0.3589066666666666
2 0.06336553945249597 0.7755866666666668 0.12673107890499194 0.16498666666666653
2 0.10381239935587762 0.8072666666666667 0.09306763285024154 -0.11661333333333322
2 0.1647181964573269 0.9159200000000001 -0.028228663446054753 -0.43066666666666664
2 0.18812399355877618 0.95068 -0.08359098228663446 -0.5606133333333334
2 0.20200885668276972 0.9344666666666667 -0.11471014492753623 -0.5643466666666667
2 0.20196859903381645 0.9596266666666666 -0.12208534621578102 -0.6752533333333334
2 0.2271658615136876 0.9568 -0.1680354267310789 -0.7349866666666667
2 0.2418317230273752 0.9826 -0.2132608695652174 -0.8391733333333334
1 0.3019605475040258 1.03992 -0.3187037037037037 -1.0205866666666668
2 0.3485789049919485 1.3295466666666667 -0.40058776167471827 -1.36928
2 0.3661513687600644 1.452533333333333 -0.45508856682769727 -1.7098666666666664
2 0.34560386473429955 1.2885466666666667 -0.4152657004830918 -1.4853066666666666
2 0.32708937198067634 1.1454933333333333 -0.36717391304347824 -1.2330666666666665
8 0.2839814814814815 1.0198266666666667 -0.2844524959742351 -0.9949066666666667
8 0.3125 1.0545466666666665 -0.3431642512077295 -1.1365599999999998
8 0.316694847020934 1.1073466666666667 -0.3616183574879227 -1.2032266666666667
