2 0.08041062801932368 0.6064799999999999 0.16082125603864736 0.7701866666666666
2 0.07727053140096618 0.8385066666666666 0.15454106280193236 0.039679999999999986
2 0.11442028985507245 0.9058533333333333 0.06853462157809984 -0.2440799999999999
2 0.14999194847020933 0.8909866666666667 -0.012930756843800325 -0.3275733333333334
2 0.16076892109500807 0.9405866666666667 -0.03208534621578099 -0.49248000000000003
2 0.18055555555555555 0.8875599999999999 -0.07384863123993561 -0.47288
2 0.2026368760064412 0.9394133333333334 -0.112890499194847 -0.61168
2 0.2043880837359098 0.9438933333333334 -0.1198550724637681 -0.6580800000000001
2 0.2263204508856683 0.9554399999999998 -0.16974235104669888 -0.7328533333333332
2 0.22685587761674716 0.9706266666666666 -0.1843880837359098 -0.7728266666666666
1 0.2985950080515298 1.0362533333333332 -0.3108937198067633 -0.9891466666666665
2 0.3617028985507246 1.4728533333333331 -0.42115136876006437 -1.47856
2 0.38253220611916267 1.5916666666666666 -0.4833574879227053 -1.882426666666667
2 0.35222222222222227 1.3365333333333334 -0.42066022544283416 -1.523893333333333
2 0.3289855072463768 1.16 -0.367536231884058 -1.2368
8 0.2714049919484702 1.024 -0.26264895330112725 -0.9421333333333332
8 0.3041143317230274 1.1073333333333333 -0.3364573268921095 -1.1810133333333335
