0 0.3230964052287582 1.1752027027027028 -0.41215686274509805 -1.2516486486486487
0 0.17109885620915033 0.7787297297297298 -0.11660947712418303 -0.15670270270270276
0 0.3191789215686275 1.2919189189189189 -0.36195261437908505 -0.9703243243243244
0 0.3327982026143791 1.3522567567567567 -0.41597222222222224 -1.145054054054054
0 0.32857843137254905 1.239918918918919 -0.4205882352941177 -1.2530270270270272
0 0.28089460784313725 1.1033513513513515 -0.3320179738562091 -0.9248648648648651
0 0.27448937908496734 1.0662162162162163 -0.3233088235294118 -0.9117297297297295
0 0.2613562091503268 1.0349054054054054 -0.29758169934640527 -0.8095945945945948
0 0.254468954248366 1.0121216216216218 -0.28462418300653597 -0.763108108108108
0 0.2996977124183007 1.0852702702702703 -0.370343137254902 -1.1275135135135135
0 0.24335375816993465 0.9215540540540542 -0.24791666666666667 -0.7204594594594594
0 0.21189950980392158 0.8131621621621622 -0.19015522875816995 -0.5182162162162163
0 0.22693627450980391 0.8616351351351352 -0.2216339869281046 -0.6158648648648649
3 0.0 0.8606621621621622 0.0 0.27327027027027034
8 0.19543300653594772 0.7785405405405406 -0.14228758169934644 -0.4068108108108108
8 0.33793709150326795 1.8687972972972975 -0.475890522875817 -2.867810810810811
