2 0.19515700483091786 0.9631866666666666 -0.08549919484702095 -0.44471999999999995
2 0.46683574879227047 2.1533333333333333 -0.6362157809983896 -2.312
2 0.39957729468599035 1.8432933333333332 -0.5014895330112722 -1.9296799999999996
2 0.2343800322061192 0.9834666666666667 -0.17048309178743964 -0.6662933333333333
2 0.3722504025764895 1.5078933333333333 -0.4531642512077295 -1.6085866666666666
2 0.2536755233494364 0.99996 -0.20976650563607083 -0.778
2 0.3575 1.38368 -0.4265136876006441 -1.48848
2 0.284573268921095 1.0261866666666666 -0.28051529790660223 -0.9538133333333332
2 0.3525885668276973 1.31216 -0.41675523349436394 -1.4188266666666667
2 0.34997584541062804 1.2727466666666667 -0.4139130434782609 -1.3949333333333334
8 0.29363123993558776 1.0434533333333331 -0.30710144927536226 -1.0698933333333331
8 0.31753220611916266 1.1573333333333333 -0.35490338164251206 -1.3032000000000001
