0 0.3335541195476575 1.2522326203208556 -0.4095638126009694 -1.2216844919786094
0 0.3415791599353797 1.284893048128342 -0.4352261712439418 -1.3033689839572191
0 0.2434127625201939 0.9629679144385026 -0.23092891760904685 -0.6192513368983956
1 0.3044063004846527 1.1024598930481282 -0.35070274636510507 -1.0958823529411765
8 0.44680129240710825 1.8249197860962565 -0.5780452342487884 -1.721764705882353
8 0.5516882067851374 2.1496925133689837 -0.7945234248788368 -2.3100802139037433
8 0.07127221324717287 0.5360294117647059 0.1394426494345719 0.5115775401069518
8 0.281062197092084 0.9999064171122994 -0.2969224555735057 -0.9217379679144385
8 0.21938610662358646 0.8221390374331551 -0.16516962843295635 -0.4939572192513369
8 0.29323101777059773 1.0401871657754012 -0.31957996768982233 -1.0022994652406416
8 0.3158885298869144 1.0860160427807486 -0.3665751211631665 -1.2162032085561496
8 0.35826736672051696 1.2679679144385028 -0.46307754442649435 -1.4634224598930479
