0 0.21450885668276973 0.8593999999999999 -0.15800322061191627 -0.3871733333333333
1 0.4997061191626409 2.029933333333333 -0.7407809983896941 -2.5587999999999997
2 0.18167069243156198 0.8986666666666666 -0.08342190016103058 -0.5098666666666667
2 0.3186191626409018 1.2565866666666665 -0.3595410628019324 -1.3956266666666666
3 0.4244565217391304 1.5981200000000002 -0.5937600644122384 -2.12888
2 0.3417914653784219 1.21832 -0.40570853462157813 -1.3869333333333331
2 0.2185426731078905 0.8889466666666667 -0.15088566827697264 -0.6433866666666667
2 0.29813607085346217 1.0477599999999998 -0.31250402576489533 -1.05792
2 0.28104267310789044 0.9980799999999999 -0.2773510466988728 -0.95312
8 0.07213768115942029 0.33765333333333336 0.14427536231884058 0.43061333333333335
8 0.3015982286634461 1.08512 -0.3347745571658615 -1.1587733333333334
