2 0.42078099838969407 2.1533333333333333 -0.5400966183574879 -2.312
2 0.15836151368760065 0.9958266666666666 0.015338164251207738 -0.19794666666666672
2 0.352962962962963 1.4385333333333334 -0.41230273752012875 -1.4464
2 0.23039452495974233 0.9973466666666666 -0.16317230273752015 -0.6217866666666665
2 0.26766908212560386 0.9996133333333334 -0.23839774557165863 -0.8135199999999999
1 0.30090579710144927 1.0404133333333334 -0.31329307568438003 -1.0009333333333335
1 0.3053945249597423 1.0527733333333331 -0.3234782608695652 -1.0367466666666665
2 0.282049114331723 1.0078933333333333 -0.2658212560386473 -0.9042666666666667
2 0.327536231884058 1.1325466666666668 -0.3661996779388084 -1.22216
2 0.3336916264090177 1.2281333333333333 -0.38252012882447667 -1.2910933333333332
8 0.3183695652173913 1.1059333333333334 -0.35490338164251206 -1.1726666666666665
