0 0.3368820678513732 1.3066711229946522 -0.4019224555735057 -1.1483155080213903
0 0.24768982229402262 0.9644786096256684 -0.21760904684975768 -0.5946256684491978
0 0.2349151857835218 0.9080213903743316 -0.18821486268174475 -0.4936363636363637
5 0.11352988691437804 0.6778342245989304 0.22705977382875608 0.6389839572192513
0 0.38344507269789985 1.4014973262032084 -0.4982956381260097 -1.5332085561497326
0 0.3673626817447496 1.3436631016042782 -0.46861873990306946 -1.431336898395722
0 0.3241680129240711 1.1957887700534757 -0.3756704361873991 -1.1366577540106952
0 0.3551857835218094 1.3505080213903744 -0.4315831987075929 -1.2418716577540108
0 0.36300080775444266 1.3542245989304813 -0.4614458804523425 -1.4024064171122994
0 0.37210823909531504 1.3725802139037433 -0.4818739903069468 -1.5125935828877006
2 0.29273828756058157 1.0678877005347593 -0.2984329563812601 -1.0135828877005344
0 0.10140953150242327 0.5812299465240641 0.0860016155088853 0.4296256684491979
5 0.131062197092084 0.8045454545454545 0.0887318255250404 0.35593582887700526
8 0.310016155088853 1.0818582887700534 -0.34138933764135704 -1.1411497326203206
