2 0.2928041901692184 1.0911436170212767 -0.30199838839645443 -1.008244680851064
2 0.19821514907332793 1.021875 -0.10490733279613215 -0.475186170212766
2 0.11002820306204675 0.7452260638297873 0.08327961321514907 -0.015452127659574474
3 0.06426269137792102 0.5482712765957446 0.12852538275584205 0.29723404255319136
2 0.23873892022562446 0.9624202127659575 -0.17970185334407732 -0.6484574468085105
2 0.1895044319097502 0.8104654255319149 -0.08103948428686543 -0.37731382978723405
2 0.15477840451248992 0.682779255319149 -0.013940370668815457 -0.17390957446808514
3 0.22468976631748586 0.8828191489361702 -0.19076551168412567 -0.6369148936170214
7 0.25257453666398066 0.9783244680851063 -0.25638195004029 -0.8347872340425532
4 0.26682917002417406 0.9729122340425531 -0.2873247381144239 -0.9060904255319148
