0 0.357140549273021 1.4849732620320855 -0.45817447495961233 -1.2301604278074865
0 0.38871970920840065 1.5919518716577539 -0.5368093699515347 -1.4980213903743314
0 0.16330775444264944 0.7655347593582887 -0.059652665589660744 -0.016684491978609647
0 0.32089256865912763 1.194639037433155 -0.37595315024232634 -1.1025935828877005
0 0.3756058158319871 1.4586363636363635 -0.5006785137318255 -1.4780213903743313
0 0.496142972536349 2.064090909090909 -0.7685218093699516 -2.358128342245989
0 0.5008360258481421 1.9389438502673795 -0.7729483037156705 -2.3190106951871656
0 0.21356623586429727 0.899398395721925 -0.1559854604200323 -0.3488502673796792
7 0.21557754442649435 0.8898930481283421 -0.09175282714054928 -0.2796791443850268
0 0.20168416801292408 0.8524866310160428 -0.13564620355411955 -0.2468449197860962
0 0.485359450726979 1.9524064171122995 -0.7493618739903071 -2.390106951871658
2 0.2765266558966074 1.0295053475935827 -0.2931502423263328 -0.969331550802139
2 0.21974555735056545 0.9533689839572193 -0.19480613893376414 -0.6902139037433155
3 0.24347738287560583 0.9607486631016042 -0.23317447495961227 -0.7757219251336898
8 0.34148626817447497 1.279090909090909 -0.3959450726978999 -1.3467379679144387
