2 0.24347423510466987 0.97392 -0.20636876006441224 -0.8451733333333334
2 0.33311996779388087 1.2232 -0.38822061191626417 -1.3079466666666666
2 0.283743961352657 1.0547866666666665 -0.2783574879227053 -0.94984
2 0.18150161030595813 0.9250799999999999 -0.07842995169082126 -0.5804533333333334
2 0.16369967793880838 0.90356 -0.04330917874396137 -0.48706666666666676
2 0.1330756843800322 0.8987599999999999 0.028196457326892094 -0.3282399999999999
2 0.0709621578099839 0.89296 0.1419243156199678 -0.16096000000000002
2 0.07013687600644122 0.6804933333333333 0.14027375201288245 0.4758666666666667
2 0.364951690821256 1.5183866666666666 -0.4226570048309179 -1.5438666666666667
2 0.4296658615136876 2.1533333333333333 -0.5181723027375201 -2.312
8 0.32549919484702095 1.1212266666666668 -0.367487922705314 -1.22544
8 0.31082125603864735 1.0656533333333333 -0.34652173913043477 -1.1476799999999998
