3 0.32007246376811593 1.3294800000000002 -0.3856843800322061 -1.2540533333333335
2 0.19576086956521738 0.9575199999999999 -0.08686795491143316 -0.49456000000000006
2 0.13197262479871175 0.81496 0.006827697262479886 -0.21114666666666668
2 0.28896135265700484 1.113813333333333 -0.29806763285024157 -1.036693333333333
2 0.4368760064412239 1.7791333333333332 -0.5918196457326892 -2.199333333333333
2 0.3563244766505636 1.2918666666666665 -0.4483816425120773 -1.4962666666666666
3 0.3682971014492753 1.3560666666666665 -0.5007971014492754 -1.6665866666666667
2 0.4696175523349436 1.92432 -0.6774959742351047 -2.5263999999999998
2 0.5247866344605475 1.98556 -0.7656924315619967 -2.6475466666666665
4 0.33715780998389694 1.2777466666666668 -0.468389694041868 -1.5003466666666665
7 0.08567230273752013 0.72492 0.17134460547504027 0.006160000000000006
2 0.07751207729468598 0.5714400000000001 0.15502415458937197 0.2766933333333334
7 0.08188808373590982 0.3827866666666666 0.16377616747181964 0.6047733333333333
7 0.07945249597423511 0.42695999999999995 0.13154589371980677 0.3699733333333333
