2 0.18336151368760062 0.9583066666666666 -0.060539452495974234 -0.38498666666666664
2 0.4990458937198068 2.1533333333333333 -0.6978502415458937 -2.312
2 0.4067713365539452 1.96728 -0.5172141706924316 -2.0588266666666666
2 0.22871175523349435 0.9786933333333333 -0.15855072463768116 -0.6347733333333332
2 0.3754951690821256 1.5457999999999998 -0.45907407407407413 -1.6441333333333334
2 0.24985507246376812 0.9962399999999999 -0.20209339774557167 -0.7590933333333332
2 0.3586473429951691 1.4007066666666665 -0.4294363929146538 -1.5048799999999998
2 0.2830032206119163 1.0232533333333331 -0.2775040257648954 -0.9444266666666665
2 0.3531964573268921 1.3215466666666666 -0.41888888888888887 -1.4289066666666668
2 0.35026972624798713 1.27828 -0.41537037037037033 -1.4013066666666667
8 0.2969847020933978 1.1628933333333333 -0.3154830917874396 -1.3087733333333333
