2 0.07371980676328503 0.8136 0.14743961352657006 0.08325333333333325
2 0.1285829307568438 0.8837866666666665 0.004331723027375198 -0.33877333333333337
2 0.3644726247987118 1.6162933333333334 -0.4249838969404187 -1.5704533333333335
2 0.3387520128824476 1.3059866666666666 -0.39020933977455713 -1.3321866666666664
2 0.19743961352657005 0.9425066666666666 -0.10463768115942028 -0.6201066666666666
2 0.3363003220611916 1.2390533333333333 -0.37499999999999994 -1.2833866666666667
2 0.3301046698872786 1.1877866666666668 -0.3719484702093398 -1.240106666666667
2 0.25154186795491146 0.9688933333333334 -0.22060386473429952 -0.8080266666666667
8 0.27433977455716585 1.0462266666666666 -0.2584541062801932 -1.0310133333333333
8 0.3112399355877617 1.1059466666666666 -0.33729468599033813 -1.1837866666666668
