2 0.3975925925925926 1.94972 -0.4921095008051529 -1.9291466666666661
2 0.25378824476650563 1.0863733333333332 -0.22384057971014493 -0.7576000000000002
5 0.39848631239935584 1.6051599999999997 -0.4935748792270531 -1.4351733333333334
2 0.08356280193236715 1.0411066666666666 0.1671256038647343 -0.08754666666666662
2 0.3624194847020934 1.38244 -0.41168276972624795 -1.4303733333333333
2 0.37747987117552334 1.5245066666666667 -0.4431561996779388 -1.56144
2 0.29907809983896944 1.0743999999999998 -0.29852657004830924 -0.9938666666666666
2 0.2774235104669887 1.0768799999999998 -0.24847020933977457 -0.8542933333333333
2 0.35884057971014494 1.3259733333333332 -0.4108695652173914 -1.3901333333333332
2 0.3522222222222222 1.2738 -0.3994202898550725 -1.3490933333333333
2 0.3477173913043478 1.2446133333333333 -0.39256843800322055 -1.3211733333333335
8 0.31921095008051525 1.15456 -0.3414814814814815 -1.2587733333333333
