2 0.07771739130434784 0.86052 0.15543478260869567 0.2736266666666667
1 0.23746779388083736 0.97632 -0.20119967793880836 -0.5644266666666665
1 0.2561513687600644 1.01236 -0.23210950080515297 -0.6574133333333333
2 0.23076489533011274 0.9531866666666666 -0.16433172302737523 -0.6425333333333334
1 0.2773429951690822 1.0054400000000001 -0.27331723027375204 -0.8442666666666667
2 0.2727053140096618 0.9989733333333333 -0.2535748792270532 -0.8918666666666668
2 0.32844605475040256 1.1655466666666667 -0.37323671497584543 -1.2514133333333333
2 0.4124154589371981 2.1533333333333333 -0.5538969404186795 -2.312
8 0.31962962962962965 1.1017866666666665 -0.35909822866344604 -1.1865599999999998
8 0.3481441223832528 1.2462266666666668 -0.43458132045088566 -1.3698933333333334
