2 0.08689210950080516 0.7847466666666666 0.1737842190016103 0.4251733333333333
2 0.14183977455716584 0.8818666666666666 0.03946054750402576 -0.13509333333333323
2 0.19929951690821257 0.90756 -0.08466988727858295 -0.3980533333333334
2 0.22948067632850241 0.9379466666666667 -0.150426731078905 -0.5869866666666668
2 0.40742753623188405 1.6767600000000003 -0.5754830917874396 -2.20872
2 0.4008091787439613 1.56352 -0.5674315619967794 -2.0294399999999997
2 0.38793880837359096 1.5182533333333335 -0.5292592592592593 -1.9362399999999997
2 0.5402657004830917 1.8868133333333335 -0.87487922705314 -2.8450399999999996
2 0.5206964573268921 1.8857599999999999 -0.8344041867954911 -2.8471466666666667
2 0.37352657004830914 1.4466133333333333 -0.49231884057971015 -1.81248
2 0.25279790660225443 0.96568 -0.20508051529790658 -0.7381866666666668
2 0.34061594202898554 1.2717466666666668 -0.3998631239935588 -1.36488
2 0.33639291465378424 1.23024 -0.3922383252818035 -1.3186133333333334
8 0.2772745571658615 1.0170533333333331 -0.2643236714975845 -0.9059999999999999
8 0.31082125603864735 1.0739866666666666 -0.3414814814814815 -1.1476533333333332
8 0.32759661835748793 1.16428 -0.36831723027375207 -1.26152
