2 0.39813204508856687 1.91844 -0.4978582930756843 -1.9935733333333334
2 0.2688365539452496 1.0478266666666665 -0.25585346215780996 -0.9913333333333332
0 0.25208132045088566 0.92564 -0.2302818035426731 -0.66296
1 0.4248590982286634 1.61364 -0.5773027375201288 -1.971013333333333
2 0.35811191626409017 1.3301333333333332 -0.44698067632850247 -1.6126933333333333
2 0.4318840579710145 1.5953866666666665 -0.5989371980676328 -2.1679466666666665
3 0.5267351046698873 1.91032 -0.8031803542673107 -2.7980266666666664
2 0.2475402576489533 0.9478266666666666 -0.2092512077294686 -0.79736
2 0.16421900161030595 0.6763866666666666 -0.035008051529790654 -0.22888000000000003
2 0.30299114331723026 1.0561866666666668 -0.3264653784219001 -1.1013333333333335
2 0.2881280193236715 1.01296 -0.29316425120772943 -1.0007466666666665
8 0.07682367149758454 0.42816 0.13992753623188406 0.2884266666666666
8 0.23995571658615136 0.8281733333333333 -0.19303542673107887 -0.6170933333333333
8 0.31082125603864735 1.1253866666666665 -0.3414814814814815 -1.27264
8 0.3422745571658615 1.1684533333333333 -0.41110305958132043 -1.3754666666666668
