2 0.09419887278582931 0.8627733333333332 0.1389291465378422 0.12021333333333328
2 0.23073268921095008 1.0369866666666667 -0.15468599033816424 -0.6005333333333335
2 0.1710265700483092 0.8971333333333333 -0.026948470209339773 -0.26360000000000006
1 0.3861352657004831 1.5647199999999999 -0.48711755233494364 -1.6605333333333334
2 0.5053582930756844 1.9889466666666666 -0.7700241545893719 -2.640773333333333
1 0.3989009661835749 1.6428266666666664 -0.5140177133655395 -1.7346133333333333
2 0.2749194847020934 1.0290133333333333 -0.2557165861513688 -0.8644266666666667
2 0.2967391304347826 1.0268533333333332 -0.30045088566827693 -0.9985066666666664
2 0.327073268921095 1.2536266666666667 -0.3665780998389694 -1.3622933333333331
2 0.3184299516908213 1.17452 -0.3496940418679549 -1.2566666666666668
3 0.25270531400966184 1.03396 -0.22916264090177135 -0.78056
8 0.3649194847020934 1.2740133333333332 -0.4681320450885669 -1.5032266666666667
