0 0.3166720516962844 1.2925267379679144 -0.3732310177705978 -0.9817914438502673
0 0.33563408723747984 1.3750534759358288 -0.4215751211631665 -1.1670053475935829
0 0.169672859450727 0.8460695187165775 -0.0845476575121163 -0.039465240641711204
1 0.20054927302100162 1.0109358288770054 -0.1424232633279483 -0.2902673796791444
1 0.2544547657512116 1.0389973262032086 -0.23981421647819062 -0.7041443850267378
1 0.2534571890145396 0.9862299465240641 -0.23951534733441035 -0.6883957219251335
0 0.35942245557350566 1.2966042780748663 -0.45685783521809376 -1.3914973262032084
2 0.26347738287560585 0.9756550802139037 -0.25692245557350574 -0.8603475935828876
8 0.09099353796445882 0.49991978609625665 0.10000000000000002 0.43935828877005345
8 0.28526252019386106 1.0457620320855614 -0.29524232633279485 -1.0412032085561498
