2 0.3118961352657005 1.2029466666666666 -0.33213365539452494 -1.10904
2 0.4393880837359098 2.1318533333333334 -0.6136231884057971 -2.2690400000000004
2 0.36515700483091784 1.4684933333333332 -0.44284219001610303 -1.6209866666666666
2 0.34772141706924314 1.3490533333333334 -0.4046054750402576 -1.4956533333333333
2 0.15585346215780999 0.8655866666666667 -0.010386473429951696 -0.23223999999999992
2 0.25080917874396136 0.9703599999999999 -0.20878421900161034 -0.7572533333333333
2 0.10975442834138487 0.7071066666666666 0.09195652173913042 0.003226666666666612
2 0.16928341384863124 0.7743999999999999 -0.04805152979066023 -0.26687999999999995
2 0.2880354267310789 1.0351866666666667 -0.2845410628019324 -0.9873333333333335
2 0.22223027375201287 0.874 -0.15009661835748794 -0.5841066666666667
2 0.2596819645732689 0.9616666666666667 -0.22443639291465378 -0.8218400000000001
2 0.07712962962962963 0.3973333333333333 0.15425925925925926 0.5696
2 0.07433977455716587 0.44222666666666666 0.14867954911433173 0.33538666666666667
2 0.3284339774557166 1.1446666666666667 -0.3702173913043479 -1.2415466666666664
2 0.180402576489533 0.7531733333333333 -0.06655394524959742 -0.34842666666666655
