2 0.08162238325281804 1.008 0.16324476650563607 -0.021333333333333333
2 0.44553542673107893 2.1533333333333333 -0.6319082125603864 -2.312
2 0.2228985507246377 1.0240933333333333 -0.1651851851851852 -0.5956533333333334
2 0.24446859903381643 1.0348666666666666 -0.2008373590982287 -0.7775733333333333
2 0.37874396135265703 1.3759466666666667 -0.5014975845410629 -1.7834133333333333
2 0.4376529790660226 1.9521466666666667 -0.5848228663446055 -1.9955466666666668
2 0.4392552334943639 1.8181866666666664 -0.6058695652173913 -2.13728
2 0.36993961352657007 1.5139066666666667 -0.48408212560386477 -1.8679733333333333
2 0.5527495974235106 1.9670933333333331 -0.840378421900161 -2.68448
2 0.486670692431562 1.8321466666666668 -0.7124718196457328 -2.575333333333333
