2 0.4653743961352657 2.1533333333333333 -0.587109500805153 -2.312
2 0.05711755233494364 0.7078666666666666 0.11423510466988727 0.5430933333333332
2 0.07249194847020933 0.81484 0.14498389694041866 0.09229333333333337
2 0.08010869565217392 0.85964 0.1117793880837359 -0.18919999999999995
2 0.1814412238325282 0.9166799999999999 -0.08342995169082128 -0.5739466666666667
2 0.2096900161030596 0.9462933333333333 -0.15309983896940416 -0.6917333333333332
2 0.3447262479871176 1.31856 -0.3961996779388084 -1.3648533333333333
2 0.38046296296296295 1.8338399999999997 -0.4603462157809984 -1.7685866666666668
2 0.3321417069243156 1.2174933333333333 -0.38278582930756844 -1.285173333333333
2 0.23667471819645733 0.9746666666666667 -0.18988727858293075 -0.8063466666666668
8 0.2852415458937198 1.1239999999999999 -0.2886473429951691 -1.2198933333333335
