2 0.08225442834138486 1.0182133333333334 0.1645088566827697 -0.04176000000000007
2 0.4081320450885668 2.1533333333333333 -0.5138808373590983 -2.312
1 0.39085346215781 1.4268799999999997 -0.47967793880837356 -1.4904
2 0.2632407407407407 1.0564133333333332 -0.2173349436392915 -0.7505866666666667
2 0.34116747181964574 1.32732 -0.3887600644122383 -1.32456
3 0.33235909822866344 1.2344533333333334 -0.37293075684380034 -1.2547733333333335
2 0.2927053140096619 1.0502799999999999 -0.28454106280193237 -0.9550133333333333
3 0.3280152979066022 1.1826133333333333 -0.37121578099838964 -1.2339200000000001
8 0.30914653784219004 1.0628933333333332 -0.31800322061191627 -1.0643466666666666
8 0.31962962962962965 1.09484 -0.3406441223832528 -1.1504266666666665
