2 0.24249597423510466 0.9194666666666667 -0.19523349436392917 -0.66528
3 0.21228663446054752 0.8343466666666667 -0.14975845410628022 -0.5343999999999999
2 0.14835346215780998 0.75852 0.019186795491143303 -0.08333333333333333
2 0.1090780998389694 0.6372666666666666 0.11097423510466987 0.16354666666666662
0 0.24255636070853462 0.8501199999999999 -0.18442028985507244 -0.5679199999999999
2 0.14933574879227052 0.6301466666666666 0.011876006441223833 -0.10706666666666668
2 0.4243800322061192 1.4913999999999998 -0.5757165861513688 -1.95656
8 0.440402576489533 1.5754 -0.624122383252818 -2.1504266666666667
8 0.4764653784219001 1.6267733333333332 -0.694573268921095 -2.28656
8 0.48779388083735914 1.7142933333333332 -0.7155555555555556 -2.467146666666667
8 0.5154790660225443 1.8573733333333333 -0.7843397745571659 -2.7643999999999997
8 0.18627214170692433 0.7295466666666668 -0.0672302737520129 -0.32544000000000006
8 0.26133655394524963 0.9503866666666666 -0.22909822866344606 -0.78376
