2 0.0661634460547504 1.0408266666666666 0.1323268921095008 -0.08698666666666667
2 0.49226650563607083 2.1312533333333334 -0.700330112721417 -2.3561599999999996
2 0.30446859903381646 1.2939466666666666 -0.31246376811594206 -1.1890666666666665
0 0.46274557165861513 1.63524 -0.6711916264090177 -2.1253066666666665
2 0.45411030595813207 1.713853333333333 -0.6262560386473429 -2.14872
2 0.35901771336553945 1.3381866666666666 -0.44001610305958133 -1.5164799999999998
2 0.3726731078904992 1.3482 -0.4689049919484702 -1.5893599999999999
8 0.2898550724637681 1.2031733333333332 -0.3062640901771337 -1.3782400000000001
8 0.3879830917874396 1.411493333333333 -0.504194847020934 -1.756
8 0.4299194847020934 1.51984 -0.5914170692431562 -2.03376
8 0.4483695652173913 1.5823333333333334 -0.6165780998389694 -2.0198666666666667
8 0.4181763285024155 1.4337199999999999 -0.561231884057971 -1.8949066666666667
