2 0.3095406929895246 1.2311037234042552 -0.3345366639806608 -1.1241755319148936
2 0.08463336019339242 0.7375664893617021 0.16926672038678484 0.5195478723404255
2 0.0749798549556809 0.6337765957446808 0.1499597099113618 0.3905319148936171
2 0.174085414987913 0.9634441489361701 -0.04836422240128929 -0.38603723404255313
7 0.19449234488315875 1.0248404255319148 -0.2271313456889605 -0.7775531914893618
7 0.2703585817888799 1.0144946808510638 -0.3095004029008863 -0.9855851063829788
2 0.12331990330378725 0.6536436170212766 0.05110394842868654 -0.045212765957446804
3 0.1685334407735697 0.7455718085106384 -0.07223207091055599 -0.34082446808510647
2 0.3348348106365834 1.1845877659574469 -0.37242546333601934 -1.246409574468085
2 0.3561885576148267 1.2392154255319148 -0.4171796937953264 -1.4133776595744678
