2 0.5643719806763284 2.1533333333333333 -0.8564573268921095 -2.312
2 0.20774557165861512 1.1780799999999998 -0.1239452495974235 -0.6512533333333332
2 0.41670692431561995 2.1533333333333333 -0.5188566827697262 -2.312
2 0.39133252818035424 1.7897599999999998 -0.49530595813204514 -1.8240533333333333
2 0.5177214170692431 1.9547199999999998 -0.8029790660225443 -2.709226666666667
3 0.47046698872785836 1.9566266666666667 -0.7199838969404188 -2.670853333333333
3 0.42910628019323677 1.7690799999999998 -0.6173752012882447 -2.28696
2 0.2664613526570048 1.0851066666666664 -0.2393478260869565 -0.8621066666666666
2 0.28147342995169083 1.0992666666666666 -0.27600644122383255 -0.9890933333333333
2 0.4122141706924316 1.5345466666666665 -0.5549114331723027 -1.9617866666666666
2 0.3615539452495974 1.3167466666666665 -0.43979066022544283 -1.48064
2 0.3043236714975845 1.1153066666666667 -0.3255877616747182 -1.1122666666666665
4 0.33229871175523346 1.222 -0.42643317230273753 -1.4127999999999998
8 0.0898268921095008 0.46844 0.1390901771336554 0.1967733333333333
8 0.15062801932367148 0.5920399999999999 0.004057971014492747 -0.06711999999999996
8 0.1929830917874396 0.7059466666666667 -0.07226247987117553 -0.31711999999999996
8 0.3112399355877617 1.1212133333333332 -0.3473590982286634 -1.1976799999999999
8 0.377524154589372 1.3784399999999999 -0.49071658615136876 -1.7173066666666665
