2 0.2943352135374698 1.0912632978723404 -0.30657534246575346 -1.0228989361702128
2 0.18122078968573732 1.0366356382978723 -0.06945205479452055 -0.3959840425531916
2 0.07659951651893634 0.7209840425531916 0.1531990330378727 0.1501063829787234
3 0.06448025785656727 0.4965691489361702 0.12896051571313455 0.4176063829787235
2 0.2347179693795326 0.9676728723404255 -0.17130539887187748 -0.6305053191489361
2 0.17929089443996776 0.8014627659574468 -0.06009669621273168 -0.33026595744680853
2 0.1442989524576954 0.6677792553191488 0.00639000805801771 -0.12789893617021278
3 0.22276390008058017 0.8873670212765956 -0.1890733279613215 -0.6354787234042553
7 0.2525141015310234 0.9832845744680851 -0.2584045124899274 -0.8386436170212765
4 0.27009669621273164 0.9853856382978723 -0.294955680902498 -0.9303457446808509
