2 0.30370668815471397 1.111183510638298 -0.32180499597099116 -1.0722074468085105
2 0.07179290894439967 0.8262632978723404 0.14358581788879934 0.34215425531914895
2 0.07705479452054795 0.6619148936170213 0.1541095890410959 0.28063829787234035
2 0.15404109589041096 0.7997207446808511 -0.024101531023368247 -0.2547074468085106
2 0.22594278807413373 1.0061170212765957 -0.154754230459307 -0.6190425531914894
2 0.20948025785656726 0.8679521276595745 -0.12456889605157132 -0.5138297872340425
2 0.27143432715551974 1.0219946808510638 -0.24705882352941172 -0.8623404255319149
2 0.2562731668009669 0.9330984042553192 -0.22187751813053985 -0.7694414893617021
3 0.2808904109589041 1.01156914893617 -0.2984609186140209 -0.9704255319148936
2 0.07546736502820306 0.43660904255319155 0.15093473005640612 0.5591755319148937
2 0.10452054794520549 0.6239228723404255 0.08878323932312651 0.06364361702127662
