2 0.23091384863123995 0.9551066666666667 -0.1742109500805153 -0.7617866666666665
2 0.3314573268921095 1.23572 -0.3817874396135265 -1.2913866666666667
2 0.2749919484702093 1.04716 -0.2544766505636071 -0.87672
2 0.14134057971014494 0.8884666666666665 0.007673107890499195 -0.39821333333333325
2 0.11183574879227054 0.8628 0.0739291465378422 -0.2330666666666666
2 0.0758937198067633 0.8479466666666667 0.1517874396135266 0.03471999999999995
2 0.0740780998389694 0.7905466666666666 0.1481561996779388 0.41357333333333335
2 0.3772342995169082 1.7402266666666668 -0.435402576489533 -1.69336
8 0.32256441223832527 1.1115066666666666 -0.35825281803542675 -1.1948533333333333
8 0.3078864734299517 1.05872 -0.33393719806763283 -1.1115733333333333
