2 0.09047101449275362 0.7501466666666666 0.15185990338164249 0.2638666666666665
2 0.2801207729468599 1.0608666666666666 -0.259194847020934 -0.9048266666666668
2 0.3463808373590982 1.3571466666666665 -0.4242270531400966 -1.5719999999999998
2 0.27460144927536234 1.0187066666666666 -0.25245571658615135 -0.8622133333333332
2 0.20932367149758455 0.7914399999999999 -0.11344605475040258 -0.40687999999999996
2 0.32614734299516907 1.2565199999999999 -0.36831723027375196 -1.3958133333333331
2 0.26723027375201286 0.9447466666666667 -0.24310789049919485 -0.8063999999999999
3 0.3668880837359098 2.1533333333333333 -0.5715056360708535 -2.312
2 0.32252415458937195 1.4322533333333334 -0.3330515297906602 -1.2942666666666665
8 0.2265338164251208 0.8087199999999999 -0.1443880837359098 -0.5004266666666667
8 0.23869565217391303 0.8851066666666665 -0.18549114331723024 -0.7032266666666666
