2 0.42123993558776174 2.1533333333333333 -0.5141223832528181 -2.312
2 0.08887681159420291 0.9334933333333333 0.17775362318840582 0.12768
2 0.16708534621578097 1.0049066666666666 -0.01597423510466989 -0.23376000000000005
2 0.22241143317230275 1.0165733333333333 -0.13132850241545896 -0.5536266666666665
2 0.3732528180354267 1.7487333333333333 -0.4480032206119162 -1.74136
2 0.35881642512077294 1.4408666666666667 -0.4232689210950081 -1.4788
2 0.44279388083735904 1.7739333333333331 -0.6360225442834138 -2.351333333333333
2 0.3307608695652174 1.1976666666666667 -0.3689935587761675 -1.2580533333333332
2 0.3117512077294686 1.1078933333333332 -0.32830112721417076 -1.1290133333333332
2 0.29610708534621577 1.0587466666666665 -0.30002415458937204 -1.0552
1 0.272914653784219 0.9570400000000001 -0.2556038647342995 -0.8362666666666667
