3 0.0 1.07424 0.0 -0.15381333333333336
2 0.3537761674718196 1.909773333333333 -0.45676328502415453 -2.1523466666666664
3 0.21544685990338167 1.1054799999999998 -0.19588566827697265 -0.7265866666666666
0 0.504279388083736 1.8309333333333333 -0.7659661835748792 -2.389546666666667
0 0.4704307568438003 1.7302 -0.6987842190016103 -2.11768
0 0.36942834138486313 1.31596 -0.4724959742351047 -1.4707466666666666
2 0.33744363929146537 1.2532933333333334 -0.392037037037037 -1.3221066666666665
2 0.3301932367149758 1.2158133333333334 -0.37933977455716583 -1.2698666666666665
0 0.3090177133655394 1.06772 -0.34879227053140094 -1.11736
0 0.31323671497584543 1.0761733333333334 -0.3549275362318841 -1.1300533333333334
2 0.2895772946859903 1.0122 -0.30699677938808373 -1.0144266666666666
