2 0.3097423510466989 1.1395866666666665 -0.33877616747181966 -1.1283466666666666
2 0.43565619967793884 2.1239333333333335 -0.580925925925926 -2.2532
2 0.38292673107890496 1.7645333333333333 -0.4972705314009662 -1.8844266666666665
2 0.3678059581320451 1.5966 -0.4568357487922705 -1.7835999999999996
2 0.35462157809983896 1.4852 -0.4388566827697263 -1.6693866666666666
2 0.3562359098228664 1.4099466666666667 -0.430780998389694 -1.5876266666666663
2 0.34786634460547505 1.3655333333333335 -0.415378421900161 -1.5619466666666666
2 0.28558373590982283 0.9898 -0.28540257648953293 -0.9602933333333333
2 0.26581320450885665 0.9628933333333334 -0.23975845410628016 -0.8227466666666667
2 0.3370008051529791 1.2683866666666666 -0.39649758454106276 -1.4455199999999997
2 0.3312117552334944 1.2189999999999999 -0.3826167471819646 -1.3766133333333332
3 0.3252053140096618 1.1831466666666666 -0.37883252818035423 -1.3334400000000002
2 0.2592270531400966 0.92512 -0.23561996779388084 -0.8056533333333333
2 0.25055555555555553 0.8765066666666667 -0.217085346215781 -0.7297599999999999
8 0.2953059581320451 1.0087199999999998 -0.3121256038647343 -1.03376
