2 0.5410829307568438 2.1387866666666664 -0.7648228663446055 -2.3410933333333337
2 0.34942028985507245 1.3712533333333334 -0.3953140096618358 -1.3934399999999998
2 0.07883252818035426 0.6967333333333332 0.15766505636070852 0.6012
2 0.07722624798711755 0.7618933333333332 0.1544524959742351 0.20565333333333327
2 0.13832528180354267 0.8948666666666666 0.030257648953301138 -0.3357066666666666
2 0.18281400966183575 0.9121866666666666 -0.0562721417069243 -0.47658666666666666
2 0.3335748792270531 1.2387466666666667 -0.3687761674718196 -1.27024
2 0.24376006441223833 0.9921733333333332 -0.18679549114331723 -0.7969333333333334
2 0.24684380032206119 0.9576 -0.2102093397745572 -0.7886933333333332
2 0.3247141706924316 1.1382533333333333 -0.3627777777777778 -1.2048266666666667
8 0.2755958132045089 1.06704 -0.2710305958132045 -1.0615466666666664
8 0.31585346215780996 1.0906533333333333 -0.3498711755233494 -1.1754399999999998
