2 0.31164653784219 1.0932133333333334 -0.3370450885668277 -1.1193333333333333
2 0.36187600644122386 1.5274133333333333 -0.42048309178743964 -1.5032533333333333
2 0.3490982286634461 1.3850666666666667 -0.4077938808373591 -1.4237333333333335
2 0.2986795491143317 1.0411066666666666 -0.3075040257648953 -1.02744
2 0.34021739130434786 1.2526133333333331 -0.39098228663446055 -1.3203733333333332
2 0.3328059581320451 1.2187866666666667 -0.38203703703703706 -1.2857333333333332
2 0.2300040257648953 0.8552266666666667 -0.16187600644122385 -0.6253866666666668
0 0.3510829307568438 1.2345066666666666 -0.43261674718196463 -1.3650666666666667
8 0.2504347826086956 0.9323199999999999 -0.20729468599033815 -0.78656
8 0.3229830917874396 1.1420666666666666 -0.3624557165861514 -1.2004533333333334
