3 0.2433816425120773 0.9105066666666666 -0.20834138486312398 -0.6839999999999999
1 0.28943236714975845 1.1741066666666666 -0.29762479871175523 -0.8831466666666666
2 0.360805152979066 1.54932 -0.42774557165861515 -1.5019466666666668
2 0.3179911433172303 1.33372 -0.3362721417069243 -1.248133333333333
2 0.16132447665056363 0.7976266666666667 -0.015628019323671496 -0.16805333333333328
3 0.18384863123993558 0.8061733333333333 -0.06748792270531401 -0.26557333333333333
2 0.29126006441223834 1.1467866666666666 -0.2913285024154589 -1.02488
2 0.28146940418679545 1.0836266666666667 -0.268268921095008 -0.9546133333333333
2 0.19927536231884058 0.78624 -0.09225442834138488 -0.32576000000000005
2 0.27626409017713366 1.0199866666666666 -0.25305958132045087 -0.8707466666666666
8 0.26343397745571656 0.9698266666666666 -0.23496779388083738 -0.8004533333333332
8 0.18836956521739132 0.80316 -0.11335748792270534 -0.52824
