2 0.3097302737520129 1.15004 -0.33559581320450893 -1.1371466666666667
2 0.07708937198067634 0.7206533333333334 0.15417874396135267 0.55336
2 0.10475040257648953 0.8499333333333333 0.07956521739130434 -0.014533333333333303
2 0.189134460547504 0.8996000000000001 -0.0856441223832528 -0.49546666666666667
2 0.2652173913043478 1.0774533333333334 -0.23016103059581322 -0.8274933333333334
2 0.27671497584541066 1.0753066666666666 -0.2642995169082126 -0.9227733333333332
2 0.23357085346215778 0.9713466666666666 -0.18456521739130433 -0.77592
2 0.38216586151368764 1.8043333333333333 -0.4548148148148148 -1.751706666666667
4 0.3083615136876006 1.4575333333333331 -0.48218196457326895 -1.5865333333333331
0 0.41505636070853463 1.54584 -0.5665378421900161 -1.6762133333333333
2 0.334110305958132 1.2107599999999998 -0.3847745571658615 -1.2972
4 0.3106924315619968 1.15368 -0.3896940418679549 -1.2577066666666668
2 0.3064814814814815 1.10316 -0.3314009661835749 -1.10568
2 0.11660628019323671 0.60116 0.05899355877616748 0.016080000000000004
