2 0.2343317230273752 0.9868666666666666 -0.16967793880837362 -0.6569333333333333
2 0.4880193236714976 2.1533333333333333 -0.6363768115942028 -2.312
2 0.3976771336553945 1.8383333333333334 -0.5073993558776168 -1.9338933333333335
2 0.37612318840579706 1.5252533333333333 -0.4592512077294687 -1.6325866666666666
2 0.2563405797101449 1.00308 -0.2176892109500805 -0.7895733333333333
2 0.3619001610305958 1.3872 -0.4364573268921094 -1.50768
2 0.268719806763285 1.0147599999999999 -0.2442028985507246 -0.8686133333333333
2 0.3524597423510467 1.31564 -0.41929951690821254 -1.4364000000000001
2 0.2916908212560387 1.0396533333333333 -0.2961835748792271 -1.0025600000000001
8 0.3305314009661836 1.1795466666666667 -0.3859420289855073 -1.3365866666666666
