2 0.14927133655394523 0.93064 -0.00036231884057972386 -0.2195733333333334
1 0.2655233494363929 0.9991066666666667 -0.2537520128824477 -0.7609866666666667
1 0.2771859903381642 1.0232933333333334 -0.27471014492753626 -0.8253066666666666
2 0.2479790660225443 0.9683733333333333 -0.20384863123993557 -0.74432
1 0.28556763285024156 1.0125600000000001 -0.29015297906602255 -0.9093866666666668
2 0.32814009661835747 1.1566933333333334 -0.3733977455716586 -1.2504
2 0.36711755233494364 1.8123733333333332 -0.4577294685990338 -1.7365866666666667
8 0.3410144927536232 1.1781599999999999 -0.41193236714975845 -1.3837866666666665
8 0.34682367149758453 1.2286533333333334 -0.4307487922705314 -1.3702666666666663
8 0.3168921095008052 1.1059866666666667 -0.36312399355877617 -1.2151200000000002
