2 0.31677133655394524 1.23176 -0.33560386473429954 -1.1464533333333333
0 0.4901932367149759 1.8330266666666666 -0.7160386473429952 -2.2458400000000003
2 0.5179227053140096 1.9571866666666664 -0.7492431561996779 -2.704293333333333
2 0.21666666666666667 0.84268 -0.13238325281803545 -0.5047733333333332
1 0.3796256038647343 1.3975466666666665 -0.47392109500805146 -1.6057599999999999
3 0.3333816425120773 1.2256533333333333 -0.3918357487922705 -1.2932266666666667
0 0.2822463768115942 1.01396 -0.27882447665056365 -0.8291466666666668
3 0.25288244766505635 0.9112133333333332 -0.21262479871175527 -0.7255733333333334
2 0.2669524959742351 1.0235066666666666 -0.23986312399355875 -0.90104
2 0.30944444444444447 1.13832 -0.3204347826086957 -1.0698133333333335
8 0.2391143317230274 0.8545599999999999 -0.177938808373591 -0.6143466666666666
