2 0.4934661835748792 2.1533333333333333 -0.6888808373590982 -2.312
2 0.184975845410628 1.1099066666666668 -0.050080515297906594 -0.4425866666666666
0 0.4023188405797101 1.4531866666666668 -0.5381803542673107 -1.67464
2 0.3934863123993559 1.5654666666666666 -0.49119162640901765 -1.7214933333333335
2 0.38272544283413845 1.4554933333333335 -0.4700885668276973 -1.6334400000000002
2 0.2816908212560386 1.1141733333333332 -0.2660225442834138 -0.94488
2 0.2993317230273752 1.1218933333333334 -0.3020289855072464 -1.036
2 0.377463768115942 1.38748 -0.46109500805152975 -1.5668000000000002
2 0.3251368760064412 1.1758133333333334 -0.35826086956521735 -1.224533333333333
2 0.3563526570048309 1.2730133333333333 -0.4232206119162641 -1.4660799999999998
8 0.2282085346215781 0.9587199999999999 -0.1527777777777778 -0.8226666666666667
