2 0.307914653784219 1.0828933333333335 -0.33342995169082124 -1.1074933333333332
2 0.26595813204508856 1.03352 -0.23972624798711756 -0.8356266666666666
2 0.3922946859903382 2.0229333333333335 -0.48809983896940423 -2.0512
2 0.35590579710144926 1.5774800000000002 -0.4313123993558777 -1.55608
2 0.3465338164251208 1.3937866666666665 -0.4171417069243156 -1.4046933333333333
2 0.33545893719806763 1.2565333333333333 -0.3843961352657005 -1.3111466666666665
2 0.32764895330112714 1.1656 -0.3701610305958132 -1.2358933333333333
2 0.3317793880837359 1.2159333333333333 -0.3795169082125604 -1.27432
2 0.22331723027375203 0.8669466666666666 -0.15231884057971012 -0.6222666666666665
2 0.1855877616747182 0.7552800000000001 -0.07684380032206121 -0.39296000000000003
2 0.32252415458937195 1.1242266666666665 -0.36248792270531394 -1.2103733333333333
0 0.37972624798711757 1.4054133333333332 -0.5048148148148148 -1.52928
