2 0.4154106280193237 1.6349333333333333 -0.5540257648953302 -1.9594666666666665
2 0.3768357487922705 1.4569866666666667 -0.4776167471819646 -1.6254933333333332
2 0.17878019323671498 0.72516 -0.05227858293075682 -0.23671999999999993
2 0.2452294685990338 0.9908799999999999 -0.20941223832528183 -0.8370666666666666
2 0.09078099838969404 0.4093866666666666 0.12599033816425123 0.3766399999999999
2 0.15723027375201287 0.58612 -0.020338164251207724 -0.07474666666666667
3 0.2625040257648953 1.4994266666666665 -0.2747504025764895 -1.2299999999999998
2 0.2252415458937198 1.0107199999999998 -0.13671497584541062 -0.6085866666666666
8 0.45717793880837365 1.7906666666666666 -0.6358695652173914 -2.46432
8 0.12001610305958132 0.5059466666666667 0.05186795491143319 0.07178666666666664
8 0.10534219001610307 0.4254 0.08793075684380032 0.294
