2 0.2980459307010475 1.1329255319148936 -0.3079049153908138 -1.0299999999999998
2 0.08350120870265915 0.8796808510638298 0.1670024174053183 0.23531914893617026
2 0.07456486704270748 0.7314228723404255 0.14912973408541497 0.1703457446808511
2 0.18481869460112813 1.049880319148936 -0.08230459307010476 -0.4367287234042554
2 0.1970910556003223 0.8527792553191489 -0.10699435938759068 -0.45273936170212764
2 0.2631547139403707 1.030811170212766 -0.23875100725221596 -0.8271542553191489
2 0.1846091861402095 0.757313829787234 -0.07257050765511684 -0.33851063829787226
2 0.27784045124899276 1.01156914893617 -0.2619822723609992 -0.8906382978723404
2 0.2869339242546333 1.0122340425531915 -0.2806849315068493 -0.9457446808510637
2 0.115825946817083 0.6321143617021276 0.07036261079774375 0.0415691489361702
