1 0.43834967320261436 1.7001756756756758 -0.6465522875816994 -2.1165675675675675
0 0.45107843137254905 1.6077972972972974 -0.6637581699346405 -2.0845135135135138
0 0.2086111111111111 1.1169459459459459 -0.18150326797385624 -0.23929729729729737
0 0.15635212418300654 0.9562432432432433 -0.08920751633986929 0.04264864864864858
0 0.18330065359477124 1.0738243243243244 -0.16498366013071897 -0.15305405405405406
0 0.3826143790849673 1.4293243243243245 -0.5167973856209152 -1.5796756756756758
1 0.47049428104575164 1.786527027027027 -0.703063725490196 -2.369324324324324
0 0.490531045751634 1.808337837837838 -0.7533986928104575 -2.3057567567567574
0 0.49971813725490194 1.872891891891892 -0.7899264705882352 -2.3975675675675676
0 0.500437091503268 1.8307432432432433 -0.7593382352941177 -2.3345135135135138
3 0.30808415032679737 1.0728513513513516 -0.35755718954248367 -1.1762972972972974
