2 0.30758856682769725 1.1574666666666664 -0.32567632850241546 -1.1073066666666664
2 0.07342995169082125 0.7686266666666667 0.1468599033816425 0.45741333333333334
2 0.16939613526570046 0.93164 -0.0509339774557166 -0.37645333333333336
2 0.19852254428341384 0.9706933333333333 -0.11132850241545893 -0.58736
2 0.23462962962962966 0.9969066666666666 -0.18318840579710147 -0.7956266666666667
2 0.2551892109500805 0.9954133333333333 -0.22863929146537845 -0.8874666666666665
3 0.25527375201288244 1.0259333333333334 -0.25666666666666665 -0.9607199999999999
2 0.45136876006441223 2.1533333333333333 -0.5766022544283413 -2.312
2 0.38457729468599033 1.77504 -0.5029549114331724 -1.9046933333333333
0 0.35634460547504027 1.2724 -0.43104669887278585 -1.3427733333333332
2 0.4050523349436393 1.6219066666666666 -0.532085346215781 -2.01336
2 0.3086070853462158 1.1113066666666667 -0.3346537842190016 -1.1165333333333334
2 0.07223429951690821 0.6459066666666666 0.14446859903381642 0.21442666666666674
2 0.13927133655394525 0.7457733333333334 0.012487922705314002 -0.1524533333333333
3 0.44987117552334943 1.91884 -0.6644122383252818 -2.60088
2 0.17012479871175526 0.7171733333333333 -0.0701046698872786 -0.3398933333333333
4 0.22804347826086957 0.8734666666666666 -0.20465378421900163 -0.7124266666666665
