2 0.49361916264090183 2.1533333333333333 -0.6531803542673108 -2.312
2 0.0753220611916264 0.68172 0.1506441223832528 0.13944000000000004
0 0.22595410628019322 0.8725599999999999 -0.18023349436392913 -0.46762666666666663
1 0.4692270531400966 1.8815066666666667 -0.6726409017713366 -2.353946666666667
2 0.2779991948470209 1.11104 -0.28037842190016105 -1.0900266666666667
2 0.37766505636070846 1.4318799999999998 -0.4828824476650564 -1.7938933333333331
3 0.481316425120773 1.794773333333333 -0.7099275362318841 -2.5354666666666668
2 0.30915861513687604 1.1454933333333333 -0.33781803542673106 -1.2110933333333331
2 0.17936795491143318 0.7699333333333334 -0.07007246376811596 -0.39538666666666666
2 0.2998268921095008 1.051 -0.3144524959742351 -1.0634933333333332
2 0.28241545893719805 1.0000533333333332 -0.2799033816425121 -0.9601066666666666
8 0.3623993558776168 1.22816 -0.4496779388083736 -1.49488
8 0.3397584541062802 1.1545599999999998 -0.4010305958132045 -1.3365333333333331
