1 0.38499591503267977 1.455445945945946 -0.4877696078431372 -1.5257567567567567
1 0.22580882352941176 1.1150405405405406 -0.16210784313725493 -0.3731621621621623
0 0.3100857843137255 1.0949324324324325 -0.32036764705882353 -0.9881891891891894
1 0.28827205882352946 1.0531486486486488 -0.2824591503267974 -0.9185675675675676
0 0.12363562091503268 0.5267972972972974 0.04434640522875817 0.2561891891891892
0 0.12328431372549017 0.5215675675675676 0.05594771241830065 0.25037837837837845
0 0.2716707516339869 0.9827567567567568 -0.2565441176470588 -0.7688648648648649
0 0.2864011437908497 1.0311081081081082 -0.27680555555555564 -0.8366486486486485
8 0.3700857843137255 1.2840810810810812 -0.4378676470588236 -1.44572972972973
8 0.3448978758169935 1.1757567567567568 -0.39084150326797384 -1.2901621621621622
