2 0.30834541062801935 1.1548399999999999 -0.32152173913043475 -1.0911199999999999
2 0.14582528180354268 0.9639466666666667 -0.029734299516908216 -0.37962666666666667
2 0.1889975845410628 0.9644133333333332 -0.11458132045088565 -0.5273333333333333
2 0.2295330112721417 0.9805733333333332 -0.16423510466988728 -0.7076533333333334
2 0.23837761674718197 1.0017733333333332 -0.20501610305958132 -0.8134133333333332
3 0.32654589371980675 1.26568 -0.4066505636070854 -1.3620266666666665
2 0.306670692431562 1.1031866666666665 -0.32712560386473427 -1.0914933333333334
3 0.04969806763285024 0.7369466666666666 0.09939613526570049 0.5207733333333333
4 0.04919484702093398 0.5719599999999999 0.09838969404186795 0.2262133333333333
8 0.2760185185185185 1.0267866666666667 -0.2718760064412238 -0.9976799999999999
