2 0.3620209339774557 1.5997466666666667 -0.46901771336553943 -1.9362933333333332
2 0.4865861513687601 1.8232133333333334 -0.7372946859903382 -2.6693599999999997
2 0.47543478260869565 1.7764 -0.7098389694041867 -2.571413333333333
2 0.46425925925925926 1.7374000000000003 -0.6866666666666666 -2.4913866666666666
2 0.25079307568438003 0.9734933333333333 -0.20793075684380033 -0.7238933333333334
2 0.28391304347826085 1.0480266666666667 -0.28276972624798713 -0.9628266666666665
2 0.37190016103059587 1.4272933333333333 -0.488389694041868 -1.7932000000000001
2 0.42134863123993566 1.50668 -0.5982689210950081 -2.042853333333333
3 0.4580998389694042 1.6450933333333333 -0.6833816425120773 -2.3303466666666663
2 0.4359782608695652 1.5580533333333333 -0.6226650563607085 -2.1442666666666668
2 0.2615056360708534 0.9852666666666667 -0.22782608695652173 -0.7960799999999999
2 0.33004428341384867 1.1769066666666668 -0.3801207729468599 -1.2900800000000001
2 0.3136070853462158 1.1020266666666667 -0.3407890499194847 -1.1426133333333333
