2 0.3119001610305958 1.1054133333333331 -0.3408212560386473 -1.1300266666666665
2 0.07440821256038647 1.02424 0.14881642512077295 -0.05381333333333335
1 0.3634581320450886 1.573 -0.49702898550724645 -1.6248266666666664
0 0.37208132045088566 1.4197199999999999 -0.4850322061191627 -1.4090933333333335
0 0.3602737520128825 1.3447866666666666 -0.4432045088566828 -1.3147466666666665
0 0.16220209339774555 0.7287199999999999 -0.0406038647342995 0.0673066666666667
1 0.35837761674718194 1.4634266666666664 -0.47353462157809983 -1.5453066666666666
8 0.24246779388083733 0.8962133333333333 -0.18968599033816425 -0.66992
8 0.34479066022544286 1.19484 -0.4194847020933977 -1.36712
8 0.2764331723027375 0.9989866666666667 -0.26768115942028986 -0.9643199999999998
