2 0.0825805152979066 0.7487466666666666 0.1651610305958132 0.4971733333333333
2 0.20467391304347823 1.0540399999999999 -0.0965136876006441 -0.45314666666666664
2 0.11925120772946861 0.8762800000000001 0.08225442834138486 -0.017839999999999995
1 0.4023993558776167 1.7404399999999998 -0.5100161030595813 -1.7704266666666668
1 0.4399718196457326 1.9647999999999999 -0.585450885668277 -2.0105066666666667
0 0.07389694041867954 0.4798533333333333 0.139194847020934 0.7000799999999999
2 0.26945652173913043 1.0347600000000001 -0.24289049919484698 -0.8283466666666667
2 0.28829307568438 1.0360399999999998 -0.28033816425120767 -0.9371466666666667
3 0.28936392914653786 1.0359333333333334 -0.30082125603864734 -0.98488
2 0.33095813204508856 1.2850266666666665 -0.369500805152979 -1.3881333333333332
2 0.3202455716586151 1.1894399999999998 -0.35384057971014493 -1.2778666666666665
3 0.29683977455716587 1.0366666666666666 -0.3124557165861514 -1.0348799999999998
3 0.24008454106280194 1.0426133333333334 -0.20760869565217394 -0.7199466666666667
