2 0.2530555555555556 1.0089733333333333 -0.20957326892109499 -0.7756533333333332
2 0.07738727858293075 0.8155866666666667 0.1547745571658615 0.22786666666666663
2 0.20319645732689212 0.8883466666666666 -0.09603864734299516 -0.43690666666666667
2 0.3247866344605475 1.1563066666666666 -0.3633735909822866 -1.2148533333333331
2 0.3551247987117553 1.3565066666666665 -0.4414251207729469 -1.65216
2 0.35037037037037033 1.3291733333333333 -0.4438647342995169 -1.6063999999999998
3 0.42597423510466986 1.5853866666666665 -0.6139291465378421 -2.1969066666666666
8 0.3900805152979066 1.4545466666666664 -0.5301932367149759 -1.9365599999999998
8 0.3032729468599034 1.036493333333333 -0.32638486312399356 -1.0726666666666664
8 0.33262882447665054 1.19484 -0.3934863123993559 -1.4115466666666667
8 0.2814694041867955 0.999 -0.27438808373590984 -0.9809866666666665
8 0.3141747181964573 1.0906533333333333 -0.3431642512077294 -1.1698933333333335
