1 0.4701143790849673 1.7441081081081082 -0.6441993464052288 -1.9839459459459459
1 0.2973202614379085 1.4102702702702703 -0.3115522875816994 -0.8715135135135135
1 0.408296568627451 1.4951756756756758 -0.5176715686274511 -1.6287297297297298
0 0.247218137254902 0.8942027027027029 -0.21453431372549017 -0.6182432432432433
0 0.25557598039215684 0.9174189189189189 -0.22381535947712422 -0.6721891891891892
1 0.3796200980392157 1.3581486486486487 -0.45938725490196075 -1.5120270270270273
0 0.39637663398692813 1.3861756756756758 -0.5019035947712419 -1.5988378378378378
0 0.41212418300653597 1.437918918918919 -0.5186437908496733 -1.6494594594594594
8 0.4259272875816994 1.478527027027027 -0.5445016339869282 -1.7790540540540543
8 0.5048570261437908 1.784081081081081 -0.6906127450980392 -2.351297297297297
