2 0.34469404186795494 1.3464666666666667 -0.40223832528180353 -1.3917066666666666
2 0.09763687600644122 0.6901200000000001 0.19527375201288244 0.6144266666666667
2 0.44327697262479865 1.99868 -0.6278260869565218 -2.6213066666666665
2 0.4108896940418679 1.83064 -0.6007326892109501 -2.4048533333333335
7 0.220438808373591 0.8877733333333333 -0.10366344605475042 -0.4442933333333334
2 0.2268438003220612 0.9330266666666666 -0.15814814814814815 -0.5918133333333334
2 0.14091787439613526 0.8576533333333333 0.03925925925925927 -0.10426666666666673
2 0.3884219001610306 1.5896533333333334 -0.519452495974235 -2.0126933333333334
2 0.25832125603864736 0.9668399999999999 -0.22115136876006442 -0.7718133333333331
2 0.5122302737520128 1.9112133333333334 -0.7916264090177133 -2.7962399999999996
8 0.31291867954911434 1.0753866666666665 -0.3456763285024154 -1.156
8 0.27307971014492755 1.0406666666666666 -0.2609742351046699 -0.96992
8 0.3204669887278583 1.1351066666666667 -0.35909822866344604 -1.21432
8 0.35485507246376813 1.29344 -0.4412882447665056 -1.58656
