2 0.08564412238325282 0.8469733333333334 0.17128824476650564 0.30071999999999993
2 0.11662238325281804 1.0436133333333333 0.12255233494363928 -0.09255999999999995
2 0.37559581320450885 1.8994533333333332 -0.4526731078904992 -1.8451466666666667
2 0.40819645732689214 1.7463199999999999 -0.5508856682769726 -2.246293333333333
2 0.24732286634460549 1.0008 -0.203743961352657 -0.7391466666666665
2 0.3433212560386474 1.308973333333333 -0.3984299516908213 -1.3650399999999998
3 0.25130434782608696 1.0032400000000001 -0.2416908212560386 -0.8113866666666666
2 0.335426731078905 1.2554666666666665 -0.383719806763285 -1.3192
3 0.17645330112721416 0.8714933333333333 -0.10712560386473431 -0.6197333333333332
3 0.30717391304347824 1.0856533333333334 -0.34789049919484694 -1.1477866666666667
3 0.3537882447665056 1.3589200000000001 -0.46633655394524964 -1.7094133333333332
8 0.2936272141706924 1.0184399999999998 -0.31380837359098224 -1.0421066666666665
8 0.3213083735909823 1.13512 -0.3959983896940419 -1.28656
