2 0.41210144927536235 2.1533333333333333 -0.5758615136876006 -2.312
2 0.2676771336553946 1.0246933333333332 -0.23313204508856683 -0.82512
2 0.3913888888888889 1.6648133333333335 -0.4716666666666666 -1.7404
2 0.36941626409017714 1.4536533333333332 -0.44548309178743967 -1.551573333333333
2 0.36288244766505634 1.3606933333333333 -0.42782608695652175 -1.4598933333333335
2 0.35668276972624796 1.307813333333333 -0.417487922705314 -1.416
2 0.3035990338164251 1.0675466666666666 -0.31172302737520124 -1.0494933333333334
8 0.33598631239935584 1.1781733333333335 -0.38342190016103056 -1.3226933333333335
8 0.34898550724637684 1.2184533333333334 -0.40103059581320455 -1.3143466666666666
8 0.28692028985507245 1.0462266666666666 -0.2718760064412239 -0.9421066666666666
