2 0.07788244766505636 0.71356 0.15576489533011273 0.3626933333333332
2 0.10454911433172302 0.8718 0.09571658615136876 -0.1732533333333334
2 0.14751207729468596 0.9265333333333333 0.0003703703703703768 -0.38496
2 0.17268115942028986 0.9107333333333333 -0.05766505636070854 -0.4317066666666668
2 0.17777777777777778 0.94848 -0.06917874396135265 -0.56736
2 0.1936352657004831 0.9000266666666666 -0.099573268921095 -0.5318400000000001
2 0.21219806763285026 0.9458133333333333 -0.13468599033816425 -0.6603733333333333
2 0.21425523349436396 0.95448 -0.13764090177133653 -0.6945066666666665
2 0.23356280193236714 0.9647199999999999 -0.1822463768115942 -0.7612266666666667
2 0.2323792270531401 0.9747066666666666 -0.1965780998389694 -0.8020533333333333
1 0.29972624798711756 1.03724 -0.31449275362318835 -1.0031733333333333
2 0.3566022544283414 1.4124800000000002 -0.4137520128824477 -1.4355733333333334
2 0.37655797101449273 1.5377733333333332 -0.47216586151368756 -1.8133599999999999
2 0.3496537842190016 1.3183733333333332 -0.419549114331723 -1.5125333333333335
2 0.32935185185185184 1.1584133333333333 -0.36622383252818036 -1.2314399999999999
8 0.27769323671497587 1.0156666666666667 -0.2702012882447665 -0.9698933333333334
8 0.30598631239935586 1.1095066666666664 -0.3298792270531401 -1.18664
