2 0.08238727858293075 0.47387999999999997 0.1647745571658615 0.6397066666666666
2 0.09547906602254429 0.6673333333333333 0.11575684380032204 0.0726933333333333
2 0.33247987117552336 1.18988 -0.3787922705314009 -1.2660533333333335
2 0.3130917874396135 1.1270533333333332 -0.3495652173913044 -1.17912
2 0.33696054750402576 1.1893866666666666 -0.3967230273752013 -1.3198933333333334
2 0.43491948470209335 1.6095066666666669 -0.6176811594202898 -2.2121866666666667
2 0.42213768115942024 1.5492133333333333 -0.5897342995169083 -2.0909066666666667
8 0.4596859903381642 1.9159066666666666 -0.6962479871175523 -2.7814666666666663
8 0.08136070853462157 0.34595999999999993 0.16272141706924315 0.4806133333333333
8 0.1707608695652174 0.8684533333333332 -0.054645732689210955 -0.6198933333333333
8 0.2831441223832528 1.0031733333333333 -0.2861272141706924 -0.9948800000000001
8 0.3603059581320451 1.2489999999999999 -0.4555555555555555 -1.5143733333333336
