2 0.06208132045088567 0.5113199999999999 0.12416264090177134 0.7028533333333333
2 0.33331723027375204 1.3467466666666665 -0.42470209339774556 -1.6030933333333335
2 0.3690700483091787 1.7604133333333332 -0.48615942028985504 -2.1191733333333334
2 0.05718196457326892 0.7180933333333333 0.11436392914653784 -0.09789333333333328
2 0.10127214170692432 0.7578933333333334 0.04191626409017714 -0.3008
2 0.13051127214170694 0.79036 -0.02683574879227052 -0.44616000000000006
2 0.1705877616747182 0.8269466666666667 -0.10120772946859904 -0.5844
2 0.32810789049919487 1.2986933333333333 -0.4080032206119163 -1.5289066666666664
2 0.2449235104669887 0.8848 -0.25364734299516906 -0.87264
8 0.23324074074074075 0.8253733333333333 -0.23496779388083738 -0.8115466666666667
