2 0.13888486312399356 1.04096 0.040362318840579704 -0.20421333333333327
2 0.08140499194847022 0.7766666666666666 0.16280998389694043 0.32602666666666663
2 0.33015700483091787 1.2101333333333333 -0.37688405797101454 -1.2709866666666667
2 0.22801529790660224 0.9888799999999999 -0.15701288244766504 -0.6186666666666666
2 0.37758051529790665 1.52668 -0.49092592592592593 -1.9225333333333334
2 0.36754428341384865 1.46548 -0.4880193236714975 -1.8224266666666664
3 0.46632045088566826 1.7913866666666665 -0.7137842190016103 -2.6051200000000003
8 0.2667914653784219 0.9976133333333334 -0.2500724637681159 -0.9171466666666668
8 0.28901771336553944 1.0073466666666666 -0.30122383252818036 -0.9865333333333334
8 0.3053743961352657 1.0531866666666667 -0.33393719806763283 -1.1115466666666667
8 0.316694847020934 1.0976266666666668 -0.35155394524959743 -1.1837866666666668
8 0.439561191626409 1.63232 -0.634194847020934 -2.3143466666666663
8 0.34311191626409016 1.21984 -0.4178019323671498 -1.4615466666666668
8 0.3603059581320451 1.3573466666666667 -0.45386473429951696 -1.6532
