2 0.34121578099838973 1.3985466666666668 -0.40547504025764897 -1.4139466666666667
2 0.09609903381642511 0.8290133333333333 0.10205314009661835 -0.1312533333333334
2 0.1253864734299517 0.89972 0.04249597423510467 -0.36242666666666673
2 0.16409822866344606 0.9047866666666665 -0.029500805152979055 -0.4401333333333334
2 0.20127214170692434 0.95892 -0.13077294685990337 -0.6774133333333333
2 0.2012842190016103 0.9205466666666666 -0.1170289855072464 -0.5742666666666666
2 0.3403582930756844 1.29344 -0.38805958132045093 -1.3446933333333333
2 0.21409017713365538 0.9305866666666666 -0.15508856682769726 -0.6626133333333333
2 0.22714170692431562 0.9588933333333334 -0.17286634460547504 -0.7570933333333334
2 0.3286111111111111 1.1722933333333334 -0.36825281803542675 -1.2384533333333334
2 0.335805152979066 1.2419733333333334 -0.3811755233494364 -1.2905600000000002
7 0.09119967793880837 0.64316 0.18239935587761674 0.7083466666666667
7 0.08880434782608695 0.76552 0.1776086956521739 0.4340799999999999
7 0.1193558776167472 0.79248 0.10198067632850241 0.16303999999999996
8 0.26847020933977456 1.0503866666666666 -0.2584541062801932 -1.0337866666666666
8 0.30998389694041867 1.1170533333333332 -0.3398067632850241 -1.2004533333333334
