2 0.3092914653784219 1.0964 -0.3331884057971014 -1.10432
2 0.19965780998389693 1.0923866666666666 -0.11045893719806762 -0.49767999999999996
2 0.07993558776167473 0.5903333333333333 0.15987117552334945 0.32018666666666673
1 0.34278180354267307 1.3346133333333332 -0.4234219001610306 -1.38432
0 0.3496497584541063 1.2676533333333333 -0.4245330112721417 -1.2810133333333331
0 0.3416183574879227 1.2267466666666667 -0.40154589371980676 -1.2264
0 0.2208816425120773 0.8363066666666666 -0.1554830917874396 -0.37122666666666676
1 0.3422826086956522 1.30232 -0.42298711755233487 -1.3837333333333335
8 0.17369565217391303 0.67956 -0.04710144927536232 -0.19213333333333335
8 0.28188808373590984 0.9865066666666668 -0.2718760064412239 -0.9560000000000001
