2 0.30398953301127213 1.21228 -0.3082045088566828 -1.0281333333333333
3 0.20318035426731082 0.9321999999999999 -0.12449275362318843 -0.5233866666666666
2 0.2470169082125604 0.8988799999999999 -0.18768921095008054 -0.67072
2 0.2691867954911433 0.9413333333333334 -0.23421900161030593 -0.7936533333333333
2 0.3264009661835749 1.15028 -0.35909822866344604 -1.2426933333333332
0 0.4694162640901771 1.71612 -0.6681239935587762 -2.087493333333333
0 0.48239130434782607 1.7212533333333333 -0.6816264090177133 -2.14944
0 0.5591545893719807 1.9754666666666665 -0.8611433172302737 -2.667733333333333
0 0.5094887278582931 1.7705600000000001 -0.7450322061191627 -2.3812266666666666
8 0.2814694041867955 0.9990133333333333 -0.2727133655394525 -0.9865600000000001
