2 0.3010475423045931 1.0918484042553191 -0.3214665592264303 -1.0700797872340426
2 0.10391619661563253 0.9415425531914893 0.10075745366639806 -0.0683510638297872
2 0.13480660757453666 0.759215425531915 0.031240934730056413 -0.1447074468085107
2 0.22757050765511685 0.9608909574468084 -0.15502820306204673 -0.6125265957446808
2 0.20234891216760678 0.8271276595744681 -0.11241740531829168 -0.4617553191489362
2 0.24426672038678485 0.9516489361702127 -0.19984689766317484 -0.7171808510638297
7 0.2607292506043513 0.9903324468085106 -0.25947622884770344 -0.849813829787234
3 0.263348106365834 0.9946143617021277 -0.2710153102336825 -0.8932180851063829
3 0.28495970991136177 1.0011170212765959 -0.3001208702659146 -0.9822872340425532
2 0.07624899274778404 0.5895345744680851 0.1379613215149073 0.17672872340425527
