2 0.08128824476650563 0.7775466666666666 0.16257648953301126 0.4395733333333333
2 0.5239734299516909 2.1533333333333333 -0.7196376811594204 -2.312
2 0.3944887278582931 2.0808666666666666 -0.4911191626409018 -2.167066666666667
2 0.14436795491143317 0.8643733333333332 0.0270450885668277 -0.11690666666666659
0 0.3860185185185185 1.4294133333333332 -0.5263687600644122 -1.5837333333333332
0 0.39623993558776166 1.46372 -0.5560869565217392 -1.67592
2 0.367950885668277 1.5534 -0.44137681159420294 -1.6023200000000002
3 0.1986594202898551 0.8490666666666665 -0.11347020933977454 -0.5445866666666667
8 0.43704911433172305 1.70456 -0.625805152979066 -2.436533333333333
8 0.23408212560386474 0.8809466666666667 -0.1796135265700483 -0.7170933333333332
