2 0.4445813204508856 2.1533333333333333 -0.5876811594202899 -2.312
2 0.23101046698872782 1.0999466666666666 -0.1990257648953301 -0.6952000000000002
5 0.4528864734299517 1.961453333333333 -0.5997181964573268 -1.9282399999999997
2 0.08662640901771337 0.8186 0.17325281803542675 0.3574666666666667
2 0.3698671497584541 1.4668933333333334 -0.4356924315619969 -1.5618933333333334
2 0.3951972624798712 1.7383466666666667 -0.48329307568438 -1.79808
2 0.29628421900161034 1.07344 -0.3037922705314009 -1.01296
2 0.2675161030595813 1.0758533333333333 -0.24314814814814814 -0.8437599999999998
2 0.3648792270531401 1.37456 -0.43215780998389697 -1.4761599999999997
2 0.355438808373591 1.30252 -0.4166264090177133 -1.4196533333333332
2 0.34933977455716586 1.2629466666666667 -0.40714975845410634 -1.38008
8 0.31627616747181964 1.1726266666666667 -0.35239130434782606 -1.3004533333333335
