2 0.30324074074074076 1.1437733333333333 -0.3127938808373591 -1.0688266666666668
2 0.140402576489533 0.9069466666666667 0.024653784219001613 -0.18402666666666664
2 0.20192834138486312 0.9726133333333333 -0.11366344605475039 -0.5964266666666667
2 0.2499677938808374 1.0022 -0.21853462157809986 -0.8690399999999999
2 0.5021417069243156 2.1533333333333333 -0.6732367149758454 -2.312
2 0.35487922705314007 1.3691466666666665 -0.4132045088566828 -1.4471999999999998
3 0.3268840579710145 1.2071866666666669 -0.3912399355877617 -1.2986933333333335
2 0.12809581320450886 0.7131733333333333 0.04429146537842189 -0.07903999999999996
2 0.31092995169082127 1.1282666666666668 -0.3340821256038647 -1.1155199999999998
2 0.08989130434782609 0.5535466666666666 0.11549919484702093 0.13338666666666668
8 0.07347020933977455 0.36844 0.13322061191626408 0.38567999999999997
8 0.2856642512077295 1.0184533333333332 -0.28445249597423516 -0.9865599999999999
