2 0.31087761674718195 1.13912 -0.33552334943639295 -1.1173866666666665
2 0.08428743961352657 0.6364933333333334 0.14140901771336553 0.16232000000000002
2 0.14598228663446056 0.7410533333333332 0.002576489533011263 -0.18397333333333327
2 0.3640096618357488 1.4865466666666667 -0.44879227053140097 -1.6679733333333333
2 0.35840982286634465 1.4389466666666666 -0.43366344605475043 -1.6292533333333334
2 0.345817230273752 1.3583333333333334 -0.4035668276972625 -1.5130933333333334
2 0.3402093397745572 1.3157333333333334 -0.3976167471819646 -1.4535466666666668
2 0.33564814814814814 1.26664 -0.39018518518518513 -1.4112
2 0.29068035426731076 1.0028666666666666 -0.29081320450885667 -0.9737866666666666
3 0.324621578099839 1.1577333333333333 -0.3708373590982287 -1.2921599999999998
2 0.2738848631239935 0.9567066666666666 -0.2614251207729469 -0.8815733333333331
8 0.25966183574879226 0.9156666666666666 -0.23581320450885668 -0.8032266666666668
8 0.29782206119162646 1.0309333333333333 -0.31045893719806766 -1.0449066666666667
8 0.42656199677938805 1.4864933333333332 -0.567938808373591 -1.8726666666666667
