2 0.3999959742351047 2.1533333333333333 -0.4907971014492754 -2.312
2 0.3484742351046699 1.4255333333333333 -0.42232689210950086 -1.45336
2 0.12499194847020935 0.8910533333333333 0.031642512077294675 -0.3577866666666667
2 0.1628703703703704 0.90964 -0.04632045088566828 -0.47597333333333336
2 0.16988727858293076 0.8809333333333333 -0.08169082125603866 -0.4704
2 0.1941183574879227 0.8914933333333334 -0.09881642512077293 -0.5441599999999999
2 0.218743961352657 0.9466933333333333 -0.15468599033816424 -0.7102933333333333
2 0.2303140096618357 0.9713333333333333 -0.17760064412238324 -0.7647999999999998
2 0.23223832528180355 0.9478933333333333 -0.19067632850241548 -0.7518933333333334
2 0.23250402576489532 0.9729466666666667 -0.1886795491143317 -0.8115999999999999
2 0.2516988727858293 0.9781333333333333 -0.24011272141706927 -0.9001066666666668
1 0.30137278582930754 1.0302 -0.3260789049919484 -1.05128
2 0.3356521739130435 1.2265733333333333 -0.3846054750402577 -1.3012533333333334
2 0.3222946859903381 1.11996 -0.36415458937198064 -1.2195466666666666
8 0.2818840579710145 1.0100933333333333 -0.2886473429951691 -1.0310133333333333
8 0.3078864734299517 1.1003866666666666 -0.3473510466988728 -1.206
