2 0.3616988727858293 1.6712266666666666 -0.44555555555555554 -1.6638933333333334
2 0.13153381642512077 0.8572399999999999 0.014210950080515303 -0.32866666666666666
2 0.08357085346215781 0.8148133333333333 0.11622383252818035 -0.13378666666666655
2 0.1857648953301127 0.9426666666666667 -0.08099838969404187 -0.5605866666666667
2 0.22159822866344608 0.9236933333333333 -0.15604669887278583 -0.6602399999999999
2 0.22989130434782606 0.9395866666666667 -0.17076489533011271 -0.7206666666666667
3 0.23087761674718196 0.9701066666666666 -0.19351046698872787 -0.8005333333333333
2 0.35278180354267313 1.3033866666666665 -0.42140901771336553 -1.5027733333333333
2 0.32169887278582926 1.1372933333333333 -0.35808373590982284 -1.2113866666666666
8 0.27643317230273756 1.0170533333333331 -0.2794202898550725 -1.0337866666666666
8 0.30285426731078907 1.0726 -0.3305877616747182 -1.1615733333333331
