2 0.3582876712328767 1.3285505319148936 -0.42601933924254637 -1.430026595744681
2 0.0849395648670427 0.5495877659574467 0.1698791297340854 0.612313829787234
2 0.08496776792908943 0.5045478723404254 0.16993553585817886 0.449468085106383
7 0.10098307816277195 0.7995345744680851 -0.041547139403706676 -0.242845744680851
2 0.20583400483481062 0.7662101063829788 -0.1023368251410153 -0.37401595744680854
2 0.08068896051571313 0.4807446808510638 0.16137792103142626 0.3913829787234042
2 0.21556809024979853 0.7864893617021276 -0.13374697824335213 -0.45377659574468077
2 0.39175261885576146 1.3663164893617021 -0.4895165189363416 -1.6540691489361703
2 0.41541095890410956 1.429747340425532 -0.5447139403706688 -1.8368351063829786
2 0.12975020145044316 0.557034574468085 0.06586623690572117 0.14401595744680853
8 0.223928283642224 0.8197606382978724 -0.16840451248992747 -0.5891489361702128
