2 0.3308299758259468 1.1570212765957446 -0.3676712328767124 -1.2282446808510639
2 0.16213940370668814 0.9723404255319149 -0.026212731668009668 -0.2982978723404256
2 0.07641015310233683 0.6556382978723404 0.15282030620467366 0.34063829787234046
3 0.14014504431909752 0.7566223404255319 -0.008976631748589859 -0.16489361702127658
2 0.4516277195809831 2.1476063829787235 -0.6091861402095085 -2.3005319148936167
2 0.24988718775181307 0.9891090425531914 -0.2007896857373086 -0.732154255319149
3 0.19321112006446411 0.8556382978723405 -0.11261079774375501 -0.4852127659574468
2 0.2701571313456889 1.0068085106382978 -0.24284448025785657 -0.8397340425531914
2 0.312566478646253 1.1326063829787234 -0.33497985495568094 -1.111968085106383
2 0.23780821917808218 0.9038829787234043 -0.18077356970185338 -0.6587234042553191
2 0.28739726027397255 1.0095877659574466 -0.2795970991136181 -0.9298670212765957
3 0.24720386784850923 0.920744680851064 -0.21397260273972604 -0.7345212765957447
7 0.301539081385979 1.078191489361702 -0.3383078162771958 -1.1022340425531914
