2 0.14157679738562093 0.7228108108108109 0.010196078431372541 -0.17205405405405397
2 0.4641911764705882 2.1513513513513516 -0.6320751633986929 -2.308108108108108
2 0.392422385620915 1.8663648648648647 -0.49628267973856205 -1.930081081081081
2 0.3670792483660131 1.477364864864865 -0.4459232026143791 -1.5565135135135137
2 0.3544117647058823 1.3649324324324323 -0.4196895424836602 -1.4515405405405404
2 0.34896650326797385 1.2900675675675677 -0.41250816993464057 -1.4013783783783784
2 0.3416135620915033 1.2351081081081081 -0.3990604575163399 -1.3409729729729734
2 0.30028594771241834 1.0448513513513515 -0.32196078431372555 -1.0810000000000002
8 0.31760620915032683 1.085472972972973 -0.35473856209150334 -1.1818648648648649
8 0.326421568627451 1.1160135135135136 -0.3790849673202614 -1.2651621621621623
