2 0.31316827697262484 1.3084666666666664 -0.33433977455716585 -1.1219999999999999
2 0.36175523349436395 1.4511199999999997 -0.4425442834138486 -1.6490133333333332
2 0.34991948470209344 1.3111466666666665 -0.4115136876006441 -1.4659733333333334
2 0.34221417069243154 1.26228 -0.39375201288244766 -1.410853333333333
2 0.1533132045088567 0.8294666666666667 0.007640901771336561 -0.17141333333333325
2 0.08094605475040258 0.6515466666666666 0.16189210950080515 0.20421333333333336
2 0.27536634460547504 0.99932 -0.25823671497584544 -0.8893066666666667
2 0.2991545893719807 1.0547333333333333 -0.3098067632850242 -1.0485600000000002
2 0.31263687600644124 1.08628 -0.33960547504025773 -1.1427466666666666
2 0.21308373590982285 0.8579733333333334 -0.12497584541062802 -0.5179733333333333
2 0.23131239935587758 0.8858933333333334 -0.17256038647342994 -0.6131733333333333
2 0.2551771336553945 0.9386266666666667 -0.21758454106280195 -0.7734666666666665
2 0.2792270531400966 1.0033333333333334 -0.26355877616747186 -0.9338133333333335
2 0.1629830917874396 0.6987466666666665 -0.027946859903381648 -0.20608000000000007
2 0.1555716586151369 0.6686133333333333 -0.014975845410628038 -0.20458666666666658
