2 0.3082487922705314 1.0991066666666665 -0.3303623188405797 -1.0980533333333333
2 0.47859500805152977 2.1533333333333333 -0.6434541062801932 -2.312
2 0.39595410628019323 2.06604 -0.49997584541062806 -2.1374133333333334
0 0.37557568438003225 1.3632666666666666 -0.4815217391304347 -1.4823199999999999
2 0.3430958132045089 1.32432 -0.4002334943639291 -1.3831466666666667
2 0.3361392914653784 1.2467066666666666 -0.38611111111111107 -1.2951733333333335
2 0.32789452495974236 1.1679199999999998 -0.37693236714975853 -1.2502933333333333
2 0.2016304347826087 0.85848 -0.09393719806763284 -0.4187733333333333
2 0.22260869565217392 0.8898533333333333 -0.14777777777777776 -0.5601333333333334
2 0.24232286634460545 0.9168666666666667 -0.19211755233494363 -0.6871200000000001
