2 0.07600898692810458 1.0563243243243245 0.15201797385620916 -0.11805405405405407
0 0.32649101307189543 1.2936486486486487 -0.40484477124183005 -1.2155675675675677
1 0.4774346405228758 1.7238648648648651 -0.716013071895425 -2.3955135135135137
0 0.22540441176470588 0.982283783783784 -0.1999754901960784 -0.49240540540540545
1 0.4416993464052288 1.5841621621621622 -0.6397222222222222 -2.0427027027027025
0 0.11863562091503269 0.5589594594594595 0.051519607843137256 0.274945945945946
0 0.11641339869281046 0.5355945945945947 0.06616013071895424 0.3445405405405406
1 0.20425245098039216 0.9491351351351353 -0.1396650326797386 -0.4757837837837837
0 0.07628676470588236 0.43943243243243246 0.15257352941176472 0.588918918918919
0 0.11340686274509805 0.5646621621621623 0.041421568627450986 0.30845945945945946
2 0.5277614379084967 1.915027027027027 -0.8068300653594771 -2.780756756756757
2 0.2556781045751634 0.918810810810811 -0.23562091503267973 -0.8014594594594595
8 0.38226307189542486 1.325756756756757 -0.5092320261437908 -1.667945945945946
8 0.32264705882352945 1.1049324324324326 -0.3748856209150327 -1.2651621621621623
