0 0.3502616747181964 1.2077066666666665 -0.4180273752012883 -1.33904
3 0.09760869565217392 0.5488533333333333 0.08516908212560387 0.08693333333333332
7 0.14723429951690822 0.5903733333333333 -0.002761674718196463 -0.05013333333333329
2 0.16319243156199678 0.70164 -0.03082930756843802 -0.20989333333333343
2 0.1426610305958132 0.6518933333333332 0.014404186795491132 -0.11157333333333334
2 0.2158977455716586 0.8174933333333333 -0.14530595813204508 -0.5405333333333333
2 0.20280193236714975 0.7736799999999999 -0.11893719806763285 -0.4548266666666667
2 0.2501288244766505 0.89144 -0.21423510466988727 -0.7413333333333333
8 0.3535950080515298 1.4073333333333333 -0.43709339774557165 -1.7976533333333329
8 0.3976288244766506 1.3948266666666664 -0.4832286634460548 -1.650453333333333
8 0.33179146537842186 1.1503866666666667 -0.39181159420289857 -1.2726666666666666
8 0.30830515297906597 1.0753866666666665 -0.33477455716586146 -1.17264
