2 0.3125724637681159 1.1647599999999998 -0.32095813204508855 -1.0860533333333333
2 0.07887278582930757 0.89948 0.15774557165861514 0.1957066666666666
2 0.14377616747181965 0.9576666666666667 0.016940418679549107 -0.19389333333333342
2 0.2096900161030596 0.9750133333333333 -0.11723832528180356 -0.5961066666666666
3 0.2118760064412238 1.0275066666666668 -0.1879227053140097 -0.79208
0 0.43097020933977453 1.7097733333333331 -0.5729066022544284 -1.6953333333333334
3 0.3269524959742351 1.1738 -0.37772141706924317 -1.2561333333333335
2 0.3132809983896941 1.12476 -0.3301207729468599 -1.1002933333333333
3 0.2516787439613527 1.0368666666666666 -0.2207326892109501 -0.8889866666666667
2 0.07172302737520128 0.46035999999999994 0.14344605475040256 0.41256
2 0.10892512077294686 0.5841466666666667 0.0888486312399356 0.09383999999999999
2 0.13902979066022544 0.7751333333333332 0.02129629629629631 -0.1585333333333333
2 0.19168679549114334 0.8253466666666667 -0.08851046698872786 -0.39528
0 0.14301529790660225 0.5723866666666667 -0.005016103059581335 0.06349333333333333
0 0.17823671497584542 0.6465733333333332 -0.06305958132045086 -0.14434666666666657
4 0.19746376811594202 0.8307733333333334 -0.1408695652173913 -0.53872
8 0.4827536231884058 1.9253866666666666 -0.6618679549114331 -2.7615466666666664
8 0.29488727858293073 1.049 -0.299549114331723 -1.0032266666666667
