2 0.3730152979066022 1.8147333333333333 -0.45210144927536233 -1.7781599999999997
2 0.2118276972624799 0.9902266666666667 -0.10661835748792271 -0.49058666666666656
2 0.3426851851851852 1.3275733333333333 -0.39572463768115945 -1.36128
2 0.24578099838969403 0.9956666666666666 -0.19958132045088567 -0.7189066666666667
2 0.27205314009661835 0.9989866666666667 -0.24975845410628023 -0.8469866666666664
1 0.30079710144927535 1.03496 -0.317133655394525 -1.0177600000000002
1 0.305048309178744 1.0469466666666667 -0.32505636070853466 -1.0459466666666666
2 0.3298349436392915 1.1977733333333331 -0.3761111111111111 -1.26536
8 0.31543880837359095 1.1184533333333333 -0.35406602254428343 -1.1921066666666669
8 0.28482286634460546 1.0212266666666665 -0.28780998389694046 -0.96432
