0 0.22965780998389695 0.8535600000000001 -0.17715780998389694 -0.49538666666666675
0 0.19876006441223834 0.7508133333333333 -0.1265378421900161 -0.34541333333333335
7 0.3963204508856683 1.4413733333333332 -0.4957326892109501 -1.6161866666666664
8 0.39049919484702095 1.3739999999999999 -0.5260064412238324 -1.697706666666667
8 0.2584057971014493 0.9462400000000001 -0.2500644122383253 -0.7921066666666667
8 0.30998389694041867 1.1239999999999999 -0.3683252818035427 -1.2643199999999999
8 0.3481441223832528 1.2323333333333333 -0.42619162640901764 -1.4087733333333332
8 0.20053140096618358 0.8851066666666667 -0.11755233494363929 -0.69768
8 0.298244766505636 1.0517733333333332 -0.32806763285024154 -1.13656
8 0.27517713365539453 1.0017733333333334 -0.2886473429951691 -0.9643466666666666
