2 0.4322101449275362 2.1533333333333333 -0.5261755233494364 -2.312
2 0.24932769726247983 1.0027733333333333 -0.18868760064412235 -0.66304
2 0.08165458937198068 0.9459733333333333 0.16330917874396136 0.10271999999999995
2 0.38057165861513687 1.75528 -0.44813204508856685 -1.67264
2 0.3510346215780998 1.4044666666666665 -0.3948389694041868 -1.3782133333333333
2 0.3353140096618357 1.2894266666666665 -0.3726570048309179 -1.2804533333333334
2 0.3317632850241546 1.23484 -0.35539452495974233 -1.21688
2 0.26279790660225444 1.0031999999999999 -0.2156280193236715 -0.7508266666666668
2 0.27494363929146537 1.0008533333333334 -0.24157809983896938 -0.8219733333333334
2 0.37309581320450885 1.3708133333333334 -0.4625845410628019 -1.6237066666666666
8 0.29152979066022544 1.1114933333333332 -0.28780998389694035 -1.1115733333333333
