3 0.31638486312399355 1.7622666666666666 -0.507085346215781 -1.76848
2 0.0719404186795491 0.7411599999999999 0.1438808373590982 0.16797333333333336
2 0.0990378421900161 0.8655600000000001 0.07975040257648953 -0.2290933333333334
2 0.13598631239935588 0.8983466666666666 0.017914653784219 -0.3919466666666667
2 0.19561191626409016 0.95336 -0.10233494363929146 -0.6337599999999999
2 0.23475845410628018 0.9828266666666666 -0.18373590982286636 -0.8108266666666668
3 0.21775764895330116 0.99764 -0.19469404186795491 -0.8373066666666666
2 0.33615539452495974 1.2368533333333334 -0.3797020933977455 -1.2924799999999999
8 0.2793719806763285 1.00872 -0.2785829307568438 -0.97824
8 0.302854267310789 1.0656533333333333 -0.32722222222222225 -1.1309866666666666
8 0.31753220611916266 1.10872 -0.35490338164251206 -1.2004266666666668
