2 0.23730676328502417 0.9797599999999999 -0.18884863123993556 -0.8039466666666667
2 0.3314694041867955 1.1912133333333335 -0.37131239935587756 -1.2594400000000001
2 0.3356441223832528 1.253 -0.3754428341384863 -1.2942666666666665
2 0.17618760064412237 0.92996 -0.06148953301127214 -0.53528
2 0.07611916264090178 0.8286133333333333 0.15223832528180356 0.01680000000000003
2 0.4217230273752013 2.0321599999999997 -0.5485507246376812 -2.4277866666666665
2 0.08038244766505635 0.75892 0.1607648953301127 0.42551999999999995
8 0.2755958132045089 1.03928 -0.2760708534621578 -1.0115733333333332
8 0.307049114331723 1.0531733333333333 -0.33728663446054746 -1.11152
8 0.3183695652173913 1.12956 -0.35657809983896943 -1.21432
