1 0.3970179738562092 1.5482297297297298 -0.5451470588235294 -1.6344054054054056
0 0.3463888888888889 1.3375810810810813 -0.4148692810457516 -1.2016486486486488
7 0.22938316993464053 0.9950270270270272 -0.19873366013071897 -0.5337837837837838
1 0.26367238562091505 1.0007702702702703 -0.2554003267973856 -0.8013783783783784
0 0.4100245098039216 1.495418918918919 -0.5749346405228759 -1.7482432432432433
0 0.34084150326797386 1.2123918918918921 -0.420718954248366 -1.3175405405405407
0 0.33615604575163405 1.1882027027027027 -0.4077042483660131 -1.2774864864864865
0 0.3423488562091503 1.2030405405405407 -0.424812091503268 -1.3224594594594594
0 0.3502450980392157 1.2392162162162164 -0.448562091503268 -1.4092432432432436
0 0.3576062091503268 1.261783783783784 -0.4604248366013072 -1.4268648648648652
8 0.29325571895424835 1.042418918918919 -0.32115196078431374 -1.0957567567567568
