2 0.30470209339774557 1.1443866666666667 -0.3248309178743961 -1.10376
2 0.08057568438003221 1.04048 0.16115136876006442 -0.08629333333333336
2 0.0817793880837359 0.6922133333333332 0.1635587761674718 0.61024
2 0.10307165861513687 0.7916533333333333 0.10599838969404188 0.11535999999999998
2 0.1915499194847021 0.90596 -0.08931561996779389 -0.4919733333333333
2 0.2053220611916264 0.9294666666666667 -0.1271658615136876 -0.5978133333333333
2 0.23331723027375198 0.94712 -0.17615136876006443 -0.7296533333333334
2 0.2822061191626409 1.0513866666666667 -0.2731400966183575 -0.9422933333333333
2 0.2522342995169082 0.9825333333333334 -0.22387278582930759 -0.8706666666666668
2 0.34512882447665055 1.32796 -0.40009661835748794 -1.3827999999999998
4 0.312487922705314 1.2755599999999998 -0.43500805152979066 -1.4037066666666667
0 0.375414653784219 1.3383733333333332 -0.48615942028985504 -1.5037333333333336
2 0.0747463768115942 0.5023733333333332 0.1494927536231884 0.29573333333333335
2 0.30873590982286636 1.1134666666666666 -0.3365217391304347 -1.12288
2 0.17364331723027376 0.71088 -0.0630193236714976 -0.30527999999999994
8 0.28188808373590984 0.999 -0.30039452495974234 -1.0421066666666665
