2 0.4723268921095008 2.1533333333333333 -0.6500644122383253 -2.312
2 0.07309581320450885 0.6132266666666666 0.1461916264090177 0.6946133333333333
2 0.42317230273752005 2.134453333333333 -0.5423832528180355 -2.3497600000000003
2 0.06921900161030596 0.6372800000000001 0.13843800322061192 0.35679999999999995
2 0.06710950080515297 0.7147066666666666 0.13421900161030595 0.0882933333333333
2 0.09943639291465378 0.77112 0.055024154589371974 -0.1337066666666666
2 0.14084943639291467 0.7701466666666666 -0.01197262479871176 -0.2819466666666667
2 0.2581803542673108 0.9498666666666667 -0.23083735909822867 -0.8021333333333334
8 0.22317632850241545 0.8156666666666667 -0.1645169082125604 -0.6087733333333333
8 0.25085346215780996 0.8892800000000001 -0.2181964573268921 -0.756
