0 0.3485789049919485 1.1964933333333334 -0.4151288244766506 -1.32824
3 0.12197665056360708 0.5957333333333332 0.036980676328502424 -0.03242666666666666
7 0.16293075684380035 0.6294666666666667 -0.03850241545893721 -0.1584533333333333
2 0.19394122383252818 0.7631066666666667 -0.09617552334943641 -0.39032000000000006
2 0.1752254428341385 0.7163466666666666 -0.05475040257648953 -0.29296000000000005
2 0.23099033816425119 0.8515733333333334 -0.17228663446054748 -0.6185066666666666
2 0.21829710144927536 0.8087199999999999 -0.1496698872785829 -0.5427733333333333
8 0.25462962962962965 0.9073333333333333 -0.2257487922705314 -0.7754666666666665
8 0.33388888888888896 1.149 -0.38929146537842196 -1.2698933333333333
8 0.3535990338164251 1.32956 -0.4287117552334944 -1.6421066666666666
