2 0.08583735909822866 0.8313333333333333 0.17167471819645733 0.33199999999999996
2 0.2213083735909823 1.0560533333333333 -0.12000805152979065 -0.4997333333333334
2 0.1488365539452496 0.8955866666666668 0.030314009661835752 -0.12119999999999996
1 0.3945692431561996 1.6463333333333332 -0.48511272141706924 -1.6650400000000003
2 0.5399194847020934 2.02524 -0.8153462157809984 -2.5681866666666666
1 0.4188526570048309 1.7860133333333332 -0.5357729468599033 -1.817573333333333
0 0.12099033816425121 0.5911866666666666 0.060901771336553945 0.39773333333333327
2 0.2750764895330113 1.0455599999999998 -0.24068438003220613 -0.8138399999999998
2 0.29208132045088564 1.0413066666666666 -0.2760950080515298 -0.9199466666666667
3 0.2932004830917874 1.0410133333333333 -0.29462962962962963 -0.9647999999999999
2 0.33015297906602253 1.2731866666666667 -0.3618035426731079 -1.3535733333333333
2 0.32178341384863124 1.1904 -0.3425201288244767 -1.236
3 0.24857890499194848 1.0486 -0.20765700483091784 -0.7151733333333334
