2 0.31018115942028984 1.1014 -0.3391062801932368 -1.1267999999999998
2 0.38041867954911435 1.875 -0.4681803542673108 -1.829253333333333
2 0.08263285024154589 0.5243466666666667 0.16526570048309178 0.5391466666666667
2 0.36192834138486313 1.5164 -0.4380273752012882 -1.5478933333333333
0 0.3602012882447665 1.2772133333333333 -0.45125603864734304 -1.4114399999999998
2 0.33763687600644127 1.2551066666666666 -0.3945008051529791 -1.3437066666666666
2 0.32803542673107894 1.1580133333333333 -0.3783252818035427 -1.25544
2 0.23041867954911432 0.89812 -0.16120772946859904 -0.6014133333333334
2 0.24378019323671496 0.9221999999999999 -0.192037037037037 -0.6789599999999999
2 0.2564130434782608 0.942 -0.2220209339774557 -0.77232
