2 0.5226449275362319 2.022733333333333 -0.8034863123993559 -2.5732
2 0.06206521739130434 0.7931999999999999 0.12413043478260868 0.23359999999999997
2 0.13180354267310787 0.8953066666666667 0.00040257648953301127 -0.39994666666666673
2 0.16017310789049918 0.9127733333333332 -0.031602254428341386 -0.5021866666666667
2 0.07106682769726248 0.8155733333333334 0.14213365539452497 -0.09376000000000007
2 0.24618760064412237 1.0009733333333333 -0.21015297906602254 -0.8909066666666666
2 0.482548309178744 1.9384933333333332 -0.7021980676328503 -2.6235466666666665
2 0.34056763285024155 1.3357999999999999 -0.4007487922705314 -1.5255733333333334
2 0.33444847020933977 1.30816 -0.3982850241545894 -1.492533333333333
8 0.4648510466988728 1.6605333333333334 -0.658768115942029 -2.22128
8 0.3117310789049919 1.0966666666666667 -0.35466988727858295 -1.128
