3 0.06148550724637681 0.8312533333333334 0.12297101449275362 0.33216
2 0.4456682769726248 2.0344933333333333 -0.5929790660225442 -2.4571466666666666
2 0.34168679549114334 1.2926533333333332 -0.3832286634460548 -1.3299999999999998
2 0.10247584541062803 0.8247866666666666 0.1029549114331723 -0.08791999999999991
2 0.1340780998389694 0.8553733333333333 0.03664251207729468 -0.2572533333333334
2 0.18780998389694042 0.93264 -0.06908212560386474 -0.5331199999999999
2 0.21203301127214172 0.9379466666666667 -0.11710950080515296 -0.6077866666666666
2 0.32962157809983894 1.2030133333333333 -0.36351046698872785 -1.2448
2 0.25272141706924317 0.9949333333333333 -0.2062962962962963 -0.8349333333333332
2 0.2554227053140097 0.9676666666666667 -0.22326086956521737 -0.8190133333333335
8 0.27979066022544286 1.0351066666666666 -0.27942028985507245 -0.9865333333333333
8 0.30243558776167473 1.0823333333333334 -0.32805958132045093 -1.1642933333333332
8 0.31962962962962965 1.1281733333333333 -0.35909822866344604 -1.1949066666666668
