1 0.3972916666666667 1.5696216216216217 -0.5652369281045752 -1.765027027027027
0 0.39782679738562093 1.6236621621621623 -0.5745915032679739 -1.6279189189189187
0 0.415 1.4922297297297298 -0.5860947712418301 -1.8622972972972973
0 0.339375 1.2956621621621622 -0.4267238562091503 -1.2278648648648647
0 0.3127532679738562 1.2191216216216219 -0.37838235294117645 -1.100783783783784
0 0.31371732026143795 1.2354594594594595 -0.38937908496732027 -1.1144324324324324
0 0.4249183006535948 1.5318918918918918 -0.61 -1.9060540540540543
0 0.5103227124183006 1.822810810810811 -0.7870996732026143 -2.467945945945946
0 0.5191993464052288 1.884864864864865 -0.8158823529411764 -2.569837837837838
0 0.5155841503267974 1.8445405405405406 -0.7906127450980392 -2.5123243243243243
3 0.31325980392156866 1.08722972972973 -0.36828431372549025 -1.2130540540540542
