2 0.39634460547504025 1.8005466666666667 -0.5034460547504026 -1.9570400000000001
2 0.3156481481481482 1.5224000000000002 -0.3948550724637681 -1.55024
2 0.547097423510467 1.9729333333333334 -0.851086956521739 -2.6727999999999996
7 0.277548309178744 1.3919466666666667 -0.21933172302737522 -1.2875733333333332
2 0.2576086956521739 1.2131466666666666 -0.2247020933977456 -1.0624
2 0.2329186795491143 1.02648 -0.1649194847020934 -0.7602666666666668
7 0.24595008051529793 1.0543466666666665 -0.18877616747181963 -0.7951466666666668
7 0.28787842190016105 1.0886266666666664 -0.31345410628019327 -1.0644
2 0.12303140096618358 0.5985733333333333 0.07168276972624797 0.10749333333333333
2 0.08032608695652174 0.40830666666666665 0.16065217391304348 0.5216266666666666
4 0.062133655394524964 0.37816 0.12426731078904993 0.54416
