2 0.3555193236714976 1.2690266666666665 -0.44356682769726247 -1.4788533333333331
3 0.2919645732689211 1.2289866666666667 -0.32558776167471815 -1.1861333333333333
2 0.08435185185185186 0.6234533333333333 0.14300322061191625 0.18461333333333338
2 0.2221537842190016 1.0253866666666667 -0.16041062801932365 -0.7312000000000001
2 0.21869565217391304 0.8918933333333334 -0.14325281803542672 -0.6108266666666666
2 0.2752415458937198 0.99132 -0.2602576489533011 -0.8911733333333335
6 0.30339774557165866 1.1373199999999999 -0.3540579710144928 -1.26744
8 0.3766626409017713 1.8923066666666666 -0.50670692431562 -2.8287199999999997
8 0.19004830917874396 0.7503866666666666 -0.09658615136876005 -0.37821333333333335
8 0.34605072463768116 1.1934533333333333 -0.41528985507246385 -1.3809866666666666
