2 0.3723349436392915 1.76984 -0.46341384863123997 -1.69424
2 0.07481884057971014 0.8172133333333332 0.14963768115942028 0.29895999999999995
2 0.07133252818035427 0.85088 0.14266505636070853 -0.07226666666666673
2 0.10049919484702094 0.8285466666666665 0.05829307568438004 -0.13965333333333335
2 0.1452133655394525 0.8414666666666667 0.0060950080515297855 -0.3036266666666667
2 0.18995169082125604 0.9320666666666666 -0.08446054750402576 -0.5530933333333334
2 0.20665861513687603 0.9601066666666667 -0.12209339774557167 -0.6410666666666667
2 0.214585346215781 0.9394266666666665 -0.1460144927536232 -0.6406133333333333
2 0.2142471819645733 0.9638533333333332 -0.14929951690821255 -0.7302666666666667
2 0.23616747181964573 0.9645600000000001 -0.18619967793880837 -0.7747200000000001
2 0.24579307568438002 0.9814666666666665 -0.22282608695652173 -0.8600533333333332
1 0.30186392914653787 1.03672 -0.3203301127214171 -1.0282666666666667
2 0.34392512077294685 1.2869066666666666 -0.39205314009661835 -1.33104
2 0.35885668276972627 1.40008 -0.44156199677938807 -1.6392
2 0.34375603864734305 1.2720933333333333 -0.40764090177133655 -1.4517066666666665
2 0.3259420289855072 1.1380666666666666 -0.36421900161030596 -1.22184
8 0.2789492753623189 1.0087199999999998 -0.27438808373590984 -1.0004266666666668
8 0.3087278582930757 1.0976266666666668 -0.34064412238325287 -1.2004266666666668
