2 0.07849436392914654 1.0229333333333333 0.12009661835748792 -0.05119999999999997
2 0.49898953301127213 2.1533333333333333 -0.7085748792270531 -2.312
2 0.4006561996779388 2.048853333333333 -0.5048228663446055 -2.10304
2 0.29463768115942024 1.2269866666666667 -0.3029307568438003 -1.132
2 0.3932608695652174 1.5921466666666668 -0.5002737520128825 -1.689466666666667
3 0.47138083735909825 1.8394666666666666 -0.7234863123993559 -2.578453333333333
3 0.4394524959742351 1.6942266666666663 -0.6406602254428342 -2.270853333333333
2 0.3276610305958132 1.2074399999999998 -0.3807648953301127 -1.3131733333333333
2 0.3909702093397746 1.3918533333333334 -0.5137117552334943 -1.7207199999999998
2 0.34339774557165864 1.2275333333333334 -0.41801932367149763 -1.4164533333333331
4 0.36834541062801934 1.3373866666666665 -0.5097504025764894 -1.6965866666666667
8 0.23575684380032205 0.8767733333333334 -0.1796135265700483 -0.6976533333333333
8 0.2814694041867955 1.00456 -0.2827777777777778 -0.9976533333333333
8 0.34856682769726244 1.2489999999999999 -0.4387761674718197 -1.4976800000000003
8 0.40643719806763284 1.5128933333333334 -0.5662560386473431 -2.03656
