5 0.10414378029079162 0.8066978609625668 0.20828756058158324 0.3812566844919786
0 0.2263408723747981 1.1202272727272728 -0.20571890145395802 -0.2888502673796792
0 0.1974474959612278 1.0595320855614971 -0.1329886914378029 -0.12441176470588228
0 0.32095315024232635 1.2226069518716576 -0.388481421647819 -1.145
0 0.26178109854604203 0.9697994652406418 -0.2603311793214863 -0.7728609625668449
0 0.25932148626817453 0.9533422459893048 -0.25365105008077543 -0.7465775401069519
0 0.3198505654281099 1.1638502673796791 -0.38466074313408727 -1.1673262032085563
0 0.3426817447495962 1.2790508021390374 -0.42912762520193865 -1.2646256684491979
0 0.35647819063004854 1.3064839572192513 -0.4648949919224556 -1.421844919786096
0 0.3647617124394184 1.3154411764705882 -0.4863570274636511 -1.5015775401069515
2 0.29442245557350566 1.0610561497326203 -0.31944264943457196 -1.0793315508021388
0 0.20052504038772215 0.8601470588235294 -0.13306946688206786 -0.3628074866310161
0 0.3547334410339257 1.2968315508021389 -0.4473021001615509 -1.3507754010695188
8 0.19001211631663975 0.8429679144385026 -0.05440226171243944 -0.0022994652406417475
