2 0.32529790660225444 1.1506933333333333 -0.37149758454106285 -1.2395199999999997
2 0.2946256038647343 1.04452 -0.3022624798711755 -1.01624
2 0.22715780998389692 0.9748533333333332 -0.17099838969404185 -0.77232
2 0.19730273752012883 0.9467733333333332 -0.12483091787439612 -0.6455999999999998
2 0.33576892109500805 1.2193333333333334 -0.37920289855072464 -1.2914133333333333
2 0.3413929146537842 1.3032133333333333 -0.3855716586151369 -1.3423733333333332
2 0.14035829307568437 0.9112533333333334 0.012520128824476636 -0.3906133333333332
2 0.079987922705314 0.7415599999999999 0.159975845410628 0.30626666666666663
2 0.08035024154589372 0.6997466666666665 0.16070048309178744 0.5951733333333333
2 0.4842109500805153 2.1533333333333333 -0.6680032206119163 -2.312
8 0.27258454106280194 0.9867066666666666 -0.2600805152979066 -0.93576
8 0.30843800322061193 1.1059999999999999 -0.34057971014492755 -1.2026666666666666
