2 0.30834541062801935 1.09328 -0.3373671497584541 -1.1181866666666667
2 0.17803542673107892 1.1117066666666666 -0.065829307568438 -0.39360000000000006
2 0.0786755233494364 0.50288 0.1573510466988728 0.5100800000000001
1 0.3451851851851852 1.3630266666666666 -0.4342512077294685 -1.41928
0 0.35193236714975845 1.2851466666666664 -0.43473429951690823 -1.3053333333333332
0 0.3434098228663446 1.2406 -0.4084782608695652 -1.2431199999999998
0 0.21231078904991948 0.8198666666666666 -0.14370370370370372 -0.3257599999999999
1 0.344182769726248 1.3229866666666665 -0.4313446054750403 -1.4110933333333335
8 0.16488727858293079 0.6239866666666667 -0.03787439613526569 -0.07543999999999998
8 0.2785305958132045 0.9906666666666666 -0.2752254428341385 -0.9587733333333333
