0 0.22197665056360708 0.8654933333333333 -0.171682769726248 -0.4324799999999999
1 0.4802334943639291 1.94888 -0.6975362318840579 -2.4552533333333333
2 0.2517391304347826 1.046 -0.22729468599033817 -0.9268266666666665
2 0.36061996779388084 1.3802933333333334 -0.4476006441223833 -1.678933333333333
3 0.4641183574879227 1.735213333333333 -0.6750161030595814 -2.4125066666666664
2 0.3230193236714976 1.1813066666666667 -0.36706924315619965 -1.2934933333333332
2 0.19360305958132043 0.8098666666666666 -0.10029790660225445 -0.4770666666666666
2 0.29811191626409017 1.0466533333333332 -0.3138566827697262 -1.062
2 0.2819162640901771 0.9993333333333333 -0.27898550724637683 -0.9575999999999999
8 0.3112399355877617 1.07816 -0.34064412238325287 -1.1670933333333333
