2 0.10664653784219 0.58988 0.06131239935587762 -0.05741333333333334
4 0.11231481481481481 0.5314533333333333 0.02590177133655396 -0.0024799999999999423
2 0.32318035426731084 1.2049866666666667 -0.3734782608695652 -1.35696
0 0.4013123993558776 1.3815866666666667 -0.5406441223832529 -1.7491466666666664
2 0.37444444444444447 1.3354 -0.4935748792270531 -1.65928
2 0.38738727858293076 1.3688666666666667 -0.5124074074074074 -1.7407733333333333
2 0.40200885668276976 1.4329733333333332 -0.5392834138486313 -1.8745866666666666
8 0.34143719806763284 1.9128933333333333 -0.436256038647343 -2.786533333333333
8 0.252950885668277 0.92816 -0.2559339774557166 -0.8282133333333335
8 0.16135265700483092 0.7262133333333333 -0.06138486312399356 -0.4355733333333333
