2 0.07000805152979066 0.67628 0.14001610305958131 0.6421066666666666
2 0.06911433172302738 0.6201333333333333 0.13822866344605475 0.5102933333333334
2 0.0684339774557166 0.7817733333333332 0.1368679549114332 0.017466666666666696
2 0.10883252818035428 0.7529333333333333 0.04806763285024156 -0.06597333333333336
2 0.14392109500805153 0.92736 -0.008518518518518505 -0.48773333333333324
3 0.12389291465378421 0.9558800000000001 -0.06203703703703704 -0.5964533333333334
2 0.35493156199677944 1.4923066666666667 -0.41648148148148145 -1.508133333333333
2 0.39095410628019317 1.5776933333333332 -0.49677133655394523 -1.8865866666666666
2 0.3241264090177134 1.1289333333333333 -0.367866344605475 -1.2346133333333333
2 0.3414533011272142 1.26244 -0.4055636070853462 -1.4617866666666666
7 0.4637600644122383 2.1091599999999997 -0.6031723027375201 -2.223653333333333
8 0.24202898550724639 1.0688666666666669 -0.2144283413848631 -1.02136
8 0.30703301127214166 1.0966666666666667 -0.3471578099838969 -1.2275733333333332
