2 0.31217391304347825 1.1064133333333335 -0.3428824476650564 -1.1369333333333334
2 0.07547504025764895 0.9493199999999999 0.1509500805152979 0.09602666666666664
1 0.37229468599033816 1.67644 -0.5223510466988728 -1.7097333333333335
0 0.3813405797101449 1.474786666666667 -0.5053381642512078 -1.4367733333333335
0 0.36600241545893725 1.3826666666666667 -0.457109500805153 -1.34192
0 0.1380998389694042 0.67804 0.006795491143317229 0.25224
2 0.11397342995169082 0.7008666666666666 0.09338969404186796 0.04424000000000001
2 0.23895732689210947 0.8911199999999999 -0.17833333333333332 -0.6459199999999999
1 0.36475442834138483 1.5226933333333332 -0.49176328502415456 -1.602986666666667
8 0.2747584541062802 1.0003866666666665 -0.2643317230273752 -0.9726666666666667
8 0.34856280193236716 1.2003733333333333 -0.4220048309178744 -1.3782399999999997
