1 0.38611928104575166 1.4349594594594597 -0.4979575163398693 -1.5095405405405409
1 0.1576266339869281 1.032364864864865 -0.03824346405228758 -0.07013513513513511
0 0.3015032679738562 1.0751621621621623 -0.30923202614379086 -0.9627027027027025
1 0.2810825163398693 1.0295810810810813 -0.26963235294117643 -0.8736486486486489
0 0.08622140522875817 0.4232297297297298 0.10994281045751633 0.4693243243243243
0 0.25800653594771245 0.9462702702702703 -0.2368790849673202 -0.7068108108108108
0 0.2752941176470588 1.0008918918918919 -0.2588888888888889 -0.7779459459459461
8 0.3600081699346405 1.2521216216216218 -0.4244281045751634 -1.392945945945946
8 0.3768055555555556 1.3146486486486486 -0.46305555555555555 -1.5012972972972973
8 0.32642565359477127 1.116027027027027 -0.3606127450980392 -1.154054054054054
8 0.3335580065359477 1.1437972972972974 -0.3782434640522876 -1.2485135135135135
