2 0.06540257648953302 0.6255866666666666 0.13080515297906603 0.6279199999999999
2 0.20315217391304347 0.8832933333333334 -0.11934782608695653 -0.5828
1 0.47037842190016105 1.8013333333333332 -0.7089694041867954 -2.3184533333333333
1 0.43429951690821256 1.59036 -0.6213204508856683 -1.9974666666666665
1 0.4233574879227053 1.5005600000000001 -0.5864251207729468 -1.8602666666666667
2 0.4099436392914654 1.4153866666666666 -0.5603542673107891 -1.8659733333333333
8 0.2856602254428341 1.0059333333333331 -0.299549114331723 -1.0504266666666666
8 0.30830515297906597 1.0656666666666665 -0.3431642512077295 -1.1310133333333334
8 0.35485507246376813 1.3684399999999999 -0.45135265700483085 -1.7809866666666667
8 0.45340177133655396 1.5865066666666667 -0.6652254428341385 -2.261546666666667
8 0.23030595813204505 0.8892666666666666 -0.167037037037037 -0.6782133333333332
