2 0.3019178082191781 1.0835505319148937 -0.31534246575342467 -1.0488563829787234
2 0.07966156325543916 0.7165425531914892 0.15932312651087832 0.26845744680851064
2 0.12246978243352136 1.0659574468085107 0.07736502820306204 -0.13723404255319155
2 0.17505237711522964 0.8199867021276596 -0.049041095890410946 -0.3179521276595744
2 0.20892425463336017 0.8376728723404256 -0.11691377921031426 -0.4676329787234042
2 0.24125302175664784 0.9665159574468084 -0.18037872683319903 -0.6796808510638298
3 0.25800966962127314 0.9957047872340425 -0.26497985495568094 -0.8616755319148937
2 0.2817365028203062 0.9959707446808511 -0.26842062852538273 -0.9005053191489361
2 0.07848106365834004 0.5580053191489361 0.15696212731668008 0.28425531914893615
2 0.13542304593070104 0.6773803191489361 0.021579371474617245 -0.10055851063829795
