2 0.31100644122383253 1.0911733333333333 -0.3375201288244767 -1.1209066666666667
2 0.3702858293075684 1.6507333333333332 -0.43271336553945255 -1.5878666666666668
2 0.35313607085346216 1.4392533333333333 -0.41501610305958136 -1.4663466666666667
2 0.29667874396135263 1.0386133333333332 -0.305048309178744 -1.0203733333333334
2 0.341610305958132 1.26936 -0.3947020933977456 -1.3366933333333333
2 0.33321256038647346 1.2294533333333333 -0.38507246376811594 -1.29832
2 0.22710950080515296 0.8489866666666667 -0.15582930756843796 -0.6087466666666667
0 0.35449677938808377 1.2450533333333333 -0.44173107890499197 -1.3818400000000002
8 0.2512761674718197 0.9212266666666667 -0.21400161030595816 -0.7698666666666666
8 0.3196256038647343 1.15732 -0.3641304347826087 -1.2254666666666665
