2 0.0820571658615137 0.7066133333333333 0.1641143317230274 0.20687999999999995
2 0.09524959742351047 0.7568666666666668 0.10494363929146538 -0.028453333333333376
2 0.13896537842190015 0.8277733333333332 0.027254428341384883 -0.24306666666666674
2 0.17727455716586152 0.8661866666666667 -0.05752818035426732 -0.4294399999999999
2 0.22263687600644122 0.8786666666666666 -0.1436151368760064 -0.55728
2 0.22950080515297908 0.9294533333333332 -0.1602415458937198 -0.67816
2 0.2675161030595813 0.9682266666666666 -0.23722222222222222 -0.8065333333333331
8 0.38295088566827695 1.9424 -0.5222946859903382 -2.7285333333333335
8 0.27180756843800324 0.9955599999999999 -0.2485265700483092 -0.9257866666666665
8 0.31962962962962965 1.1073333333333333 -0.3473590982286635 -1.1810133333333335
8 0.33388486312399357 1.1962133333333334 -0.3825845410628019 -1.3309866666666665
