2 0.08655394524959742 0.7979999999999999 0.17310789049919484 0.39866666666666667
2 0.5304549114331724 2.0365866666666665 -0.8407326892109501 -2.545493333333333
2 0.4642632850241546 2.009933333333333 -0.6845169082125604 -2.5987999999999998
2 0.17530998389694044 0.9166133333333334 -0.035515297906602246 -0.33264
2 0.3839412238325282 1.8087066666666665 -0.4740499194847021 -1.8429600000000004
2 0.3595410628019324 1.4771733333333332 -0.43462157809983903 -1.5306133333333334
2 0.22411030595813203 0.9367733333333333 -0.14179549114331721 -0.5444266666666666
2 0.3469243156199678 1.3026533333333332 -0.4034460547504025 -1.3930933333333335
2 0.25353864734299514 0.9757466666666665 -0.2073832528180354 -0.7478666666666666
2 0.34072061191626407 1.25356 -0.3884138486312399 -1.33416
2 0.2755475040257649 0.9920933333333332 -0.25776167471819644 -0.87112
2 0.3337117552334944 1.1974666666666667 -0.3788405797101449 -1.2802666666666667
2 0.29657809983896943 1.0603066666666667 -0.3106602254428341 -1.09736
8 0.09359903381642512 0.5365066666666667 0.09296296296296294 0.1717866666666667
8 0.18837359098228662 0.8267866666666666 -0.10497584541062799 -0.5032266666666666
