2 0.30945652173913046 1.1540666666666666 -0.32604669887278587 -1.1058933333333334
2 0.14070450885668276 0.9137866666666665 0.016449275362318844 -0.19349333333333332
3 0.1554790660225443 1.0161466666666668 -0.11203703703703705 -0.5677599999999999
2 0.22318035426731078 1.0014933333333333 -0.1476328502415459 -0.7189866666666667
2 0.2728623188405797 1.0263466666666665 -0.2685587761674718 -0.9735466666666664
3 0.32540257648953297 1.1829066666666666 -0.3856360708534622 -1.2831466666666664
2 0.3100161030595813 1.11384 -0.33265700483091787 -1.1097599999999999
3 0.22928743961352654 1.0235333333333334 -0.18709339774557163 -0.8174133333333334
2 0.07351851851851852 0.6123999999999999 0.14703703703703705 0.39962666666666663
2 0.12111916264090178 0.7246266666666666 0.04091787439613527 -0.08978666666666663
0 0.07031803542673108 0.3698666666666666 0.12329307568438003 0.51696
0 0.14000805152979065 0.5342666666666667 0.0005314009661835722 0.08069333333333331
4 0.16620370370370371 0.7743599999999999 -0.10504830917874398 -0.4554933333333334
8 0.46136876006441224 1.5851066666666664 -0.6409017713365539 -2.0809866666666665
8 0.48820450885668276 1.8809333333333333 -0.6995974235104669 -2.705973333333333
