2 0.30904589371980673 1.3619333333333334 -0.33118357487922706 -1.1163466666666664
2 0.5701086956521738 2.1533333333333333 -0.8402334943639291 -2.312
2 0.36026570048309176 1.4382933333333334 -0.4424798711755234 -1.644426666666667
2 0.34938808373590985 1.3053466666666667 -0.41365539452495975 -1.4711200000000002
2 0.34147342995169083 1.2573066666666666 -0.39566827697262485 -1.4157866666666667
2 0.2207608695652174 0.9093866666666666 -0.1386231884057971 -0.5500266666666667
2 0.0901328502415459 0.6660933333333333 0.13931561996779387 0.13751999999999998
2 0.28523349436392914 1.0179866666666666 -0.28194847020933983 -0.9617333333333336
2 0.3046658615136876 1.0665066666666667 -0.32509661835748793 -1.0973866666666667
2 0.21576086956521742 0.8628533333333333 -0.1325040257648953 -0.5410133333333333
2 0.23214170692431563 0.8860266666666666 -0.17755233494363928 -0.62832
2 0.25586553945249596 0.9387466666666665 -0.22276167471819647 -0.7896533333333333
2 0.27952495974235103 1.0030666666666668 -0.2681320450885668 -0.9483733333333333
2 0.166256038647343 0.7047466666666665 -0.03809983896940418 -0.23610666666666671
2 0.1599919484702093 0.6776 -0.028067632850241536 -0.24223999999999993
