2 0.07228260869565217 0.76484 0.14456521739130435 0.43928000000000006
2 0.06789855072463769 0.8298133333333333 0.13579710144927537 0.011093333333333249
2 0.11184782608695654 0.8117199999999999 0.06644927536231884 -0.12242666666666673
2 0.16528985507246377 0.9031066666666667 -0.05028985507246377 -0.5037066666666666
2 0.20003623188405797 0.9392400000000001 -0.13340579710144929 -0.6461066666666667
2 0.34774557165861514 1.3517733333333333 -0.39969404186795493 -1.3854133333333332
2 0.39661030595813207 2.0896666666666666 -0.4852979066022544 -2.1846666666666668
2 0.3337479871175523 1.2319733333333334 -0.38491948470209336 -1.2949866666666665
2 0.23130434782608697 0.9708 -0.1761352657004831 -0.7742933333333334
8 0.26721014492753625 1.0531599999999999 -0.2576086956521739 -1.0504266666666666
8 0.31040257648953307 1.1448266666666667 -0.34568438003220614 -1.2115733333333334
