2 0.31099838969404187 1.0924533333333333 -0.33706924315619974 -1.1194666666666668
2 0.5288768115942029 2.1533333333333333 -0.7286876006441224 -2.312
2 0.28069645732689213 1.0377733333333334 -0.27121578099838967 -0.9231199999999998
2 0.3702093397745571 1.6065199999999997 -0.44486312399355876 -1.6135733333333333
2 0.34828099838969406 1.4200666666666668 -0.41311594202898555 -1.4409333333333334
2 0.34241143317230277 1.3199733333333332 -0.4054669887278583 -1.3563199999999997
2 0.33476650563607085 1.23092 -0.38191626409017715 -1.2961333333333334
2 0.32768115942028986 1.1572399999999998 -0.3710628019323671 -1.2371466666666664
2 0.33137278582930757 1.1988533333333333 -0.37909017713365545 -1.2704
2 0.23400966183574878 0.8897066666666666 -0.17318840579710146 -0.6785066666666667
2 0.19944847020933978 0.78724 -0.10432367149758454 -0.46914666666666666
0 0.37149355877616747 1.3507066666666665 -0.48382447665056366 -1.4862133333333332
