2 0.30781400966183575 1.2331466666666666 -0.3311352657004832 -1.1088533333333335
3 0.3805314009661836 1.8714133333333332 -0.5492914653784219 -2.0251733333333335
2 0.3581360708534621 1.4959733333333334 -0.44000805152979067 -1.6864000000000001
2 0.3401368760064412 1.2807733333333333 -0.4042351046698873 -1.4637333333333333
2 0.3351288244766506 1.2155066666666665 -0.39064412238325286 -1.37048
2 0.33229066022544285 1.1958799999999998 -0.3833896940418679 -1.3525599999999998
2 0.07123590982286634 0.6357333333333333 0.1424718196457327 0.16031999999999993
3 0.02956119162640902 0.7685333333333333 0.05912238325281804 0.4073066666666666
2 0.14907407407407408 0.7395333333333333 -0.004541062801932356 -0.1834933333333334
2 0.1981561996779388 0.8110266666666666 -0.09526570048309178 -0.4245066666666667
2 0.24401771336553946 0.90472 -0.1981964573268921 -0.7173866666666666
2 0.2523148148148148 0.91848 -0.22327697262479868 -0.7629333333333334
2 0.2664734299516909 0.9520533333333334 -0.24993558776167474 -0.8649066666666667
2 0.28301932367149757 0.9990133333333333 -0.2815780998389694 -0.9792533333333334
2 0.5276811594202899 1.9545466666666667 -0.7596779388083736 -2.709573333333333
2 0.11838566827697262 0.5824933333333333 0.054838969404186796 0.055066666666666604
