1 0.3845874183006536 1.4676621621621622 -0.48221405228758174 -1.5348918918918921
1 0.2528186274509804 1.1353108108108108 -0.21717320261437914 -0.5768918918918919
0 0.31571895424836605 1.1162297297297297 -0.3286928104575164 -1.024837837837838
0 0.07246732026143791 0.3566081081081081 0.14493464052287583 0.604945945945946
0 0.0807312091503268 0.37998648648648653 0.1393218954248366 0.5461891891891891
1 0.29373774509803924 1.071054054054054 -0.2923774509803922 -0.9528648648648651
0 0.14747549019607842 0.5970405405405406 0.0004411764705882288 0.10629729729729726
0 0.14240196078431375 0.5658918918918919 0.017401960784313712 0.14270270270270274
0 0.28105392156862746 1.0140810810810812 -0.27254901960784317 -0.8302702702702701
0 0.2975531045751634 1.0639054054054053 -0.29610294117647057 -0.8997027027027029
8 0.37806372549019607 1.310472972972973 -0.4521405228758171 -1.4929459459459462
8 0.3469975490196079 1.213256756756757 -0.38832516339869283 -1.3373783783783786
