3 0.3216062801932367 1.9910266666666665 -0.5341143317230274 -1.9990666666666668
2 0.062298711755233493 0.8803733333333332 0.12459742351046699 -0.11957333333333327
2 0.35519726247987116 1.43124 -0.41685185185185186 -1.4695199999999997
3 0.3218760064412238 1.280973333333333 -0.4140257648953301 -1.3623733333333332
2 0.21379227053140096 0.9171733333333333 -0.14294685990338166 -0.6350933333333332
2 0.22449677938808374 0.96288 -0.16772141706924318 -0.7449600000000001
3 0.2502214170692431 1.013 -0.2471417069243156 -0.9452533333333334
2 0.32833333333333337 1.16264 -0.37006441223832526 -1.24336
8 0.2885990338164251 1.0628933333333332 -0.30038647342995173 -1.1198666666666663
8 0.31585346215780996 1.1003733333333332 -0.35826086956521735 -1.1893333333333334
