2 0.08140522875816994 0.9071216216216217 0.16281045751633988 0.1803513513513514
0 0.4866625816993464 1.9352567567567571 -0.746968954248366 -2.2726216216216217
0 0.48174836601307186 1.9695810810810814 -0.7498202614379085 -2.281810810810811
1 0.4650367647058823 1.683027027027027 -0.6898774509803921 -2.1966486486486483
0 0.25400735294117643 1.035945945945946 -0.23600490196078433 -0.5822162162162163
0 0.23979575163398692 1.0057162162162163 -0.20055555555555554 -0.5016486486486487
2 0.2523447712418301 0.9148783783783784 -0.22549019607843138 -0.7722432432432433
2 0.33423202614379083 1.1784054054054054 -0.3920915032679738 -1.3168648648648649
8 0.4221486928104576 1.4896486486486487 -0.5890032679738562 -1.917945945945946
8 0.32390114379084967 1.1118513513513515 -0.3757271241830065 -1.2512702702702705
