1 0.48630434782608695 2.0953866666666667 -0.7468760064412238 -2.1961066666666667
0 0.3832447665056361 1.4967199999999998 -0.5241545893719807 -1.4919466666666668
0 0.5052294685990338 1.9107599999999998 -0.7510869565217393 -2.2450933333333336
0 0.13833735909822867 0.6360399999999999 -0.00654589371980676 0.14205333333333328
0 0.1668880837359098 0.74112 -0.07158615136876006 -0.06533333333333333
5 0.13157004830917873 0.5627599999999999 0.05344605475040257 0.17917333333333332
1 0.25297504025764894 0.96396 -0.2381884057971015 -0.72968
3 0.27389694041867957 1.0687333333333333 -0.30054750402576497 -1.0342133333333334
0 0.3855072463768116 1.4867466666666664 -0.523268921095008 -1.5789866666666665
1 0.30398953301127213 1.1165333333333332 -0.3342431561996779 -1.1102400000000001
8 0.4106280193236715 1.5740133333333333 -0.5478099838969405 -1.7976800000000002
8 0.22443639291465378 0.874 -0.18549114331723027 -0.6810133333333332
8 0.26049919484702094 0.9615066666666666 -0.24587761674718195 -0.8615733333333334
8 0.2156280193236715 0.7976133333333334 -0.14774557165861513 -0.44487999999999994
