0 0.16624394184168015 0.9525133689839572 -0.09639741518578356 0.08962566844919781
0 0.12175282714054929 0.9542379679144384 0.025621970920840065 0.08617647058823534
0 0.3239903069466882 1.2346657754010695 -0.3918739903069467 -1.1403475935828877
0 0.2572092084006462 0.961457219251337 -0.24734248788368335 -0.718048128342246
0 0.25019789983844914 0.930855614973262 -0.23160743134087242 -0.668288770053476
0 0.31713651050080777 1.1589304812834222 -0.3757108239095315 -1.1376470588235292
0 0.3412924071082391 1.2817245989304813 -0.4227786752827142 -1.2381016042780746
0 0.35462843295638125 1.3068181818181817 -0.45701130856219707 -1.3966310160427804
0 0.368953957996769 1.33048128342246 -0.49118739903069464 -1.5109090909090905
2 0.29053311793214864 1.0507620320855613 -0.30838449111470123 -1.043181818181818
0 0.1850080775444265 0.7885026737967913 -0.1018416801292407 -0.18459893048128348
0 0.35670840064620357 1.3025 -0.44685783521809375 -1.3355347593582887
