2 0.21301127214170693 1.0125466666666665 -0.11917874396135264 -0.5533066666666667
2 0.13894927536231882 0.8320666666666666 0.03941223832528182 -0.11874666666666674
2 0.3273550724637681 1.18276 -0.3692512077294686 -1.2397066666666665
2 0.2540660225442834 1.0005866666666665 -0.2061996779388084 -0.7403733333333332
2 0.36518921095008056 1.43656 -0.46599838969404184 -1.7847999999999997
2 0.35830917874396134 1.3953333333333333 -0.4666183574879227 -1.7163733333333335
3 0.4454468599033816 1.6867466666666666 -0.6662721417069243 -2.40912
8 0.4152415458937198 1.5323333333333333 -0.5872302737520129 -2.1254666666666666
8 0.27643719806763284 1.0184399999999998 -0.2659983896940419 -0.9531999999999999
8 0.30495169082125606 1.1059333333333334 -0.32974235104669886 -1.1782133333333333
