2 0.07764090177133656 1.1043466666666666 0.1381803542673108 -0.21402666666666664
2 0.41876006441223834 2.1533333333333333 -0.5319162640901771 -2.312
2 0.36171900161030596 1.6803333333333332 -0.41785024154589373 -1.527653333333333
2 0.21660225442834136 1.0725066666666667 -0.1362157809983897 -0.512
2 0.24689210950080515 1.0486 -0.1943317230273752 -0.7118666666666668
2 0.3442149758454106 1.3863733333333332 -0.3990901771336554 -1.392426666666667
2 0.33440016103059583 1.2802133333333334 -0.3772061191626409 -1.2914133333333333
2 0.27879227053140093 1.0366 -0.2701932367149758 -0.9174133333333332
2 0.2852616747181964 1.0509333333333333 -0.2960628019323671 -0.9813866666666666
2 0.29506441223832525 1.0686266666666666 -0.3096618357487923 -1.0350133333333333
8 0.31417471819645737 1.1378933333333334 -0.3448389694041868 -1.22544
