2 0.30847020933977454 1.16424 -0.32914653784219 -1.1195733333333333
2 0.09710144927536231 1.0050266666666665 0.11172302737520128 -0.04151999999999998
2 0.19981078904991947 0.9576 -0.11018518518518516 -0.5437866666666666
2 0.2197222222222222 0.9885866666666667 -0.15243961352657007 -0.69504
2 0.24512882447665055 1.00476 -0.20478260869565218 -0.8455200000000002
3 0.26138083735909823 1.0313066666666666 -0.26440418679549116 -0.97808
2 0.412938808373591 1.9854133333333333 -0.5093719806763286 -2.0691733333333335
2 0.3737399355877617 1.5912666666666666 -0.470780998389694 -1.7033333333333334
0 0.35632447665056355 1.2578666666666667 -0.4325684380032206 -1.34832
2 0.3955756843800322 1.5551066666666664 -0.5135507246376811 -1.91976
2 0.07381239935587762 0.6493999999999999 0.14762479871175524 0.2926666666666666
2 0.31019323671497584 1.11748 -0.3374074074074074 -1.1257866666666665
2 0.11769323671497585 0.7119733333333333 0.04723832528180353 -0.06240000000000001
2 0.16988325281803543 0.79332 -0.046207729468599024 -0.2994933333333333
3 0.4360346215780999 1.8145333333333333 -0.6278341384863124 -2.4201066666666664
