2 0.29582125603864734 1.2484533333333334 -0.31660225442834133 -1.0636266666666667
2 0.4396537842190016 2.1504266666666667 -0.6009822866344605 -2.3061866666666666
2 0.37884460547504023 1.7891333333333335 -0.5009581320450887 -2.0105333333333335
2 0.3771296296296296 1.6004133333333332 -0.4744363929146538 -1.8266933333333333
2 0.0719524959742351 0.4679466666666667 0.1439049919484702 0.5699733333333333
2 0.07113123993558776 0.6232266666666667 0.12939613526570046 0.1307200000000001
3 0.2811191626409018 0.99596 -0.29135265700483093 -0.9779466666666666
0 0.3531561996779388 1.2561866666666666 -0.4377294685990339 -1.3731733333333331
0 0.44704508856682773 1.5516533333333333 -0.6343317230273752 -2.0108266666666665
0 0.4445048309178744 1.5225066666666667 -0.6209742351046699 -1.99104
8 0.2609219001610306 0.9212266666666665 -0.2433574879227053 -0.8198933333333334
