2 0.5221936274509805 1.9705405405405407 -0.7438316993464053 -2.6697297297297298
2 0.49690359477124185 1.8778513513513517 -0.6932843137254903 -2.497972972972973
2 0.463484477124183 1.760810810810811 -0.6300408496732026 -2.2554594594594595
2 0.31663398692810457 1.1345 -0.3512091503267974 -1.171972972972973
1 0.2634722222222222 1.0213513513513512 -0.2559313725490196 -0.7870270270270271
1 0.2752042483660131 1.0657027027027028 -0.2872385620915033 -0.902810810810811
1 0.2697140522875817 0.9614864864864865 -0.2641176470588235 -0.8330270270270271
0 0.1360580065359477 0.5348108108108108 -0.028749999999999998 -0.008540540540540532
0 0.12426879084967322 0.5725405405405405 -0.001772875816993454 0.10448648648648648
1 0.4473406862745098 1.9887567567567566 -0.6735539215686275 -2.2132972972972973
0 0.166515522875817 0.6520945945945946 -0.07888071895424838 -0.17327027027027023
0 0.15055964052287585 0.5995405405405405 -0.0525735294117647 -0.08302702702702702
0 0.2965563725490196 1.230445945945946 -0.3396323529411765 -0.8980270270270271
0 0.31032679738562097 1.2662972972972972 -0.3736111111111111 -1.0312432432432432
0 0.3278186274509804 1.365472972972973 -0.41214052287581704 -1.133918918918919
0 0.5215522875816995 2.1513513513513516 -0.8075980392156864 -2.308108108108108
0 0.5233946078431373 2.1202297297297297 -0.801184640522876 -2.3703513513513514
0 0.4091339869281046 1.8160135135135136 -0.5752777777777778 -1.6374324324324325
0 0.41551470588235295 1.797310810810811 -0.5873366013071896 -1.6784594594594595
0 0.4366952614379085 1.7874054054054056 -0.614779411764706 -1.7887027027027027
0 0.3246609477124183 1.3797162162162162 -0.4015604575163399 -1.0805675675675677
8 0.2420343137254902 0.856310810810811 -0.22037581699346406 -0.6845675675675676
