2 0.5234191176470588 1.9725810810810813 -0.7440441176470589 -2.6656486486486486
2 0.49665032679738563 1.8785945945945945 -0.6929901960784314 -2.500054054054054
2 0.46345996732026146 1.760945945945946 -0.6296650326797386 -2.254432432432432
2 0.31657271241830065 1.1344594594594595 -0.35141339869281046 -1.173027027027027
1 0.07009803921568628 0.8014459459459459 0.14019607843137255 0.39170270270270274
0 0.38424428104575165 1.531148648648649 -0.5133415032679739 -1.4786756756756758
0 0.40442401960784313 1.5796756756756758 -0.5386029411764706 -1.6163243243243244
0 0.2638888888888889 1.072635135135135 -0.2677450980392157 -0.7391621621621622
0 0.1797140522875817 0.7444864864864865 -0.10566993464052286 -0.2272432432432433
0 0.19774101307189543 0.7935270270270272 -0.12956699346405226 -0.32554054054054055
0 0.14913807189542486 0.6235675675675676 -0.04538398692810456 -0.03535135135135131
0 0.16343954248366013 0.6665 -0.0734967320261438 -0.12521621621621618
0 0.18084150326797388 0.713081081081081 -0.1009313725490196 -0.22799999999999998
8 0.21474264705882357 0.7979594594594596 -0.16412581699346407 -0.5568378378378379
8 0.2961968954248366 1.0090945945945946 -0.31526960784313723 -1.0234864864864868
