0 0.4645128824476651 2.1533333333333333 -0.7436151368760064 -2.312
1 0.1996014492753623 0.8699466666666666 -0.13807568438003218 -0.3576533333333333
1 0.21396135265700483 0.8800800000000001 -0.16109500805152976 -0.45834666666666674
3 0.2553220611916264 1.0518399999999999 -0.26887278582930757 -0.9468266666666668
5 0.09376006441223832 0.4929866666666667 0.12027375201288244 0.4116266666666667
5 0.1090901771336554 0.5460133333333334 0.0856843800322061 0.2654666666666667
0 0.10991545893719806 0.5254133333333333 0.05944444444444445 0.3462933333333333
0 0.4817914653784219 2.14284 -0.7537600644122384 -2.2910133333333333
0 0.46202093397745575 1.8086933333333333 -0.583719806763285 -1.7432533333333333
0 0.4801288244766505 1.8559066666666666 -0.6226892109500806 -1.8546933333333333
5 0.17551932367149758 0.7045199999999999 -0.05221417069243156 -0.1514399999999999
1 0.314645732689211 1.1619066666666666 -0.35396135265700485 -1.1605066666666666
0 0.43522544283413844 1.5493599999999998 -0.6037842190016103 -1.9052266666666666
2 0.2363888888888889 0.9171866666666666 -0.1873510466988728 -0.7516533333333333
8 0.3917552334943639 1.40176 -0.49832528180354263 -1.6532266666666666
8 0.4148228663446055 1.476786666666667 -0.5628985507246377 -1.7809866666666667
