2 0.2948389694041868 1.27496 -0.31317230273752006 -1.0540266666666667
2 0.43408615136876005 2.1533333333333333 -0.6171578099838969 -2.312
2 0.40726247987117553 1.8419866666666662 -0.5322866344605475 -2.0512266666666665
2 0.06910225442834139 0.4726533333333333 0.13820450885668278 0.5155466666666667
3 0.273828502415459 0.9898266666666666 -0.2725523349436393 -0.92104
0 0.37402576489533007 1.3431733333333333 -0.48127214170692434 -1.5157866666666666
0 0.47005233494363924 1.6422666666666668 -0.6801368760064412 -2.1527999999999996
0 0.4626288244766506 1.5890933333333332 -0.6522302737520128 -2.088
2 0.10980273752012883 0.5227733333333334 0.08519323671497585 0.12410666666666664
8 0.25882447665056363 0.91984 -0.22909822866344606 -0.7837866666666665
