2 0.405414653784219 2.0583866666666664 -0.5102012882447665 -2.1221066666666664
2 0.2549718196457327 1.0126933333333332 -0.22719001610305956 -0.9039999999999999
0 0.24762077294685986 0.91928 -0.22168276972624798 -0.63904
1 0.4296698872785829 1.6431333333333331 -0.5879227053140097 -2.01288
2 0.3494605475040258 1.3056533333333333 -0.4282447665056361 -1.5538133333333335
2 0.4267028985507247 1.5797199999999998 -0.5838083735909824 -2.1188
3 0.5232648953301127 1.9124800000000002 -0.7949999999999999 -2.793706666666666
2 0.25532608695652176 0.9763733333333333 -0.2251449275362319 -0.8544533333333334
2 0.16182367149758456 0.6771733333333333 -0.030217391304347828 -0.22464
2 0.3017109500805153 1.0532133333333333 -0.32337359098228663 -1.091813333333333
2 0.28673107890499194 1.0093999999999999 -0.29004830917874397 -0.99112
8 0.31124396135265703 1.1365066666666666 -0.3456763285024155 -1.2670933333333332
8 0.07364331723027376 0.35617333333333334 0.14728663446054752 0.46199999999999997
