2 0.31199677938808373 1.0956266666666667 -0.33743961352657004 -1.1206933333333333
2 0.4703864734299517 2.1533333333333333 -0.6328824476650563 -2.312
2 0.28385265700483087 1.0409733333333333 -0.275756843800322 -0.93528
2 0.36678743961352656 1.5516 -0.4381642512077295 -1.5682666666666665
2 0.3469122383252818 1.39496 -0.4098953301127214 -1.42256
2 0.3416223832528181 1.3066266666666666 -0.4032769726247987 -1.3475466666666667
2 0.3349154589371981 1.2266266666666668 -0.3812640901771337 -1.2924533333333335
2 0.3278663446054751 1.156 -0.37120772946859903 -1.23728
2 0.2361272141706924 0.8940266666666666 -0.17753623188405795 -0.6902400000000001
2 0.2024476650563607 0.79416 -0.11 -0.48474666666666666
0 0.3703542673107891 1.34072 -0.48096618357487914 -1.4801066666666665
