2 0.3017002417405318 1.2032712765957447 -0.32253021756647865 -1.0839361702127661
2 0.076897663174859 0.7078191489361702 0.153795326349718 0.1232978723404255
2 0.15479854955680902 0.9688297872340424 -0.014174053182917005 -0.2781382978723404
2 0.24429089443996774 0.9676196808510638 -0.19143432715551972 -0.698962765957447
2 0.20974617244157936 0.8558909574468084 -0.12742143432715552 -0.5121010638297872
2 0.26427477840451247 0.9909574468085107 -0.23970185334407737 -0.8370212765957448
7 0.2560676873489121 1.017752659574468 -0.28709105560032233 -0.9415159574468085
7 0.2827759871071716 1.020345744680851 -0.31783239323126505 -1.0207446808510636
2 0.10340451248992746 0.6420744680851064 0.09167606768734891 0.029627659574468123
2 0.16163980660757452 0.7099601063829787 -0.02916196615632554 -0.22109042553191488
3 0.22896857373086218 0.855997340425532 -0.18091861402095086 -0.6342819148936171
2 0.3346414182111201 1.1512898936170213 -0.3782111200644641 -1.2630585106382979
