2 0.3003102336825141 1.1003590425531915 -0.32186140209508457 -1.0724202127659574
2 0.07674053182917003 0.5852260638297871 0.15348106365834005 0.4456648936170213
2 0.11220386784850926 0.8999335106382979 0.07497985495568091 -0.10045212765957441
3 0.15757856567284448 0.7897207446808511 -0.0438436744560838 -0.28465425531914895
7 0.21020145044319097 0.9654521276595744 -0.17988718775181306 -0.6065957446808511
3 0.22753424657534246 0.9878989361702127 -0.21732473811442388 -0.7385638297872341
2 0.20554794520547942 0.825904255319149 -0.11510878323932312 -0.46186170212765953
2 0.265132957292506 0.9833244680851062 -0.25382755842062854 -0.8606914893617021
2 0.27884770346494764 0.9894680851063828 -0.26818694601128124 -0.9054255319148936
3 0.27880741337630943 0.998909574468085 -0.2938597904915391 -0.9624999999999999
2 0.11825543916196615 0.6552659574468085 0.05900886381950041 -0.024574468085106407
