2 0.24851449275362317 0.9853466666666666 -0.20857487922705314 -0.8392266666666668
2 0.33035426731078904 1.2053333333333334 -0.3664412238325282 -1.25184
2 0.208317230273752 0.9488933333333333 -0.12961352657004832 -0.6739999999999999
2 0.15284621578099838 0.8934666666666666 -0.007012882447665063 -0.38832
2 0.3838083735909823 1.648453333333333 -0.47594202898550725 -1.92864
2 0.11504428341384862 0.85648 0.07237520128824478 -0.23360000000000006
2 0.06766908212560387 0.8358800000000001 0.13533816425120773 -0.041893333333333276
2 0.07699677938808373 0.8269733333333333 0.15399355877616747 0.22280000000000003
2 0.0803864734299517 0.71688 0.1607729468599034 0.5609066666666667
2 0.5192512077294686 2.1533333333333333 -0.7431400966183576 -2.312
8 0.2730837359098228 1.0267866666666667 -0.26768115942028986 -1.0087733333333335
8 0.317109500805153 1.1239866666666667 -0.34903381642512077 -1.2087733333333333
8 0.3057890499194847 1.0448266666666666 -0.3314170692431562 -1.09488
