2 0.0792914653784219 0.66164 0.1585829307568438 0.36967999999999995
2 0.07658212560386474 0.7624399999999999 0.15316425120772947 0.0032799999999998967
2 0.18907809983896942 0.8982266666666666 -0.09778582930756843 -0.5493066666666666
2 0.2531441223832528 0.96368 -0.21495169082125606 -0.8195199999999998
7 0.15669082125603867 0.73232 -0.007326892109500801 -0.1024533333333333
1 0.4054347826086956 1.4610533333333333 -0.5502898550724638 -1.76824
1 0.39359903381642514 1.38964 -0.5157165861513687 -1.66056
1 0.38549516908212555 1.3485333333333334 -0.497415458937198 -1.60496
8 0.3141787439613527 1.0990133333333332 -0.34819645732689214 -1.1532266666666666
8 0.4328542673107891 1.6698399999999998 -0.5989613526570048 -2.344853333333333
