2 0.3918478260869565 2.1485866666666666 -0.4756441223832528 -2.302506666666667
2 0.0804830917874396 1.0438266666666667 0.1609661835748792 -0.09298666666666668
2 0.36329307568438 1.5820133333333333 -0.4271980676328503 -1.5735199999999998
2 0.3438405797101449 1.37864 -0.403816425120773 -1.4106133333333333
2 0.25820048309178745 1.0451866666666667 -0.22165056360708532 -0.7719733333333335
3 0.3353462157809984 1.30752 -0.40431561996779397 -1.3503999999999998
2 0.2784219001610306 1.0372666666666666 -0.2713043478260869 -0.9216266666666667
2 0.32666264090177133 1.1630399999999999 -0.3743075684380032 -1.2517333333333334
2 0.294170692431562 1.0312 -0.3115619967793881 -1.0377066666666666
8 0.2986634460547504 1.1031733333333333 -0.32723027375201286 -1.2171199999999998
