2 0.44105072463768114 2.1533333333333333 -0.5813607085346215 -2.312
2 0.10873188405797103 1.0501466666666666 0.09979871175523351 -0.1056266666666667
2 0.20071658615136875 1.0296133333333333 -0.06679549114331722 -0.4402399999999999
2 0.35794685990338165 1.5503466666666665 -0.42164251207729464 -1.5600533333333333
2 0.25933574879227056 1.0055733333333334 -0.22812399355877616 -0.8021333333333334
2 0.3384219001610306 1.2603466666666665 -0.38845410628019317 -1.319573333333333
3 0.2602979066022544 1.0052666666666668 -0.2554106280193236 -0.8487733333333332
2 0.33237520128824477 1.2221066666666667 -0.3761513687600644 -1.2834666666666668
3 0.19159822866344603 0.88916 -0.13385668276972623 -0.67704
3 0.3088325281803543 1.08704 -0.34615136876006436 -1.1432533333333335
3 0.3530273752012883 1.3419999999999999 -0.4539452495974235 -1.6550400000000003
8 0.29362721417069243 1.0212133333333333 -0.3121336553945249 -1.0421066666666667
8 0.32256441223832527 1.1239999999999999 -0.3867713365539452 -1.2698666666666667
