2 0.07824476650563608 0.58276 0.15648953301127216 0.4959733333333332
2 0.19061594202898552 0.82436 -0.08797906602254427 -0.37927999999999995
2 0.2839170692431562 1.0086533333333334 -0.2832769726247987 -0.9663733333333334
2 0.20777375201288245 0.84968 -0.12730273752012883 -0.5115200000000001
2 0.230426731078905 0.8782800000000001 -0.1668438003220612 -0.6126133333333333
2 0.23876811594202899 0.90464 -0.18938808373590985 -0.7070399999999999
2 0.33319645732689207 1.1665333333333332 -0.3869565217391305 -1.2976
0 0.1187278582930757 0.5985066666666666 0.058937198067632854 0.36042666666666656
0 0.13066425120772945 0.5900799999999999 0.0819243156199678 0.35695999999999994
8 0.38379227053140097 1.9492533333333333 -0.5410950080515299 -2.7148266666666663
8 0.3623993558776168 1.23232 -0.45974235104669886 -1.5143466666666663
8 0.32466183574879226 1.1309466666666668 -0.37587761674718195 -1.2560266666666666
