2 0.30714573268921097 1.1490533333333335 -0.3232447665056361 -1.0976266666666668
2 0.07946054750402576 0.9155733333333332 0.1351207729468599 -0.010346666666666653
2 0.20440418679549113 0.98692 -0.14310789049919487 -0.6895199999999999
2 0.22544685990338165 0.9823333333333333 -0.18673913043478263 -0.7383733333333333
2 0.2533132045088567 1.0076 -0.23297101449275365 -0.8826133333333334
3 0.32408615136876007 1.21752 -0.3964975845410628 -1.3215466666666666
2 0.3071014492753623 1.1047066666666665 -0.32801932367149755 -1.0944266666666667
3 0.13117149758454108 0.9902933333333334 -0.019798711755233497 -0.4093333333333333
4 0.07883252818035426 0.6617866666666666 0.04371980676328502 -0.11829333333333336
8 0.5452375201288244 1.8920533333333331 -0.7985748792270531 -2.561546666666666
8 0.28230676328502413 1.0253866666666667 -0.28612721417069237 -1.0226666666666666
