2 0.23583735909822864 1.1103466666666666 -0.19317230273752015 -0.7481066666666666
2 0.36642512077294687 1.7048666666666668 -0.4642028985507246 -1.68664
2 0.26487520128824477 1.1183866666666666 -0.24820450885668274 -0.94168
2 0.34756038647342996 1.2654266666666665 -0.4147020933977456 -1.3999733333333333
2 0.36164653784219003 1.4467466666666666 -0.43632045088566823 -1.5248533333333334
0 0.257463768115942 0.9707333333333332 -0.2510950080515298 -0.6975199999999999
0 0.2613405797101449 0.9616266666666666 -0.2557407407407407 -0.7267199999999999
2 0.30781400966183575 1.0964933333333333 -0.34013687600644116 -1.1348533333333335
2 0.343756038647343 1.2215333333333334 -0.40730273752012885 -1.3649866666666666
0 0.26716183574879226 0.9824533333333333 -0.26601449275362316 -0.7586133333333334
8 0.33262882447665054 1.1656666666666666 -0.39181159420289857 -1.31992
