1 0.0665096618357488 0.6226533333333333 0.1330193236714976 0.69368
3 0.21967793880837358 1.02908 -0.20892109500805153 -0.7878133333333334
1 0.32863526570048307 1.2224 -0.38118357487922705 -1.2306666666666666
0 0.48841787439613527 1.7888933333333334 -0.7148389694041868 -2.2282400000000004
0 0.4476127214170693 1.62896 -0.6312640901771337 -1.9785066666666666
5 0.41301127214170696 1.515853333333333 -0.5373752012882448 -1.7831199999999998
5 0.40932769726247986 1.4948533333333334 -0.5238727858293076 -1.7573866666666667
2 0.20340579710144926 0.8422933333333333 -0.11331723027375203 -0.5421866666666666
8 0.12379227053140096 0.5573333333333333 0.04431561996779389 0.01898666666666668
8 0.17495571658615136 0.7003866666666666 -0.09155394524959741 -0.23933333333333326
