2 0.08973027375201288 0.6719333333333333 0.17946054750402576 0.6508
2 0.4244847020933978 2.1533333333333333 -0.5594363929146537 -2.312
2 0.11714170692431562 0.8691733333333334 0.08278582930756845 -0.016853333333333467
2 0.3634420289855072 1.494 -0.4380595813204508 -1.582293333333333
2 0.21425925925925926 0.9411733333333333 -0.13074074074074077 -0.5697599999999999
2 0.34912640901771336 1.3564133333333332 -0.40880032206119166 -1.442
2 0.2607890499194847 0.9698533333333332 -0.23468599033816426 -0.8059466666666664
2 0.3371497584541063 1.2454133333333333 -0.3924637681159421 -1.3397333333333332
2 0.33518921095008053 1.2162666666666666 -0.3861433172302738 -1.30896
2 0.2694283413848631 0.99332 -0.2587600644122383 -0.9585866666666667
8 0.11917874396135267 0.7226133333333333 0.04347826086956523 -0.28378666666666663
