2 0.3107367149758454 1.14072 -0.3375603864734299 -1.124213333333333
2 0.07513687600644121 0.51764 0.15027375201288243 0.49256000000000005
2 0.43294283413848633 2.078613333333333 -0.6013607085346215 -2.2202666666666664
2 0.3976288244766506 1.7824533333333332 -0.517512077294686 -2.002293333333333
2 0.36745974235104667 1.5627066666666667 -0.45105475040257653 -1.7414666666666665
2 0.3523510466988728 1.4521199999999999 -0.4302415458937197 -1.6059999999999999
2 0.34983494363929146 1.4039066666666666 -0.4186070853462158 -1.5812533333333334
2 0.34294685990338164 1.3536 -0.4097745571658615 -1.5211733333333335
2 0.341598228663446 1.2961333333333331 -0.401682769726248 -1.4786133333333333
2 0.28083735909822866 0.9869199999999999 -0.2718035426731079 -0.9177333333333333
2 0.3295330112721417 1.19508 -0.3781803542673108 -1.3465333333333334
3 0.3249838969404187 1.1704266666666665 -0.37571658615136877 -1.3153066666666666
2 0.26654186795491147 0.94068 -0.24939613526570048 -0.8462133333333334
8 0.25798711755233494 0.8962266666666666 -0.22909822866344604 -0.7698933333333334
8 0.29278985507246374 1.0198266666666667 -0.303743961352657 -1.0337866666666666
