2 0.3046658615136876 1.1868266666666665 -0.3335024154589372 -1.1412799999999999
2 0.06296296296296297 0.5655066666666666 0.12592592592592594 0.14487999999999995
1 0.5350925925925927 2.142773333333333 -0.7993317230273752 -2.33312
3 0.3428099838969404 1.4745866666666667 -0.4736553945249597 -1.6012266666666668
0 0.18528180354267312 0.9010533333333333 -0.14811594202898554 -0.18957333333333326
3 0.1428985507246377 0.6981866666666666 -0.042946859903381644 -0.28128
2 0.19747987117552335 0.9475866666666667 -0.14460547504025764 -0.66872
2 0.21265700483091787 0.9559333333333334 -0.16402576489533013 -0.7534666666666666
2 0.22919082125603862 0.9877466666666666 -0.18917069243156198 -0.8351733333333333
2 0.2537721417069243 0.9954666666666666 -0.24641706924315615 -0.9268266666666668
2 0.26976650563607085 1.00636 -0.28201288244766504 -1.0313333333333332
2 0.3425684380032206 1.2732533333333333 -0.41661835748792275 -1.4354133333333332
2 0.3336191626409018 1.2234933333333333 -0.4121014492753623 -1.3936533333333332
0 0.32913446054750406 1.15592 -0.39920289855072466 -1.2731733333333335
2 0.30107085346215784 1.1026799999999999 -0.3396618357487923 -1.13464
2 0.1746296296296296 0.7212399999999999 -0.09220611916264089 -0.4206666666666666
8 0.28230676328502413 1.0323333333333333 -0.3297504025764895 -1.1532533333333335
8 0.31291867954911434 1.08788 -0.38760869565217393 -1.286533333333333
