2 0.3072020933977455 1.1628933333333333 -0.3194283413848631 -1.0869066666666667
2 0.07916666666666666 0.68064 0.15833333333333333 0.6333866666666667
2 0.1523913043478261 0.8526266666666666 -0.012383252818035423 -0.24850666666666665
2 0.22177536231884057 1.09324 -0.13316425120772946 -0.6122933333333332
2 0.2549315619967794 1.0574266666666667 -0.21374396135265702 -0.7455733333333334
2 0.2228743961352657 0.9355866666666667 -0.15342995169082124 -0.6588
2 0.29237520128824473 1.0358133333333333 -0.2935909822866345 -0.9881066666666668
0 0.4782568438003221 2.1034266666666666 -0.6509742351046699 -2.2121866666666663
2 0.3874235104669887 2.0268266666666666 -0.4699838969404187 -2.0589866666666663
2 0.36369967793880836 1.56872 -0.4173510466988728 -1.5548799999999998
2 0.34797504025764897 1.3658799999999998 -0.40693236714975844 -1.3971999999999998
2 0.3306964573268921 1.1869599999999998 -0.3653220611916264 -1.2330666666666665
4 0.3119323671497584 1.1759333333333333 -0.3900644122383253 -1.2651466666666669
2 0.3069363929146538 1.1127066666666665 -0.325048309178744 -1.0853066666666666
2 0.12564814814814815 0.6103466666666666 0.03997584541062802 -0.03503999999999996
