2 0.07431964573268922 0.76756 0.14863929146537844 0.13058666666666657
2 0.0949194847020934 0.8817466666666666 0.10832528180354267 -0.21586666666666662
2 0.12851046698872787 0.8750666666666665 0.03460547504025764 -0.3261866666666666
2 0.4123389694041868 2.1533333333333333 -0.5276570048309178 -2.312
2 0.35373590982286635 1.3689066666666665 -0.40072463768115946 -1.3970666666666665
2 0.18246779388083736 0.9289333333333334 -0.06992753623188408 -0.5049066666666666
3 0.19915056360708533 0.9419733333333333 -0.11311594202898549 -0.568
2 0.21911433172302736 0.94688 -0.1480998389694042 -0.6510933333333334
2 0.3703341384863124 1.43872 -0.44147342995169075 -1.6776
2 0.2322745571658615 0.9680666666666665 -0.20060386473429953 -0.7888266666666667
3 0.32285024154589376 1.1708133333333333 -0.3788083735909823 -1.2496266666666667
2 0.25769323671497585 0.9916666666666666 -0.2236795491143317 -0.8778933333333334
2 0.26548711755233495 1.00956 -0.24566022544283414 -0.9209333333333334
3 0.31980273752012883 1.1351333333333333 -0.3710708534621578 -1.2163466666666667
8 0.28482286634460546 1.0712133333333334 -0.2894847020933977 -1.1032266666666664
8 0.314597423510467 1.0976000000000001 -0.3507085346215781 -1.1615466666666665
