2 0.08132761437908496 0.9069054054054054 0.16265522875816993 0.18078378378378376
0 0.39381535947712415 1.575162162162162 -0.5344934640522876 -1.491891891891892
0 0.39826797385620916 1.646135135135135 -0.5551960784313725 -1.5794054054054054
1 0.4647875816993464 1.6807432432432434 -0.687124183006536 -2.1839189189189194
0 0.18887254901960784 0.8485675675675677 -0.1041339869281046 -0.20864864864864863
0 0.17839869281045753 0.786581081081081 -0.07740196078431373 -0.07045945945945944
1 0.5453145424836602 1.9716351351351353 -0.876544117647059 -2.6675405405405406
2 0.25241421568627453 0.9150405405405406 -0.22510620915032684 -0.770837837837838
2 0.3640073529411765 1.3761756756756758 -0.45741013071895426 -1.6751081081081085
8 0.3243259803921569 1.143810810810811 -0.3782434640522876 -1.3207027027027027
