2 0.2743035426731079 1.48436 -0.2856924315619968 -0.9770400000000001
2 0.2265136876006441 0.83016 -0.15505636070853462 -0.5668266666666666
2 0.21029790660225442 0.7764266666666666 -0.117938808373591 -0.44181333333333334
2 0.24390901771336554 0.8861466666666666 -0.19603059581320453 -0.6988533333333331
2 0.4516867954911433 1.7384533333333332 -0.6223752012882448 -2.3112
3 0.08767310789049919 0.48649333333333333 0.1236231884057971 0.2520266666666666
2 0.30676328502415456 1.3203999999999998 -0.3281320450885668 -1.3679999999999999
2 0.14564009661835747 0.7549066666666667 0.017882447665056367 -0.19584
2 0.5361151368760064 1.9322266666666668 -0.7953381642512077 -2.754213333333333
8 0.2525322061191626 0.9239999999999999 -0.22322866344605474 -0.8365333333333335
