2 0.3008944399677679 1.106343085106383 -0.31951651893634164 -1.065026595744681
2 0.07825141015310233 0.7337367021276595 0.15650282030620466 0.5272074468085106
3 0.07644238517324738 0.7115691489361702 0.118638195004029 0.08526595744680844
7 0.16141418211120065 0.9499335106382979 -0.1020064464141821 -0.38598404255319146
3 0.1979613215149073 0.984188829787234 -0.173102336825141 -0.6208244680851063
2 0.17053182917002416 0.7747606382978723 -0.037389202256244966 -0.2594680851063829
2 0.25757856567284443 0.9796542553191488 -0.23844480257856568 -0.8181382978723404
2 0.2755519742143433 0.9875797872340425 -0.2603062046736503 -0.8832446808510639
3 0.2756809024979855 0.9969281914893617 -0.2903626107977437 -0.9515691489361703
2 0.07526591458501208 0.5558111702127659 0.15053182917002417 0.310186170212766
