2 0.07956521739130434 1.0835333333333332 0.1591304347826087 -0.17239999999999994
2 0.47303945249597423 2.1533333333333333 -0.5858534621578101 -2.312
2 0.38999194847020935 1.9763466666666667 -0.47834138486312394 -1.9580266666666666
1 0.38658615136876007 1.4035066666666667 -0.47296296296296303 -1.4708533333333333
2 0.26795088566827696 1.05164 -0.23131239935587758 -0.7907999999999998
2 0.33873993558776166 1.2992533333333334 -0.3869645732689211 -1.3133333333333332
2 0.293731884057971 1.05064 -0.2881400966183575 -0.9676266666666665
3 0.3277254428341385 1.1779333333333333 -0.3706199677938809 -1.2322933333333332
8 0.30830917874396135 1.0615066666666668 -0.31967793880837364 -1.0726666666666669
8 0.31921095008051525 1.0906799999999999 -0.34652173913043477 -1.1698933333333335
