2 0.5047181964573269 2.1533333333333333 -0.7935909822866345 -2.312
2 0.36731884057971015 2.1533333333333333 -0.5313204508856683 -2.312
2 0.36698470209339773 1.583133333333333 -0.45440418679549116 -1.5954400000000002
0 0.3520249597423511 1.2691733333333333 -0.4390418679549114 -1.3649066666666667
0 0.3544605475040258 1.2741466666666665 -0.44330112721417064 -1.3851999999999998
2 0.2762278582930757 1.0160399999999998 -0.2717793880837359 -0.9033333333333333
0 0.3236634460547504 1.1281466666666666 -0.3690177133655394 -1.1756533333333332
2 0.20119565217391303 0.94448 -0.09871980676328501 -0.4462933333333334
2 0.07510466988727858 0.9159466666666667 0.15020933977455717 0.16277333333333338
0 0.24535024154589374 0.8835466666666666 -0.19488727858293076 -0.5835733333333333
