2 0.36032608695652174 1.5195866666666666 -0.41611111111111104 -1.5210933333333332
2 0.07829307568438003 0.8155466666666666 0.15658615136876006 0.12997333333333336
2 0.09580917874396135 0.8428133333333333 0.11028180354267311 -0.11538666666666661
2 0.12366747181964573 0.8558533333333335 0.05944444444444443 -0.23784
2 0.1590780998389694 0.8908533333333333 -0.01757648953301128 -0.3902933333333334
2 0.33636876006441224 1.2834666666666668 -0.3766183574879227 -1.3124266666666666
2 0.2263647342995169 0.9747466666666665 -0.156256038647343 -0.7381866666666667
2 0.33277777777777773 1.2063733333333333 -0.37217391304347824 -1.2714666666666665
2 0.2310305958132045 0.9512266666666666 -0.16871175523349435 -0.7146666666666667
2 0.2347061191626409 0.9425199999999999 -0.1890418679549114 -0.7366666666666667
2 0.32404991948470213 1.1445333333333332 -0.3666183574879227 -1.22176
8 0.2735024154589372 1.05596 -0.26851851851851855 -1.0337866666666669
8 0.3137600644122383 1.10872 -0.3473590982286634 -1.1837866666666668
