1 0.46320450885668274 1.8808133333333332 -0.7034943639291465 -2.2309599999999996
0 0.49359903381642506 1.8392666666666666 -0.7403220611916265 -2.2772
0 0.5090257648953301 1.9302399999999997 -0.7768921095008052 -2.469333333333333
7 0.5169685990338164 1.8761066666666666 -0.7206682769726247 -2.3843199999999998
1 0.38854669887278587 1.3747333333333331 -0.5101046698872785 -1.6215199999999999
8 0.2663687600644123 0.9226133333333334 -0.24922705314009663 -0.8615466666666666
8 0.29153381642512083 0.9990133333333333 -0.3029066022544284 -1.0198933333333333
8 0.31208132045088566 1.0837333333333332 -0.3440016103059581 -1.1837866666666668
8 0.3309500805152979 1.1392799999999998 -0.38006441223832527 -1.3004266666666666
8 0.3418518518518519 1.5684399999999998 -0.4203220611916264 -2.2032266666666667
8 0.4026610305958132 1.6059466666666666 -0.5167713365539451 -2.128213333333333
8 0.5196779388083737 1.9229333333333334 -0.7793236714975846 -2.7677333333333327
