2 0.36532608695652175 1.58492 -0.4394122383252818 -1.7607199999999998
2 0.4866062801932367 2.1533333333333333 -0.6593317230273752 -2.312
2 0.07628421900161031 0.6362800000000001 0.15256843800322062 0.5286133333333334
2 0.07273349436392915 0.7265733333333334 0.1454669887278583 0.12936000000000006
2 0.12435185185185185 0.8104533333333334 0.03754428341384863 -0.2646933333333334
2 0.3539573268921095 1.4819866666666666 -0.4106199677938808 -1.61608
2 0.15427938808373592 0.8154533333333334 -0.031731078904991945 -0.3679733333333333
2 0.1857487922705314 0.8126133333333334 -0.0970692431561997 -0.46879999999999994
2 0.2548792270531401 0.9248666666666666 -0.2217713365539452 -0.7706933333333332
8 0.2441425120772947 0.8698266666666666 -0.2030998389694042 -0.7115466666666668
8 0.4609500805152979 1.6115066666666669 -0.6232850241545893 -2.117093333333333
