2 0.29714343271555194 1.0865824468085106 -0.308904109589041 -1.0292819148936168
2 0.07494762288477035 0.9791755319148935 0.1498952457695407 0.03632978723404262
2 0.19792103142626913 0.9719148936170212 -0.08896051571313457 -0.4293085106382978
2 0.10589846897663176 0.7409308510638298 0.0922965350523771 -0.0014893617021276655
2 0.07582997582594682 0.5569148936170213 0.15165995165189364 0.2391489361702128
2 0.17088235294117646 0.779906914893617 -0.04503626107977436 -0.2775797872340426
3 0.20234891216760678 0.8818484042553191 -0.15971796937953267 -0.5657712765957447
2 0.15683722804190167 0.7029521276595745 -0.015640612409347297 -0.1910106382978724
2 0.23585414987912973 0.885279255319149 -0.1789443996776793 -0.637526595744681
7 0.2670265914585012 0.9924867021276594 -0.26672038678485094 -0.8810372340425531
7 0.244129734085415 0.9938696808510638 -0.246986301369863 -0.8117819148936167
4 0.2698025785656728 0.9937367021276596 -0.2988477034649476 -0.9424202127659574
2 0.19575342465753423 0.7672473404255319 -0.10087026591458499 -0.39949468085106377
