2 0.30887278582930755 1.09968 -0.3330112721417069 -1.1067733333333332
2 0.42306763285024157 2.1533333333333333 -0.5419323671497585 -2.312
2 0.37955314009661834 1.7995066666666668 -0.4715861513687601 -1.7748533333333334
0 0.36954508856682766 1.3285066666666667 -0.4681078904991948 -1.4496533333333332
2 0.341352657004831 1.29764 -0.39711755233494367 -1.36376
2 0.33524959742351046 1.2325199999999998 -0.383719806763285 -1.2850933333333332
2 0.32738727858293076 1.1627333333333332 -0.3772383252818035 -1.2520266666666666
2 0.2134259259259259 0.8752266666666666 -0.12007246376811594 -0.4886933333333332
2 0.22979468599033814 0.8982399999999999 -0.1648389694041868 -0.6050133333333332
2 0.24734702093397745 0.9254133333333332 -0.20239130434782607 -0.7156266666666666
