2 0.44744766505636074 1.78792 -0.6314009661835749 -2.262506666666667
2 0.40342995169082124 1.5863333333333334 -0.5385024154589373 -1.874426666666667
2 0.20301127214170692 0.8014399999999999 -0.10608695652173912 -0.40922666666666657
2 0.2677012882447665 1.0669199999999999 -0.26095813204508855 -1.00776
2 0.12176328502415458 0.50644 0.06038647342995168 0.16376
2 0.1830475040257649 0.6688933333333333 -0.07614331723027375 -0.2572
3 0.28230676328502413 1.65576 -0.3294444444444445 -1.4501333333333333
2 0.2472463768115942 1.0904533333333333 -0.18389694041867952 -0.76224
8 0.1393075684380032 0.5226133333333334 0.021674718196457318 0.07178666666666664
8 0.14979066022544282 0.6017733333333334 -0.009355877616747185 -0.13656000000000001
8 0.4831642512077295 1.9450399999999999 -0.7264251207729469 -2.7230933333333334
8 0.08220209339774558 0.5807066666666667 0.16440418679549115 0.67784
