4 0.06318035426731079 0.32283999999999996 0.12636070853462159 0.45693333333333336
2 0.24265700483091787 0.9585733333333334 -0.20953301127214172 -0.8286133333333333
0 0.37175523349436396 1.2873999999999999 -0.47967793880837356 -1.5439733333333332
2 0.34503220611916263 1.24736 -0.43621578099838965 -1.4763733333333335
2 0.35977455716586154 1.2858 -0.4551207729468599 -1.5596533333333333
2 0.37546296296296294 1.3475333333333332 -0.4856441223832528 -1.6955466666666668
3 0.42674718196457323 1.5364266666666666 -0.6018196457326892 -2.072373333333333
2 0.44350241545893715 1.5608266666666664 -0.6265378421900161 -2.1435733333333333
2 0.45916264090177134 1.6242666666666667 -0.6616425120772946 -2.272853333333333
8 0.08940821256038647 0.4754 0.09966988727858292 0.094
8 0.2135305958132045 0.7767733333333332 -0.1620048309178744 -0.5088
8 0.3095652173913044 1.8964666666666665 -0.3691626409017713 -2.8204000000000002
