2 0.31230676328502416 1.2296266666666666 -0.3370289855072463 -1.1567999999999998
2 0.18088969404186797 0.7705733333333334 -0.08276167471819645 -0.3854133333333334
1 0.396280193236715 1.5144533333333332 -0.5187600644122384 -1.7764799999999998
3 0.3322504025764895 1.2593733333333332 -0.41607890499194844 -1.3728799999999997
0 0.2631441223832528 0.9834266666666666 -0.2657890499194847 -0.75784
3 0.2243840579710145 0.8481466666666666 -0.1777375201288245 -0.6321866666666666
2 0.24914653784219 0.9992933333333334 -0.2181481481481482 -0.8528266666666665
2 0.26126409017713365 1.0152666666666665 -0.23768115942028983 -0.93032
2 0.27247987117552336 1.0189333333333332 -0.26644122383252816 -0.9777599999999999
2 0.2833695652173913 1.0240399999999998 -0.2902334943639291 -1.0348533333333332
2 0.30367552334943637 1.1189733333333334 -0.3272383252818035 -1.0947466666666665
2 0.21609500805152979 0.8116666666666666 -0.1504830917874396 -0.5670666666666666
8 0.2906924315619968 1.03372 -0.3263929146537842 -1.1226933333333333
8 0.31753220611916266 1.09344 -0.3750322061191626 -1.24768
