2 0.3859742351046699 2.0474533333333333 -0.4768115942028986 -2.10024
2 0.19568438003220612 0.9902933333333334 -0.06942028985507244 -0.3985066666666666
2 0.3461070853462158 1.3622933333333334 -0.401634460547504 -1.39008
2 0.2406561996779388 0.9963333333333333 -0.18722222222222223 -0.6855200000000001
2 0.27068438003220613 0.9988533333333333 -0.24727858293075686 -0.8389333333333334
1 0.30084138486312395 1.03696 -0.31599838969404187 -1.01248
1 0.3052053140096618 1.0491466666666667 -0.3254669887278583 -1.0458133333333333
2 0.28305555555555556 1.0066133333333334 -0.27024959742351046 -0.9174399999999999
2 0.32543075684380035 1.1237333333333333 -0.3638566827697262 -1.2140266666666666
2 0.3310789049919485 1.2079866666666665 -0.37929146537842195 -1.2771466666666669
8 0.31627616747181964 1.0851066666666667 -0.35239130434782606 -1.1310133333333332
