2 0.5284581320450885 2.1533333333333333 -0.7126006441223832 -2.312
2 0.468329307568438 2.1011466666666667 -0.6504106280193237 -2.416373333333333
2 0.38584138486312397 1.69692 -0.501682769726248 -2.0440799999999997
7 0.13111111111111112 0.8075200000000001 0.07555555555555554 -0.03418666666666665
2 0.07993156199677938 0.8412000000000001 0.05764090177133656 -0.21045333333333338
2 0.1444001610305958 0.8286933333333333 0.0006199677938808228 -0.30933333333333335
3 0.32166666666666666 1.2638 -0.40906602254428337 -1.35832
2 0.19743156199677936 0.9322933333333333 -0.1082769726247987 -0.6416533333333333
2 0.22111111111111112 0.9676666666666667 -0.17210950080515297 -0.7676000000000001
3 0.31731078904991944 1.1681066666666666 -0.3833816425120773 -1.2561066666666665
3 0.2652415458937198 1.0119733333333334 -0.2727697262479871 -0.9946666666666666
8 0.30243558776167473 1.08788 -0.3297504025764895 -1.1976799999999999
