2 0.08748389694041868 0.6920799999999999 0.17496779388083736 0.6105066666666666
2 0.2467471819645733 0.9464933333333333 -0.1894524959742351 -0.6755466666666666
2 0.3325724637681159 1.2127599999999998 -0.38446859903381636 -1.302
2 0.2578623188405797 0.9614133333333332 -0.21493558776167476 -0.7574933333333334
2 0.2678864734299517 0.9799466666666666 -0.24749597423510467 -0.8381866666666666
2 0.10266908212560387 0.50632 0.12520933977455717 0.25909333333333334
2 0.12325281803542672 0.56084 0.07990338164251207 0.13096000000000002
2 0.13820048309178742 0.6208133333333333 0.04253623188405798 0.00034666666666665453
2 0.16218196457326892 0.6856933333333333 -0.003429951690821249 -0.12301333333333332
8 0.2831441223832528 1.05872 -0.2811030595813204 -1.0449066666666667
8 0.31040660225442834 1.0573466666666667 -0.3440016103059581 -1.1310133333333334
8 0.316694847020934 1.1476133333333334 -0.3549033816425121 -1.2615733333333332
8 0.3586312399355877 1.2698399999999999 -0.45890499194847023 -1.6004266666666664
8 0.3951127214170692 1.3809466666666668 -0.5335426731078905 -1.8115466666666664
8 0.4542391304347826 1.6337200000000003 -0.6887037037037037 -2.3559733333333335
8 0.50414653784219 1.8184533333333335 -0.7834943639291465 -2.7254933333333335
