2 0.3153623188405797 1.1126266666666664 -0.3456682769726248 -1.1483999999999999
2 0.40085346215781 2.1533333333333333 -0.5080193236714976 -2.312
2 0.3463285024154589 1.3231733333333333 -0.4056199677938808 -1.3905599999999998
2 0.368780193236715 1.64204 -0.45240740740740737 -1.6444
2 0.16582528180354267 0.7821066666666667 -0.022117552334943637 -0.2950933333333333
2 0.10033413848631241 0.5902266666666667 0.11242351046698873 0.10898666666666668
2 0.07965780998389695 0.34524 0.1593156199677939 0.5936266666666666
2 0.34398550724637683 1.2735733333333332 -0.40101449275362316 -1.34704
2 0.3349838969404187 1.1969333333333332 -0.3861030595813205 -1.2982933333333333
8 0.2609219001610306 0.9864933333333333 -0.23161835748792267 -0.8671199999999999
