3 0.25449677938808374 0.9758266666666665 -0.24192431561996783 -0.9139466666666666
2 0.20665861513687603 0.9218133333333334 -0.1226731078904992 -0.6395733333333334
2 0.3285829307568438 1.2648266666666665 -0.37684380032206116 -1.2845866666666665
2 0.2564935587761675 1.0359733333333334 -0.2132608695652174 -0.7582399999999999
2 0.07367954911433172 0.79852 0.14735909822866344 0.05405333333333328
2 0.07411030595813205 0.7052266666666666 0.1482206119162641 0.5055999999999999
2 0.4267028985507247 2.1533333333333333 -0.5018115942028986 -2.312
8 0.31585346215780996 1.1045466666666668 -0.3498711755233494 -1.17544
8 0.30243558776167473 1.03372 -0.3263848631239935 -1.0893066666666666
8 0.27811594202898554 0.9976266666666667 -0.2794202898550725 -1.0004266666666668
