2 0.07409420289855073 0.6858799999999999 0.14818840579710146 0.6229066666666666
2 0.32994363929146536 1.1797466666666665 -0.3659259259259259 -1.2405599999999999
2 0.23725442834138488 0.9780666666666665 -0.1869404186795491 -0.79864
2 0.36570853462157815 1.4574533333333333 -0.43760064412238325 -1.6752266666666666
2 0.17023349436392915 0.9202266666666667 -0.06444444444444444 -0.51512
2 0.15634460547504025 0.9216 -0.02083735909822866 -0.47018666666666664
2 0.14015700483091786 0.9200133333333332 0.01894524959742351 -0.366
2 0.09459339774557166 0.84336 0.11065217391304347 -0.11296000000000003
2 0.07568035426731079 0.8594933333333333 0.15136070853462158 0.09589333333333343
2 0.4144524959742351 1.80056 -0.5332045088566828 -2.1320533333333334
2 0.43818035426731083 1.9674399999999999 -0.5686312399355877 -2.36672
8 0.26972624798711753 1.11428 -0.25929146537842185 -1.18376
