1 0.48403784219001605 2.1533333333333333 -0.6515700483091788 -2.312
2 0.23208132045088567 1.0708799999999998 -0.16200483091787443 -0.6831999999999998
2 0.25578099838969404 1.0929466666666667 -0.23210950080515297 -0.8465333333333335
3 0.39919484702093394 1.73984 -0.5948148148148148 -2.3039466666666666
2 0.36475845410628016 1.3470933333333333 -0.43980676328502416 -1.5097066666666665
2 0.2899315619967794 1.1029866666666666 -0.29707729468599037 -1.01184
2 0.3564895330112721 1.3070133333333334 -0.4359742351046699 -1.4738133333333334
2 0.30003220611916265 1.1023066666666665 -0.31671497584541064 -1.0580533333333333
2 0.0726731078904992 0.5103733333333333 0.1453462157809984 0.5948266666666666
8 0.31501610305958133 1.1073333333333333 -0.3515458937198067 -1.1698666666666668
8 0.3359863123993559 1.1698533333333332 -0.39516103059581326 -1.34488
