3 0.06960950080515298 0.5098933333333333 0.12599838969404184 0.19295999999999996
7 0.13155797101449274 0.57216 0.020410628019323668 0.006080000000000003
2 0.1792673107890499 0.7364266666666666 -0.06276972624798713 -0.32416
3 0.1776207729468599 0.71368 -0.07880032206119165 -0.34624
7 0.20196457326892106 0.7332000000000001 -0.11853462157809984 -0.4074666666666667
2 0.24809581320450885 0.88432 -0.21015297906602254 -0.7234666666666665
2 0.233341384863124 0.8455866666666667 -0.1771819645732689 -0.63768
8 0.2621779388083736 0.9212266666666665 -0.23917069243156197 -0.8143466666666667
8 0.2747584541062802 0.9503866666666666 -0.2643317230273752 -0.8893599999999999
8 0.2990780998389694 1.0142666666666666 -0.31297101449275355 -1.0337599999999998
8 0.3494041867954912 1.3267866666666666 -0.4203220611916264 -1.6421066666666668
8 0.31375603864734297 1.0712133333333334 -0.3423268921095008 -1.1643466666666666
