1 0.40457924836601306 1.5395405405405407 -0.5164133986928106 -1.6488648648648647
1 0.3180187908496732 1.2481756756756757 -0.34443627450980385 -1.035054054054054
0 0.3483088235294118 1.219783783783784 -0.39348039215686276 -1.2404324324324323
0 0.1474387254901961 0.5875945945945947 -0.009632352941176488 0.06697297297297299
0 0.15584967320261436 0.6106081081081082 -0.0234640522875817 -0.011864864864864905
1 0.320702614379085 1.1593648648648651 -0.3440686274509804 -1.1262432432432434
0 0.21763888888888888 0.8121081081081082 -0.14209150326797387 -0.38308108108108113
0 0.2145383986928105 0.7914729729729731 -0.13170751633986927 -0.36948648648648647
0 0.32457924836601304 1.1457837837837839 -0.3578676470588235 -1.1064324324324324
0 0.3348039215686275 1.1868918918918918 -0.3666503267973857 -1.1497837837837839
8 0.43348447712418303 1.4965945945945947 -0.5663316993464051 -1.8262702702702704
8 0.3931781045751634 1.341027027027027 -0.4790032679738562 -1.5873513513513515
8 0.38562091503267976 1.311864864864865 -0.46053921568627454 -1.5179459459459463
