2 0.08301932367149759 1.00268 0.16603864734299517 -0.010693333333333308
2 0.08412238325281804 0.6739333333333333 0.16824476650563608 0.61512
2 0.33349436392914655 1.2317733333333334 -0.3801610305958132 -1.2862133333333334
2 0.2086352657004831 0.9908799999999999 -0.1130998389694042 -0.5096
2 0.3861191626409018 1.5881999999999998 -0.5062962962962964 -2.0112266666666665
2 0.3744605475040258 1.5149466666666667 -0.5013848631239936 -1.890853333333333
2 0.2672463768115942 0.9700533333333334 -0.2388083735909823 -0.8176533333333333
3 0.47990338164251206 1.8587466666666668 -0.741159420289855 -2.720586666666667
8 0.3640821256038647 1.3976133333333334 -0.46141706924315623 -1.706
8 0.4605314009661836 1.6865066666666668 -0.6778099838969404 -2.41712
8 0.27979066022544286 1.01288 -0.27439613526570045 -0.9810133333333333
8 0.3078864734299517 1.0601066666666668 -0.3356119162640901 -1.1143466666666666
8 0.31753220611916266 1.10872 -0.3532286634460548 -1.1948799999999997
8 0.3443719806763285 1.2351066666666666 -0.4186473429951691 -1.4698933333333333
