2 0.3952697262479871 2.1196266666666665 -0.501231884057971 -2.2445866666666667
2 0.3634863123993559 1.4924666666666664 -0.44388083735909817 -1.5504266666666666
2 0.1933816425120773 0.9054266666666666 -0.07685990338164254 -0.3802399999999999
2 0.26661030595813207 0.9701066666666667 -0.23399355877616748 -0.8017066666666666
2 0.3283937198067633 1.1680799999999998 -0.37675523349436396 -1.2665066666666667
2 0.2730273752012883 0.9803599999999999 -0.24880837359098226 -0.8521866666666664
8 0.28230676328502413 1.0156666666666667 -0.2777375201288245 -0.9642933333333332
8 0.2982407407407407 1.0809466666666667 -0.3146457326892109 -1.1393333333333333
8 0.3208856682769726 1.0948266666666666 -0.36161030595813204 -1.2004266666666665
8 0.33221014492753626 1.1809466666666666 -0.40103864734299516 -1.4004533333333335
8 0.3821135265700483 1.3212266666666668 -0.5058695652173912 -1.6921066666666664
