2 0.37471417069243157 2.1533333333333333 -0.5226650563607086 -2.312
2 0.3618800322061192 1.5871066666666664 -0.4285909822866344 -1.56632
2 0.3342028985507246 1.2989733333333333 -0.36768115942028984 -1.2911733333333335
7 0.09101449275362318 0.51296 0.17043478260869566 0.5511999999999999
1 0.2577093397745572 0.95136 -0.21807568438003222 -0.6438933333333333
2 0.23402979066022545 0.9322266666666665 -0.15148953301127216 -0.5513333333333332
2 0.31450885668276973 1.1942266666666668 -0.34112721417069247 -1.1752266666666666
2 0.30154186795491145 1.0949333333333333 -0.29944444444444446 -1.0251733333333335
1 0.2676972624798712 0.97292 -0.2384541062801932 -0.7161333333333333
8 0.2772745571658615 1.03928 -0.2509098228663446 -0.9504533333333335
