2 0.3921900161030596 2.14316 -0.4986151368760064 -2.291653333333333
2 0.08425925925925927 0.8355199999999999 0.16851851851851854 0.3236266666666667
2 0.18359903381642512 0.9036133333333334 -0.07885668276972625 -0.3953866666666666
2 0.28662640901771336 1.0308133333333334 -0.2841062801932367 -0.9724533333333332
2 0.22233091787439613 0.92356 -0.15416264090177134 -0.5913866666666667
2 0.25434380032206116 0.9536533333333334 -0.21355072463768118 -0.7553599999999999
2 0.3260346215780998 1.1400133333333333 -0.37113526570048305 -1.2378933333333333
2 0.3482971014492754 1.2822399999999998 -0.4263365539452496 -1.5469333333333333
3 0.40506843800322057 1.4727333333333332 -0.5641304347826087 -1.9884000000000002
8 0.2747584541062802 0.9767866666666667 -0.2576167471819646 -0.8754400000000002
8 0.308305152979066 1.0503866666666666 -0.33644927536231883 -1.1170933333333333
8 0.3171135265700483 1.0920533333333333 -0.35574074074074075 -1.1948799999999997
8 0.3351449275362319 1.2003866666666665 -0.4018679549114331 -1.4170933333333335
8 0.4613727858293076 1.7615199999999998 -0.6660628019323671 -2.456
