2 0.07269726247987118 0.8512133333333333 0.14539452495974237 0.07528000000000004
2 0.0811231884057971 0.7967466666666666 0.13173107890499197 -0.034026666666666795
2 0.16883252818035427 0.8591333333333332 -0.057149758454106296 -0.4248799999999999
2 0.1873228663446055 0.89116 -0.08627214170692432 -0.5279733333333333
3 0.19351046698872784 0.9392266666666665 -0.12792270531400962 -0.6605866666666667
2 0.36481884057971015 1.3953066666666667 -0.4462238325281804 -1.6280533333333331
2 0.32260869565217387 1.1586933333333334 -0.3614975845410628 -1.2300266666666666
2 0.23757246376811594 0.9513333333333333 -0.1906682769726248 -0.7898666666666667
8 0.2651127214170692 1.0198266666666667 -0.2618035426731079 -1.0170933333333332
8 0.29824074074074075 1.099 -0.33142512077294684 -1.1643466666666669
