2 0.3555398871877518 1.413909574468085 -0.412723609991942 -1.4519680851063832
2 0.08698630136986302 0.6597074468085107 0.17397260273972603 0.6752659574468085
2 0.20244963738920227 1.0014760638297873 -0.117276390008058 -0.516409574468085
2 0.329911361804996 1.184720744680851 -0.3751490733279614 -1.265718085106383
2 0.10201853344077357 0.7305984042553191 0.09264302981466559 0.00997340425531915
2 0.24628122481869458 1.000066489361702 -0.20187751813053986 -0.7386436170212767
2 0.20083400483481062 0.8428058510638298 -0.10200644641418209 -0.44172872340425534
2 0.23200241740531824 0.8842553191489362 -0.16779210314262688 -0.6109042553191489
3 0.2438033843674456 0.9010106382978722 -0.21028203062046738 -0.7106914893617022
2 0.28077356970185335 1.0003989361702126 -0.2716035455278002 -0.9200531914893617
3 0.2569742143432715 0.9344547872340426 -0.23593070104754232 -0.8055585106382979
2 0.30809830781627723 1.0834574468085105 -0.33137792103142627 -1.0979255319148935
2 0.3212892828364223 1.0999468085106383 -0.35674456083803385 -1.1771276595744682
8 0.29125705076551167 1.004468085106383 -0.2980177276390008 -0.9975000000000002
8 0.3043029814665592 1.0447606382978725 -0.31904915390813865 -1.0557978723404255
