2 0.3572423510466989 1.5063333333333333 -0.45730273752012873 -1.8231733333333333
2 0.5369363929146538 1.8952533333333332 -0.8587842190016104 -2.8281599999999996
2 0.47236312399355873 1.7532 -0.7126811594202899 -2.5615466666666666
2 0.46385668276972625 1.71668 -0.6884541062801932 -2.47592
2 0.262085346215781 0.9889866666666667 -0.24103059581320452 -0.8268266666666665
2 0.29305555555555557 1.0554000000000001 -0.30934782608695655 -1.0435466666666668
2 0.36888486312399354 1.3977466666666665 -0.4904911433172303 -1.7820533333333333
2 0.41702898550724643 1.4817733333333332 -0.592463768115942 -2.0138933333333333
2 0.4314855072463768 1.5319866666666666 -0.6211996779388084 -2.125786666666667
2 0.33140499194847023 1.1758133333333334 -0.3910386473429952 -1.3264533333333333
8 0.31501610305958133 1.1239866666666667 -0.3549114331723027 -1.2254666666666665
8 0.2814694041867955 1.0087333333333335 -0.2827777777777778 -0.9282400000000001
