2 0.220877616747182 1.10216 -0.16086956521739132 -0.6624533333333332
2 0.3657045088566828 1.7787866666666667 -0.46482286634460546 -1.7207733333333335
2 0.25439210950080515 1.0979066666666668 -0.2267391304347826 -0.8725600000000001
2 0.34352657004830917 1.2558666666666667 -0.4066183574879227 -1.3749333333333333
2 0.3581400966183575 1.45692 -0.4348309178743962 -1.53064
0 0.24772946859903383 0.9428266666666666 -0.23690821256038647 -0.64016
0 0.2541304347826087 0.9381066666666665 -0.2423993558776168 -0.6694933333333333
2 0.30115539452495976 1.0755333333333335 -0.32883252818035424 -1.0959733333333332
2 0.3376570048309179 1.2031866666666668 -0.40291465378421903 -1.3506933333333335
0 0.25781803542673104 0.9551333333333333 -0.24695652173913046 -0.6894666666666666
8 0.3288526570048309 1.1462133333333333 -0.3859339774557166 -1.2976533333333333
