2 0.1874194847020934 1.0693866666666665 -0.07654589371980676 -0.40618666666666664
2 0.2529790660225443 1.0413333333333332 -0.20924315619967793 -0.7363733333333334
3 0.2584782608695652 1.0356266666666667 -0.2674235104669887 -0.8821333333333332
2 0.3438808373590982 1.53088 -0.4121739130434782 -1.71264
2 0.33948470209339776 1.4142533333333334 -0.3924959742351047 -1.581573333333333
2 0.3238405797101449 1.27088 -0.3694685990338164 -1.38736
3 0.28155797101449276 1.0395733333333335 -0.2917632850241546 -0.9761066666666667
7 0.452073268921095 1.9373866666666666 -0.5915539452495975 -2.2070399999999997
7 0.4290821256038647 1.71092 -0.5484863123993559 -1.9063733333333333
2 0.3218719806763285 1.1380266666666665 -0.3591384863123993 -1.1983466666666667
3 0.03394524959742351 0.96648 0.06789049919484702 0.061706666666666625
