2 0.5260829307568438 2.1533333333333333 -0.6518276972624799 -2.312
2 0.24526167471819646 1.0857733333333333 -0.19537037037037036 -0.7037066666666666
2 0.4014130434782609 1.92332 -0.4608132045088567 -1.8519733333333332
2 0.36150563607085345 1.5072933333333334 -0.41454106280193226 -1.4294133333333332
2 0.3448389694041868 1.3489466666666667 -0.3835909822866344 -1.3133599999999999
2 0.27079307568438005 1.0736533333333333 -0.2331481481481482 -0.7921066666666665
2 0.3389975845410628 1.2711733333333333 -0.37593397745571655 -1.27952
2 0.33260466988727855 1.2183466666666667 -0.3648550724637681 -1.2323733333333333
2 0.2920772946859903 1.0533866666666667 -0.284573268921095 -0.9553066666666666
2 0.2962640901771336 1.0647333333333333 -0.303268921095008 -1.0034399999999999
2 0.3027898550724638 1.0775333333333332 -0.3126006441223833 -1.0418933333333331
8 0.31879227053140097 1.1254 -0.33729468599033813 -1.1615733333333333
