2 0.08238325281803542 0.7359733333333334 0.16476650563607084 0.52272
2 0.07742753623188406 0.8669866666666667 0.15485507246376812 0.01829333333333337
2 0.08851046698872785 0.85428 0.13650563607085345 -0.1564000000000001
2 0.14936392914653784 0.8720266666666666 -0.001739130434782606 -0.31354666666666664
2 0.35957326892109504 1.5520266666666667 -0.4269243156199678 -1.5661866666666664
2 0.22041465378421898 0.9650799999999999 -0.15338969404186795 -0.7159733333333334
2 0.3401972624798712 1.2504666666666666 -0.3998309178743962 -1.3498399999999997
2 0.23515297906602253 0.9665333333333332 -0.18117552334943637 -0.7863999999999999
2 0.2501892109500805 0.9737733333333332 -0.21623993558776167 -0.842
3 0.32368357487922705 1.13316 -0.38783413848631243 -1.27704
8 0.2714049919484702 1.0726133333333334 -0.27103864734299515 -1.0893333333333333
8 0.31501610305958133 1.0754 -0.3582608695652174 -1.2004533333333334
