2 0.08897745571658615 0.76116 0.1779549114331723 0.47234666666666664
2 0.534951690821256 2.1533333333333333 -0.777697262479871 -2.312
2 0.18412238325281804 0.99284 -0.08028985507246379 -0.3575733333333334
2 0.2217431561996779 0.9987333333333333 -0.141682769726248 -0.5870133333333333
2 0.3990499194847021 1.44032 -0.5329146537842189 -1.8832533333333334
2 0.47580515297906606 2.1533333333333333 -0.6409661835748792 -2.312
2 0.45681964573268924 1.9559066666666667 -0.637536231884058 -2.2172
2 0.3652616747181964 1.5304666666666664 -0.46471014492753626 -1.83224
2 0.49144524959742353 1.8625333333333334 -0.705305958132045 -2.5591466666666665
8 0.44501610305958134 1.5323333333333333 -0.6199355877616748 -2.0976800000000004
