0 0.33511437908496733 1.2095135135135135 -0.4328758169934641 -1.3274594594594595
0 0.16066584967320263 0.7488513513513514 -0.0972957516339869 -0.09797297297297297
0 0.4146200980392157 1.9842972972972976 -0.6085375816993464 -1.9740000000000004
0 0.44545343137254906 2.1283783783783785 -0.7000408496732026 -2.2621621621621624
0 0.36169526143790853 1.5240405405405406 -0.48919117647058824 -1.3794864864864866
0 0.3366748366013072 1.4081621621621623 -0.4365522875816994 -1.167081081081081
0 0.3986805555555556 1.6298648648648648 -0.5682598039215686 -1.6110810810810812
0 0.43196895424836607 1.713918918918919 -0.6259640522875818 -1.7892432432432432
0 0.45707516339869286 1.6758243243243245 -0.6431372549019607 -2.036081081081081
0 0.25920343137254903 1.1316081081081082 -0.28391339869281046 -0.6504054054054054
0 0.2808864379084967 1.144783783783784 -0.31044934640522875 -0.7562162162162163
0 0.28892973856209153 1.2060945945945947 -0.3501633986928105 -0.892081081081081
0 0.3165808823529412 1.2510135135135136 -0.3735539215686275 -1.013918918918919
0 0.31631127450980395 1.2665810810810811 -0.4002532679738562 -1.0891081081081082
0 0.25337418300653597 1.0033513513513515 -0.2731209150326797 -0.7371891891891892
0 0.2885580065359477 1.1052162162162162 -0.33718137254901953 -0.960108108108108
0 0.3004616013071896 1.1564864864864866 -0.3691748366013072 -1.0511891891891891
0 0.3203308823529412 1.231891891891892 -0.409109477124183 -1.2295675675675675
3 0.0 0.86 0.0 0.2745945945945947
8 0.1790604575163399 0.818810810810811 -0.13305555555555557 -0.33183783783783793
8 0.2315400326797386 0.8382567567567567 -0.22458333333333333 -0.6873783783783783
