2 0.07737520128824477 0.9322666666666667 0.15475040257648953 0.13013333333333335
2 0.483695652173913 2.1533333333333333 -0.6621417069243157 -2.312
3 0.5222826086956521 1.9893733333333332 -0.8523590982286635 -2.63992
3 0.44956521739130434 2.01916 -0.7063929146537842 -2.580346666666667
2 0.17531400966183575 0.9976533333333333 -0.04711755233494365 -0.3371733333333333
2 0.22416264090177135 1.01024 -0.15209339774557165 -0.62384
2 0.4457648953301127 1.7223066666666667 -0.6363446054750402 -2.2454133333333335
2 0.41146135265700484 1.5776666666666666 -0.5516183574879228 -1.9675466666666663
2 0.39660225442834135 1.5000666666666667 -0.5238647342995169 -1.84776
2 0.39092190016103057 1.4753466666666666 -0.505 -1.8045066666666667
2 0.3810990338164251 1.4357999999999997 -0.49124798711755235 -1.7585866666666667
2 0.34105072463768116 1.2971599999999999 -0.393792270531401 -1.3452533333333332
2 0.266694847020934 1.0278133333333332 -0.24393719806763287 -0.8570666666666665
3 0.2715539452495974 1.0333466666666666 -0.2737037037037037 -0.9256800000000001
2 0.3556763285024155 1.3102666666666667 -0.43900161030595813 -1.556
4 0.3053623188405797 1.1458400000000002 -0.3747665056360709 -1.2354133333333335
8 0.2852415458937198 1.0420533333333333 -0.2886473429951691 -0.9893333333333333
