2 0.08167874396135265 1.04416 0.1633574879227053 -0.09365333333333334
2 0.37329307568438 2.1533333333333333 -0.5186151368760066 -2.312
2 0.3674194847020934 1.6977866666666666 -0.4333735909822866 -1.6052266666666668
7 0.243341384863124 1.0273333333333332 -0.14 -0.5570133333333332
2 0.252890499194847 1.04428 -0.19856682769726247 -0.7198133333333335
2 0.3451247987117552 1.42328 -0.3852576489533011 -1.3873066666666667
2 0.2873913043478261 1.02984 -0.2798067632850242 -0.9393600000000001
2 0.3260829307568438 1.15404 -0.359975845410628 -1.2053066666666667
8 0.29614734299516915 1.0545600000000002 -0.3037439613526571 -1.0587733333333333
8 0.31375603864734297 1.1128799999999999 -0.3423268921095008 -1.1865599999999998
