2 0.08512479871175523 0.5713199999999999 0.17024959742351045 0.7163999999999999
2 0.07144927536231883 0.6430666666666666 0.14289855072463767 0.34165333333333325
2 0.08287037037037039 0.75924 0.13451690821256038 -0.009573333333333267
2 0.14504830917874398 0.82004 0.0012721417069243028 -0.2867466666666666
2 0.2049718196457327 0.8389333333333334 -0.11747987117552332 -0.48175999999999997
2 0.2134863123993559 0.8972133333333333 -0.13940418679549116 -0.6279733333333333
2 0.2577375201288245 0.9435733333333333 -0.22974235104669885 -0.7863466666666666
8 0.3821135265700483 1.9395333333333333 -0.5159339774557166 -2.734266666666666
8 0.3133373590982287 1.08372 -0.3465136876006441 -1.16712
8 0.27380837359098226 0.9747866666666667 -0.26380032206119164 -0.8934666666666669
8 0.33004428341384867 1.162 -0.3894283413848631 -1.296
8 0.3443679549114332 1.1753733333333332 -0.4136151368760064 -1.3726666666666667
