0 0.2953839869281046 1.3366081081081083 -0.3581699346405229 -0.7705135135135136
0 0.2694199346405229 1.2849594594594596 -0.2926470588235295 -0.5753243243243243
0 0.14806781045751635 0.7952837837837838 -0.063031045751634 0.08527027027027015
0 0.26207107843137256 0.9724729729729732 -0.2857761437908497 -0.8406216216216218
0 0.26893790849673205 0.9902162162162162 -0.3142483660130719 -0.9339999999999998
0 0.2798570261437909 1.017864864864865 -0.3268545751633987 -0.9962162162162161
0 0.29129901960784316 1.0443783783783784 -0.34591503267973855 -1.0477297297297297
1 0.2539133986928105 0.9505675675675676 -0.2806372549019608 -0.895135135135135
8 0.17570261437908496 0.8257702702702703 -0.11794117647058824 -0.3734864864864865
8 0.34825571895424834 1.8889054054054055 -0.48992647058823535 -2.827594594594595
