3 0.006904186795491143 1.1169200000000001 0.013808373590982286 -0.23917333333333332
2 0.4985507246376812 2.1533333333333333 -0.6695813204508857 -2.312
2 0.34815217391304343 1.7502933333333333 -0.4335829307568438 -1.9471466666666668
3 0.2315942028985507 1.0966799999999999 -0.21318840579710144 -0.7670133333333334
2 0.08166666666666667 0.7972533333333334 0.16333333333333333 0.40016
0 0.48291062801932366 1.7415866666666666 -0.7128743961352657 -2.2295733333333336
0 0.3645772946859903 1.2961733333333332 -0.4581400966183575 -1.4324
2 0.3363768115942029 1.24028 -0.38331723027375203 -1.2901066666666665
2 0.32849436392914655 1.2030666666666665 -0.3743961352657005 -1.2518933333333333
0 0.3085225442834139 1.0653599999999999 -0.3383816425120773 -1.0852266666666668
0 0.31149355877616747 1.0726266666666666 -0.34192431561996783 -1.0950133333333334
2 0.29159420289855076 1.0175200000000002 -0.29983896940418675 -0.9906666666666668
