0 0.07863929146537842 0.38627999999999996 0.10362318840579711 0.38781333333333334
0 0.26175925925925925 0.9339866666666666 -0.2625523349436393 -0.8061599999999999
2 0.23935185185185184 0.9220533333333333 -0.22907407407407407 -0.7928533333333333
2 0.25736312399355876 0.9667599999999998 -0.25322866344605477 -0.9005599999999999
2 0.2773792270531401 1.0409866666666667 -0.2906843800322061 -1.0622399999999999
3 0.33200483091787436 1.2310933333333332 -0.41739130434782606 -1.4605866666666667
2 0.3494565217391304 1.2527199999999998 -0.4387359098228664 -1.5187199999999998
2 0.36425120772946856 1.30948 -0.47198067632850244 -1.6362933333333334
2 0.37777375201288244 1.35748 -0.4903945249597424 -1.7310666666666665
2 0.3921256038647343 1.38456 -0.5200805152979067 -1.78768
2 0.4017793880837359 1.4214666666666664 -0.5368599033816425 -1.8590399999999998
2 0.4098872785829308 1.4609066666666668 -0.556779388083736 -1.9457066666666665
3 0.4237037037037037 1.5224399999999998 -0.6003864734299518 -2.0798666666666668
2 0.43756843800322065 1.54784 -0.6156521739130435 -2.13632
2 0.44814412238325285 1.57172 -0.6350966183574879 -2.186853333333333
8 0.19424315619967794 1.08928 -0.1418679549114332 -1.2226666666666666
8 0.4651570048309179 1.7254399999999999 -0.695450885668277 -2.4894399999999997
