2 0.4870088566827697 2.1285333333333334 -0.6894444444444444 -2.3616
2 0.37382850241545895 1.841813333333333 -0.5304428341384864 -2.07664
7 0.3274959742351047 1.6412266666666666 -0.3177616747181965 -1.7110933333333331
2 0.3064412238325282 1.4171466666666668 -0.32971014492753625 -1.44896
2 0.28253623188405796 1.2028533333333333 -0.26763285024154587 -1.1068266666666668
7 0.29544685990338165 1.236 -0.28876811594202895 -1.1350933333333335
7 0.34054347826086956 1.2722933333333333 -0.4224074074074074 -1.4282666666666664
2 0.18004025764895332 0.77728 -0.047439613526570036 -0.27343999999999996
2 0.13886070853462157 0.6090399999999999 0.03965378421900161 0.09408
4 0.11046698872785829 0.5866933333333333 0.02296296296296297 0.09408
8 0.07892109500805153 0.4767866666666667 0.1424476650563607 0.19122666666666668
