2 0.1280998389694042 0.8507466666666665 0.06597423510466989 -0.04448000000000002
2 0.3520571658615137 1.4367466666666666 -0.42255233494363925 -1.5006933333333332
2 0.19643719806763285 0.9056533333333333 -0.08227858293075684 -0.4211733333333333
2 0.23484702093397747 0.94796 -0.1814975845410628 -0.6551199999999999
2 0.25263285024154586 0.9623066666666666 -0.21193236714975847 -0.7451466666666665
2 0.3273550724637681 1.1359733333333333 -0.37124798711755236 -1.2368533333333331
8 0.28188808373590984 1.0504 -0.28026570048309174 -1.0449066666666667
8 0.310402576489533 1.0642666666666665 -0.3423188405797102 -1.1337599999999999
8 0.27433977455716585 0.9712266666666667 -0.25510466988727853 -0.8587733333333334
8 0.3368236714975845 1.2517733333333332 -0.40187600644122384 -1.5032266666666667
8 0.38420692431562 1.4503866666666665 -0.5167713365539452 -1.9004533333333335
