2 0.5587962962962962 2.1533333333333333 -0.7821336553945251 -2.312
2 0.3948107890499195 1.95384 -0.49966988727858286 -1.94384
2 0.12572866344605474 0.8695333333333334 0.07065217391304347 -0.029466666666666697
2 0.2587479871175523 0.9617599999999998 -0.21450080515297903 -0.7452266666666666
2 0.33105072463768115 1.1899466666666665 -0.37946054750402575 -1.27968
2 0.267024959742351 0.9738 -0.232938808373591 -0.80632
2 0.13206521739130436 0.5726533333333333 0.06094202898550725 0.08210666666666665
2 0.14956119162640902 0.6202 0.02292270531400966 -0.02674666666666667
2 0.16364331723027375 0.6749733333333333 -0.010764895330112725 -0.1426933333333333
2 0.18420289855072466 0.7315866666666667 -0.05123993558776169 -0.2541066666666667
8 0.2776932367149758 1.0226133333333334 -0.26683574879227057 -0.9615466666666665
8 0.29572463768115936 1.0476133333333333 -0.30961352657004826 -1.0782133333333332
8 0.3120772946859904 1.11844 -0.3389694041867955 -1.1976799999999999
