2 0.38933977455716584 1.7127333333333332 -0.46544283413848636 -1.7604000000000002
2 0.37030595813204503 1.4725733333333333 -0.43861513687600645 -1.5366666666666666
2 0.26386473429951696 1.02944 -0.22289855072463766 -0.7960533333333333
2 0.4787721417069243 1.9868533333333331 -0.677512077294686 -2.6449599999999998
2 0.2759822866344605 1.0430666666666666 -0.2506924315619968 -0.8738133333333333
2 0.5393800322061192 2.00764 -0.797793880837359 -2.6033866666666667
2 0.3516747181964573 1.24544 -0.41407407407407404 -1.3724266666666665
2 0.164975845410628 0.7500266666666666 -0.027117552334943645 -0.30037333333333327
8 0.2994967793880838 1.05732 -0.2936795491143317 -0.9754399999999999
8 0.31669082125603865 1.1476 -0.33813204508856676 -1.2171199999999998
8 0.21269323671497586 0.83232 -0.13013687600644125 -0.54768
8 0.33724235104669886 1.151773333333333 -0.3876086956521739 -1.29208
