2 0.3114251207729469 1.3326133333333332 -0.332866344605475 -1.1197333333333332
2 0.3609500805152979 1.4434133333333332 -0.4425764895330112 -1.6468266666666664
2 0.3496497584541063 1.3082133333333335 -0.4126006441223833 -1.4685866666666667
2 0.3418075684380032 1.2593733333333332 -0.3945008051529791 -1.4124
2 0.19620772946859902 0.8773066666666667 -0.0843961352657005 -0.40250666666666657
2 0.08598228663446056 0.6631733333333333 0.14982286634460548 0.15973333333333326
2 0.28047906602254424 1.0089866666666667 -0.27065217391304347 -0.9282666666666666
2 0.3021135265700483 1.0610933333333332 -0.3177214170692432 -1.0739733333333332
2 0.21479871175523352 0.8604933333333333 -0.12995169082125604 -0.5320266666666666
2 0.2319363929146538 0.8865466666666666 -0.17588566827697263 -0.6237066666666666
2 0.25552334943639293 0.93868 -0.22019323671497587 -0.7816266666666667
2 0.2797463768115942 1.0042533333333334 -0.26559581320450887 -0.9399733333333333
2 0.1651328502415459 0.7027466666666665 -0.03483896940418678 -0.22655999999999993
2 0.15811191626409019 0.6738933333333333 -0.022632850241545904 -0.22677333333333338
