2 0.3094404186795491 1.1539199999999998 -0.33287439613526565 -1.12912
2 0.137512077294686 0.8465866666666667 0.027890499194847033 -0.12304000000000011
2 0.1672987117552335 0.90356 -0.050700483091787436 -0.39474666666666675
2 0.21406602254428342 0.9309333333333334 -0.13784219001610307 -0.6391466666666666
2 0.27557971014492755 1.0653733333333333 -0.25576489533011276 -0.89592
2 0.28455314009661836 1.0697466666666666 -0.2813285024154589 -0.9634399999999999
2 0.2441425120772947 0.9807466666666665 -0.20844605475040257 -0.8373333333333333
2 0.36138486312399354 1.4947599999999999 -0.4246537842190016 -1.51448
4 0.3125845410628019 1.3645466666666666 -0.4590982286634461 -1.49896
0 0.3938526570048309 1.43404 -0.520877616747182 -1.58328
2 0.33166264090177133 1.1879333333333333 -0.38276167471819644 -1.2846133333333334
4 0.31072061191626404 1.1442266666666665 -0.3880595813204509 -1.2576266666666667
2 0.3088687600644122 1.1121466666666664 -0.33709339774557173 -1.1246133333333332
2 0.15323268921095007 0.6720666666666666 -0.02029790660225441 -0.1922933333333333
8 0.28230676328502413 1.0059466666666668 -0.2961916264090177 -1.0393066666666666
