2 0.3120450885668277 1.1922133333333333 -0.3273590982286635 -1.11504
3 0.3834178743961353 2.1533333333333333 -0.6473510466988728 -2.312
3 0.0645450885668277 0.49792 0.1290901771336554 0.40277333333333337
2 0.08130032206119162 0.9276933333333333 0.11683574879227054 0.13928000000000004
2 0.1481441223832528 0.9534133333333332 -0.0009098228663446018 -0.3181866666666666
2 0.18559581320450885 0.9967733333333332 -0.07475040257648953 -0.5547733333333333
2 0.2388768115942029 1.01768 -0.18880032206119163 -0.7774933333333331
2 0.26843397745571657 1.0328266666666666 -0.2508132045088567 -0.9529066666666667
2 0.37216183574879225 1.4897066666666665 -0.4397342995169082 -1.5798400000000001
2 0.3526972624798712 1.3477466666666666 -0.4243478260869566 -1.4615733333333334
0 0.3476932367149758 1.2431733333333332 -0.4083494363929146 -1.2812266666666665
2 0.31341384863123994 1.1358 -0.3390338164251207 -1.1318666666666666
2 0.13200080515297907 0.6491199999999999 0.013631239935587767 -0.14250666666666664
3 0.38183574879227056 1.4347333333333336 -0.4996940418679548 -1.8022133333333334
8 0.28859500805152977 1.0476133333333333 -0.31548309178743966 -1.0782133333333332
