0 0.24153784219001612 0.9549333333333334 -0.19579710144927534 -0.5080533333333335
0 0.06272544283413849 0.7151466666666667 0.12545088566827697 0.5643733333333333
0 0.19078099838969403 0.9492933333333333 -0.1096296296296296 -0.07629333333333337
0 0.1762278582930757 0.8499733333333334 -0.08029790660225444 0.026240000000000083
0 0.3747665056360709 1.4497866666666668 -0.4992270531400966 -1.4676799999999999
0 0.39056360708534626 1.4963733333333333 -0.5264090177133655 -1.5777066666666668
0 0.22115942028985508 0.9432666666666667 -0.16439613526570046 -0.3694133333333334
8 0.27014492753623187 0.9559333333333334 -0.25173913043478263 -0.8170933333333332
8 0.29950080515297905 1.0573333333333332 -0.3188405797101449 -0.9865600000000001
8 0.3041143317230274 1.06984 -0.3314170692431562 -1.0448533333333334
