2 0.3099315619967794 1.1648133333333333 -0.3359983896940419 -1.12056
2 0.08586956521739131 0.6720266666666667 0.17173913043478262 0.6118933333333333
2 0.4506602254428342 2.1533333333333333 -0.6349114331723027 -2.312
2 0.37065217391304345 1.6115333333333335 -0.45864734299516907 -1.7878666666666665
2 0.3643599033816425 1.5043466666666665 -0.4494766505636071 -1.7011200000000002
2 0.3580595813204509 1.4311200000000002 -0.444219001610306 -1.6309866666666666
3 0.3350281803542673 1.3260666666666665 -0.4101207729468599 -1.5033866666666666
2 0.3358816425120773 1.2648933333333334 -0.39074879227053144 -1.4226933333333334
2 0.33047504025764896 1.1961466666666667 -0.3805958132045088 -1.3455733333333333
2 0.20706924315619968 0.83112 -0.13033816425120773 -0.5137066666666666
3 0.2681682769726248 0.9925466666666666 -0.2777536231884058 -0.9297333333333332
2 0.22836553945249596 0.8669866666666667 -0.1675040257648953 -0.6087999999999999
2 0.24511272141706925 0.8943466666666666 -0.19523349436392917 -0.6935466666666668
2 0.2635265700483092 0.9405733333333334 -0.23837359098228658 -0.8321866666666666
2 0.20473429951690822 0.7701333333333333 -0.11789049919484704 -0.43061333333333335
2 0.08565217391304349 0.38458666666666663 0.12225442834138486 0.3714133333333334
