2 0.07327697262479872 0.8303466666666667 0.14655394524959744 -0.03578666666666656
2 0.14157407407407405 0.8927333333333333 -0.01958937198067634 -0.3894133333333334
2 0.3611070853462158 1.5561066666666665 -0.4206199677938809 -1.5297600000000002
2 0.3376368760064412 1.29424 -0.38741545893719803 -1.32256
2 0.20241545893719806 0.9450133333333333 -0.11687600644122385 -0.6467733333333332
2 0.3355958132045089 1.2315866666666666 -0.3755716586151368 -1.2838666666666667
2 0.329597423510467 1.18332 -0.3711916264090177 -1.2371466666666668
2 0.2530917874396135 0.9705600000000001 -0.22384863123993556 -0.8165866666666667
8 0.2734983896940419 1.0448266666666666 -0.2634863123993559 -1.0393066666666666
8 0.310402576489533 1.10316 -0.34064412238325276 -1.1782133333333333
