2 0.309182769726248 1.0867466666666665 -0.335402576489533 -1.1139733333333333
2 0.27360708534621575 1.03296 -0.2576489533011272 -0.8854399999999999
2 0.3790780998389694 1.76524 -0.4622302737520129 -1.7442399999999998
2 0.35158615136876004 1.4842266666666668 -0.42091787439613526 -1.4879200000000001
2 0.34423913043478255 1.35196 -0.4106199677938808 -1.3773066666666667
2 0.33442834138486316 1.24064 -0.38338164251207735 -1.3044266666666668
2 0.327536231884058 1.1607599999999998 -0.37067632850241544 -1.2366666666666666
2 0.3315619967793881 1.2067866666666667 -0.37929146537842195 -1.27224
2 0.22864331723027376 0.8779866666666667 -0.16268115942028985 -0.6498933333333334
2 0.19285024154589372 0.772 -0.09123993558776167 -0.43279999999999996
0 0.37503220611916266 1.3710933333333333 -0.4926892109500805 -1.49648
