2 0.31132850241545895 1.0922 -0.3372785829307568 -1.1201333333333334
2 0.36551529790660225 1.5813466666666667 -0.4261996779388083 -1.5421066666666665
2 0.3507165861513688 1.40896 -0.41119162640901774 -1.4432533333333333
2 0.2977133655394525 1.0399066666666668 -0.3063123993558777 -1.0240266666666666
2 0.3408896940418679 1.2606266666666666 -0.3927616747181964 -1.3281866666666666
2 0.3330032206119163 1.2239333333333333 -0.38349436392914654 -1.2918133333333335
2 0.22858293075684377 0.8521466666666666 -0.1589049919484702 -0.6171999999999999
0 0.35179951690821254 1.2384666666666666 -0.43451690821256034 -1.3689333333333333
8 0.25378824476650563 0.9253866666666666 -0.21232689210950084 -0.7837866666666666
8 0.28482286634460546 0.9975999999999998 -0.28109500805152976 -0.9670933333333332
8 0.32298309178743967 1.149 -0.3607809983896941 -1.2254666666666665
