2 0.34317230273752014 1.3272266666666668 -0.3982125603864734 -1.3719999999999999
2 0.09229871175523349 0.8239066666666667 0.18459742351046698 0.3468533333333333
2 0.43258856682769725 1.9682533333333334 -0.6039694041867955 -2.5995466666666665
2 0.40472624798711754 1.77152 -0.5822544283413849 -2.3060266666666664
7 0.22537842190016105 0.8933599999999999 -0.11616747181964573 -0.4777066666666666
2 0.23133252818035427 0.9371866666666666 -0.16649758454106278 -0.6123999999999999
2 0.1570450885668277 0.8661466666666666 0.00410628019323671 -0.18567999999999998
2 0.3843478260869565 1.5586266666666666 -0.5093719806763285 -1.9611466666666668
2 0.2595048309178744 0.9667066666666666 -0.22395330112721415 -0.77944
2 0.5041867954911433 1.9115066666666667 -0.7722866344605475 -2.795653333333333
2 0.4836392914653784 1.8341599999999998 -0.7308856682769727 -2.6866133333333333
3 0.5451489533011271 1.91428 -0.8812640901771336 -2.7901066666666665
8 0.27181964573268924 1.0351066666666666 -0.2584541062801932 -0.9698933333333333
8 0.31208132045088566 1.0740133333333333 -0.34735104669887273 -1.1532
8 0.3208896940418679 1.1323333333333332 -0.36329307568438 -1.23656
8 0.35401771336553944 1.2823466666666665 -0.4480032206119162 -1.5476800000000002
