2 0.11308373590982286 0.8659733333333334 0.08011272141706924 -0.03941333333333326
2 0.4111231884057971 2.1533333333333333 -0.5278019323671498 -2.312
2 0.37095410628019326 1.6722933333333334 -0.4482850241545894 -1.6721066666666664
2 0.19177536231884057 0.8986533333333333 -0.07575684380032209 -0.36728000000000005
0 0.3796578099838969 1.3813333333333333 -0.5114573268921095 -1.5546133333333334
0 0.38296698872785834 1.4004933333333334 -0.5218438003220612 -1.6028000000000002
2 0.3595169082125604 1.4250399999999999 -0.4256682769726248 -1.4925866666666667
3 0.2136634460547504 0.8789733333333333 -0.140354267310789 -0.6152266666666667
8 0.4211111111111111 1.5601066666666665 -0.5805152979066023 -2.08656
8 0.08094202898550724 0.50708 0.1618840579710145 0.41949333333333333
