0 0.07461631663974153 0.7571122994652405 0.14923263327948305 0.480427807486631
0 0.4737197092084007 1.856189839572192 -0.7045961227786753 -2.0930213903743313
0 0.12823101777059775 0.7931283422459893 0.00844911147011307 0.3785026737967915
1 0.21988691437802912 1.0414438502673795 -0.17563812600969306 -0.4642245989304813
0 0.39040791599353797 1.4834224598930483 -0.5463570274636511 -1.633101604278075
0 0.30099757673667205 1.132874331550802 -0.3470678513731826 -1.0059625668449195
0 0.26944668820678513 1.018663101604278 -0.28126817447495966 -0.8077005347593582
0 0.28700323101777064 1.0628208556149732 -0.3178836833602586 -0.9371390374331551
0 0.34801696284329564 1.2702673796791444 -0.45247980613893374 -1.3610160427807487
8 0.31463247172859454 1.211042780748663 -0.37412762520193865 -1.3162032085561495
