2 0.1526610305958132 0.8126666666666666 -0.0002818035426731033 -0.28303999999999996
2 0.18992753623188405 0.8627333333333332 -0.08526570048309177 -0.4733066666666666
2 0.20281803542673107 0.8815466666666666 -0.11446054750402579 -0.5558933333333334
2 0.21915056360708535 0.91648 -0.1535346215780998 -0.6734399999999999
2 0.24506038647342995 0.9337066666666666 -0.19723832528180357 -0.7390933333333334
2 0.2513848631239936 0.9519466666666667 -0.20906602254428344 -0.80624
2 0.26326892109500805 0.9758933333333333 -0.23958132045088568 -0.8851199999999999
8 0.11247181964573269 0.5378933333333332 0.055217391304347815 0.24122666666666667
8 0.2881803542673108 1.0115066666666668 -0.2894847020933978 -1.0060000000000002
8 0.3516183574879227 1.9346933333333332 -0.46504025764895335 -2.7439466666666665
8 0.3197141706924315 1.1013333333333333 -0.35372785829307574 -1.1870933333333336
8 0.32759661835748793 1.1239999999999999 -0.3750322061191626 -1.2532266666666667
8 0.3389170692431562 1.1559466666666667 -0.3943236714975845 -1.3226666666666667
