2 0.0824074074074074 0.8254933333333333 0.1648148148148148 0.34368
2 0.34477858293075686 1.3810666666666667 -0.4048228663446055 -1.4131200000000002
2 0.13867954911433172 0.7675466666666666 0.0147342995169082 -0.23973333333333327
2 0.38063204508856685 1.7386666666666666 -0.4629549114331723 -1.7287466666666664
2 0.33995169082125604 1.2846266666666666 -0.396231884057971 -1.3410933333333335
2 0.24501610305958132 0.9757600000000001 -0.1993075684380032 -0.7213866666666666
2 0.2567673107890499 0.9874266666666666 -0.23549919484702095 -0.8046133333333334
2 0.4184138486312399 2.1533333333333333 -0.5220933977455717 -2.312
2 0.2701489533011272 1.0029866666666667 -0.25904186795491146 -0.8735999999999999
3 0.3153180354267311 1.16936 -0.38880032206119164 -1.2787199999999999
2 0.28704106280193237 1.0001733333333334 -0.28632045088566827 -0.96968
8 0.2999194847020934 1.0545600000000002 -0.31800322061191627 -1.1088
