2 0.18019607843137256 1.0502027027027028 -0.066781045751634 -0.4371081081081082
1 0.5095016339869282 1.9141891891891893 -0.804673202614379 -2.714108108108108
0 0.3026633986928105 1.1574324324324325 -0.3529248366013072 -1.0601621621621622
1 0.4122589869281046 1.4870405405405407 -0.5773611111111112 -1.9246216216216219
0 0.22533496732026145 0.9121891891891892 -0.19566993464052287 -0.49837837837837834
1 0.42119281045751633 1.500945945945946 -0.6018790849673203 -1.934864864864865
0 0.14068218954248365 0.5906081081081082 0.0088970588235294 0.13002702702702706
0 0.1337377450980392 0.5664459459459459 0.028766339869281052 0.18694594594594593
1 0.1874877450980392 0.8495810810810812 -0.10147875816993462 -0.35689189189189197
0 0.14117647058823532 0.605472972972973 0.007957516339869266 0.10527027027027025
0 0.12051062091503267 0.5698648648648649 0.040906862745098034 0.24151351351351355
0 0.17770833333333333 0.7329729729729731 -0.08902777777777778 -0.14708108108108114
2 0.539170751633987 1.8885675675675677 -0.8639133986928106 -2.833675675675676
2 0.4969648692810457 1.8873108108108108 -0.751576797385621 -2.771432432432433
8 0.25924428104575165 0.9229594594594596 -0.24641339869281048 -0.817918918918919
8 0.3222222222222222 1.1215675675675676 -0.3790849673202614 -1.3040540540540542
