2 0.2996698872785829 1.5135866666666666 -0.3174235104669887 -1.08168
2 0.5330837359098229 2.1533333333333333 -0.7824476650563607 -2.312
2 0.3572302737520129 1.4221733333333335 -0.4420933977455717 -1.6403466666666666
2 0.3468438003220612 1.2946133333333334 -0.414573268921095 -1.4740799999999998
2 0.3391022544283414 1.2476666666666667 -0.39764090177133654 -1.4223199999999996
2 0.2847423510466989 1.0115999999999998 -0.2847020933977456 -0.96896
2 0.09640901771336555 0.6664666666666667 0.11882447665056359 0.08983999999999992
2 0.30805958132045086 1.0725733333333332 -0.3378743961352657 -1.1437066666666666
2 0.21506843800322062 0.8575733333333334 -0.13834943639291464 -0.5607466666666667
2 0.23189210950080513 0.8826266666666667 -0.18400966183574877 -0.6471199999999999
2 0.2548913043478261 0.9342533333333334 -0.22686795491143316 -0.8026933333333333
2 0.27853462157809983 0.9967466666666666 -0.2723027375201288 -0.9580266666666666
2 0.16735909822866346 0.7045066666666666 -0.046714975845410636 -0.2624533333333333
2 0.1618840579710145 0.6806666666666666 -0.03521739130434783 -0.26298666666666665
