3 0.3337037037037037 1.3848933333333333 -0.41523349436392915 -1.3518666666666665
2 0.20762882447665057 1.0022533333333334 -0.11145732689210948 -0.5806133333333332
2 0.14489130434782607 0.8585466666666666 -0.020507246376811592 -0.30104
2 0.30280193236714975 1.15808 -0.3242190016103059 -1.11536
2 0.4535628019323672 1.8653066666666667 -0.6330998389694042 -2.37152
2 0.37064009661835745 1.3433466666666667 -0.47715780998389695 -1.5949599999999997
3 0.3822624798711755 1.40612 -0.5293719806763285 -1.7628000000000001
2 0.4912157809983897 1.9916933333333333 -0.7215942028985507 -2.63528
2 0.5508212560386474 1.9791333333333332 -0.8165700483091788 -2.6603999999999997
4 0.3491867954911433 1.3228799999999998 -0.4934460547504026 -1.58752
7 0.09704911433172303 0.7670933333333332 0.14709339774557165 -0.08618666666666665
2 0.07774557165861513 0.6186266666666667 0.15549114331723027 0.18136000000000005
2 0.08045088566827698 0.39787999999999996 0.16090177133655395 0.5507466666666666
7 0.08128019323671498 0.44265333333333334 0.16256038647342996 0.4987999999999999
7 0.09826489533011272 0.48319999999999996 0.09290660225442836 0.24832
