2 0.07208132045088567 0.7424266666666666 0.14416264090177133 0.12325333333333326
2 0.10563607085346215 0.8183866666666666 0.08758454106280193 -0.14621333333333328
3 0.13078099838969404 0.9060666666666666 -0.0019967793880837277 -0.3951733333333333
2 0.38533816425120776 1.5526799999999998 -0.4866988727858293 -1.8410400000000002
2 0.32490740740740737 1.19052 -0.3660789049919485 -1.2548000000000001
2 0.19323268921095008 0.8923733333333332 -0.09148953301127213 -0.5295466666666667
2 0.21471417069243157 0.9260133333333332 -0.1444363929146538 -0.6879200000000001
2 0.31675523349436396 1.1342533333333333 -0.3527536231884058 -1.1958666666666669
8 0.2554710144927536 1.0281733333333334 -0.24252012882447663 -1.0115466666666668
8 0.3011795491143317 1.0698533333333333 -0.3356119162640902 -1.1448800000000001
