2 0.09067230273752012 0.7951333333333334 0.18134460547504025 0.4044
2 0.42493961352657 2.08204 -0.6046296296296296 -2.4545866666666667
2 0.15291062801932367 1.0334133333333333 -0.0041626409017713265 -0.27301333333333344
2 0.23927536231884058 1.0380533333333333 -0.17475040257648952 -0.6632533333333333
2 0.25956924315619967 1.0428 -0.2252415458937198 -0.8096533333333333
2 0.34458937198067635 1.31596 -0.4078582930756844 -1.3663199999999998
2 0.40761674718196456 1.8577733333333333 -0.5565378421900161 -2.371653333333333
2 0.2738647342995169 1.0283866666666666 -0.26483091787439617 -0.8928266666666665
2 0.27598631239935584 1.0322933333333333 -0.26754428341384867 -0.9514133333333332
2 0.20834943639291464 0.8014533333333334 -0.13376811594202898 -0.55272
2 0.35209742351046697 1.32896 -0.4206038647342995 -1.4639466666666667
2 0.3660426731078905 1.3733199999999999 -0.4583977455716586 -1.6078666666666668
8 0.3946940418679549 1.3698400000000002 -0.5293558776167472 -1.79488
