0 0.3152948303715671 1.4352139037433154 -0.38265751211631666 -0.8757754010695186
0 0.3009491114701131 1.3643582887700536 -0.3347899838449111 -0.9220320855614974
0 0.24703150242326333 1.1265775401069518 -0.22710016155088852 -0.485133689839572
0 0.20733844911147012 0.9367379679144385 -0.14569466882067852 -0.2559358288770053
0 0.29615912762520197 1.2239171122994652 -0.3346284329563813 -0.8878877005347593
0 0.2370799676898223 0.9989973262032085 -0.21692245557350562 -0.508850267379679
0 0.25420840064620354 1.0993181818181816 -0.23210016155088856 -0.5662834224598929
0 0.256437802907916 1.0795454545454546 -0.2576090468497577 -0.7551871657754011
0 0.2756825525040388 1.1534491978609624 -0.29109046849757675 -0.765187165775401
2 0.23359854604200325 1.006590909090909 -0.18726171243941844 -0.697566844919786
8 0.17616720516962847 0.8026871657754011 -0.09551696284329567 -0.2217379679144385
