3 0.3276771336553945 1.5102399999999998 -0.457512077294686 -1.5705066666666665
2 0.0732085346215781 0.8396533333333334 0.1464170692431562 -0.1046933333333333
2 0.1487399355877617 0.9325733333333333 -0.03459742351046699 -0.5003466666666666
2 0.34540257648953304 1.31596 -0.3992270531400966 -1.3740533333333333
3 0.3199718196457327 1.2300533333333332 -0.40376006441223833 -1.3281599999999998
2 0.23211352657004827 0.9361733333333333 -0.1831159420289855 -0.7338933333333334
2 0.2399033816425121 0.9733733333333333 -0.19972624798711755 -0.81464
3 0.2563083735909823 1.0124266666666666 -0.2591384863123994 -0.9704533333333334
8 0.2957246376811594 1.0920533333333333 -0.31128824476650563 -1.2059733333333333
8 0.3271779388083736 1.1351066666666665 -0.365805152979066 -1.2198666666666667
