2 0.33726650563607086 1.3250133333333334 -0.39471014492753626 -1.3559999999999999
2 0.15455314009661836 0.8794266666666666 -0.015305958132045104 -0.3801333333333334
2 0.1698953301127214 0.9291999999999999 -0.04521739130434782 -0.5243733333333332
2 0.19654186795491144 0.9362266666666668 -0.09358293075684382 -0.5764533333333334
2 0.218780193236715 0.9722 -0.16150563607085344 -0.7402933333333334
2 0.22078904991948473 0.94164 -0.1529790660225443 -0.6590133333333333
2 0.33408212560386474 1.2182000000000002 -0.3756521739130435 -1.2660533333333335
0 0.07597020933977457 0.4112666666666666 0.11459742351046699 0.5299466666666667
7 0.14681964573268924 0.84168 0.06297906602254429 0.008266666666666728
7 0.09273349436392915 0.76472 0.1645330112721417 0.4652266666666667
7 0.1643035426731079 0.8565733333333334 -0.006658615136875992 -0.1727733333333334
7 0.18860708534621579 0.8774133333333333 -0.05177133655394524 -0.2704533333333334
7 0.0814855072463768 0.6106133333333333 0.1629710144927536 0.7180799999999999
7 0.4306239935587762 2.0342533333333335 -0.48140901771336553 -2.07384
8 0.26888888888888884 1.0615066666666666 -0.2576167471819646 -1.0337866666666666
8 0.310402576489533 1.15456 -0.3389694041867955 -1.22544
