2 0.47642565359477124 1.922310810810811 -0.729485294117647 -2.7661891891891894
2 0.2747671568627451 1.0202432432432433 -0.266593137254902 -0.914918918918919
1 0.3465359477124183 1.240391891891892 -0.43017973856209146 -1.42872972972973
1 0.3238357843137255 1.1610945945945947 -0.3769689542483661 -1.2474324324324324
1 0.21639297385620918 0.8153918918918919 -0.1442728758169935 -0.4613243243243244
2 0.43228349673202615 1.5655540540540542 -0.623357843137255 -2.203918918918919
8 0.25169117647058825 0.9007432432432433 -0.22122549019607843 -0.6790540540540541
8 0.2626062091503268 0.9271351351351351 -0.25145424836601304 -0.7762702702702702
8 0.29535539215686274 1.0507567567567568 -0.316952614379085 -1.0512972972972974
8 0.3679901960784314 1.2743648648648649 -0.47397058823529414 -1.5373783783783783
8 0.4095547385620915 1.4729864864864866 -0.5638153594771242 -1.9790540540540542
