2 0.46643317230273756 2.1533333333333333 -0.7771819645732689 -2.312
2 0.18701288244766504 0.9459733333333333 -0.07769726247987115 -0.3935466666666666
2 0.1301489533011272 1.1568666666666665 0.029154589371980684 -0.3190666666666666
2 0.4028381642512078 1.6579066666666666 -0.5815217391304348 -2.228986666666667
2 0.46807971014492755 1.7253466666666666 -0.7035668276972624 -2.4496799999999994
3 0.5177536231884058 1.8989333333333334 -0.8223349436392915 -2.8207999999999998
2 0.48640901771336553 1.7971066666666664 -0.7360869565217392 -2.60072
2 0.25108293075684385 0.9776266666666666 -0.20495169082125606 -0.7392533333333334
2 0.22805555555555557 0.97144 -0.15851046698872787 -0.61808
2 0.3406521739130435 1.246813333333333 -0.40388083735909824 -1.37992
2 0.2633816425120773 0.98696 -0.23539452495974236 -0.8121066666666665
2 0.3176288244766506 1.1366933333333333 -0.34659420289855075 -1.1697600000000001
2 0.3388929146537842 1.2817733333333334 -0.3978985507246377 -1.4704266666666665
2 0.304987922705314 1.0849866666666665 -0.3323268921095008 -1.16704
8 0.27895330112721417 1.0115066666666668 -0.2710305958132045 -0.9060000000000001
