2 0.18158615136876008 0.7631466666666666 -0.05909822866344606 -0.2822400000000001
2 0.2735064412238325 0.98844 -0.27235909822866344 -0.9137866666666665
3 0.24165056360708534 0.9074933333333333 -0.22371980676328504 -0.7682666666666667
2 0.24013687600644124 0.9022933333333334 -0.19049919484702096 -0.6794133333333333
2 0.20987520128824474 0.8198 -0.12284219001610305 -0.4781066666666666
1 0.2167512077294686 0.8192666666666666 -0.15213365539452497 -0.45095999999999997
0 0.25671497584541064 0.8877466666666666 -0.22800322061191627 -0.71128
2 0.4506078904991948 1.9645333333333335 -0.6573188405797101 -2.6414933333333335
2 0.19220209339774558 0.7415733333333334 -0.09496779388083736 -0.4258666666666666
8 0.28775764895330114 1.0003866666666665 -0.295354267310789 -0.9782133333333332
