2 0.08127042483660131 0.9063783783783784 0.16254084967320262 0.18183783783783777
0 0.4625612745098039 1.878837837837838 -0.7006617647058824 -2.188162162162162
0 0.3221650326797386 1.3641486486486487 -0.39153594771241834 -1.0786216216216216
0 0.3187540849673203 1.3944324324324326 -0.3889460784313726 -1.0535675675675678
1 0.4648570261437909 1.6801486486486488 -0.6871813725490196 -2.1845675675675675
0 0.14415849673202613 0.6840945945945945 -0.006944444444444445 0.13737837837837835
0 0.14633986928104575 0.6712972972972974 -0.004101307189542469 0.17702702702702705
1 0.3992851307189543 1.6365 -0.540187908496732 -1.8253243243243247
2 0.2525 0.9151621621621623 -0.22526143790849676 -0.7711351351351352
2 0.46023284313725493 1.7466351351351352 -0.6702859477124182 -2.452621621621622
