2 0.10840177133655393 0.9247733333333332 0.08319645732689213 -0.039839999999999993
1 0.25736312399355876 0.99284 -0.23714170692431563 -0.6975200000000001
1 0.27119967793880834 1.02048 -0.2619967793880837 -0.7727466666666669
2 0.24274557165861516 0.9649466666666667 -0.19191626409017715 -0.71368
1 0.2828945249597423 1.01064 -0.2851449275362319 -0.8895999999999998
2 0.27717391304347827 1.0064266666666668 -0.26177133655394524 -0.9136000000000001
2 0.3290780998389694 1.1627599999999998 -0.3736795491143317 -1.25192
2 0.3803502415458937 2.0617466666666666 -0.4816344605475041 -2.1288266666666664
8 0.34898550724637684 1.2337333333333331 -0.43122383252818036 -1.3670933333333335
8 0.3183695652173913 1.1073333333333333 -0.36329307568438 -1.2198933333333335
8 0.34311191626409016 1.1823333333333332 -0.4144524959742351 -1.3754399999999998
