2 0.29823268921095003 1.2801733333333332 -0.3125845410628019 -1.05192
2 0.4555233494363929 2.1533333333333333 -0.6222061191626409 -2.312
3 0.2637842190016103 0.97868 -0.2510628019323671 -0.8582133333333332
0 0.3955636070853462 1.427493333333333 -0.5232528180354268 -1.64624
0 0.4494363929146538 1.5728266666666668 -0.6232206119162641 -1.9994666666666667
0 0.4902053140096619 1.72132 -0.7213768115942029 -2.27816
0 0.4736513687600644 1.6318933333333334 -0.6773832528180354 -2.1673066666666667
2 0.08907004830917874 0.47196000000000005 0.12635265700483092 0.23965333333333327
8 0.2563083735909823 0.9114933333333333 -0.22406602254428343 -0.756
8 0.28356280193236716 0.99344 -0.2852898550724638 -0.9976533333333333
