2 0.4851690821256039 2.1533333333333333 -0.7119001610305958 -2.312
3 0.32609903381642513 1.4384133333333333 -0.44615942028985506 -1.51448
2 0.10120772946859903 0.8653333333333333 0.08877616747181966 -0.2621333333333332
2 0.16735909822866346 0.9388266666666666 -0.07125603864734299 -0.5699200000000001
3 0.31921095008051525 1.2159333333333333 -0.3996940418679549 -1.3137333333333332
2 0.23648953301127215 0.9402533333333334 -0.1926731078904992 -0.7571466666666666
2 0.24373188405797103 0.9756133333333333 -0.20834943639291464 -0.8338933333333334
3 0.25770531400966185 1.01112 -0.2621900161030596 -0.9764266666666666
8 0.29530595813204513 1.0392666666666668 -0.31549114331723027 -1.0949066666666665
8 0.31124396135265703 1.1128933333333333 -0.3456763285024155 -1.2087733333333333
