2 0.3092512077294686 1.1670133333333332 -0.3375523349436393 -1.1259733333333333
2 0.5224235104669888 2.1533333333333333 -0.7760547504025765 -2.312
2 0.3810587761674718 1.7040933333333335 -0.4818115942028986 -1.8809333333333333
2 0.36965780998389697 1.5557600000000003 -0.46134460547504025 -1.75488
2 0.3616626409017713 1.4668266666666667 -0.4555152979066023 -1.6794133333333334
3 0.3361513687600644 1.34568 -0.4156682769726248 -1.5307199999999999
2 0.33679549114331725 1.2759066666666665 -0.3942512077294686 -1.4403466666666667
2 0.33051932367149756 1.1998133333333332 -0.3830193236714976 -1.3566399999999998
2 0.20008856682769727 0.8191333333333334 -0.11721417069243158 -0.4796533333333333
3 0.26357890499194847 0.9861066666666666 -0.2729549114331723 -0.9145066666666666
2 0.22323268921095007 0.8568133333333333 -0.1594927536231884 -0.5872266666666668
2 0.24160225442834138 0.8870133333333333 -0.19011272141706925 -0.6805866666666667
2 0.26175925925925925 0.9362266666666668 -0.2376731078904992 -0.8298399999999999
2 0.19876811594202898 0.7565066666666667 -0.10806763285024157 -0.4037866666666666
2 0.07268115942028985 0.34454666666666667 0.14380032206119162 0.44536
8 0.28859903381642515 1.0003866666666665 -0.2987117552334944 -1.006
