2 0.07467391304347827 0.7015466666666667 0.14934782608695654 0.44922666666666666
2 0.07510064412238325 0.8497733333333332 0.1502012882447665 -0.024773333333333387
2 0.09451288244766506 0.8471466666666666 0.10137681159420289 -0.1948800000000001
2 0.44397745571658614 2.1533333333333333 -0.5871497584541063 -2.312
2 0.3554186795491143 1.3998533333333332 -0.40716586151368755 -1.43176
2 0.16132850241545893 0.9074933333333333 -0.03156199677938808 -0.42325333333333337
3 0.18319243156199677 0.92596 -0.0842109500805153 -0.5004
2 0.20761272141706927 0.9307733333333332 -0.12984702093397746 -0.6085866666666666
2 0.3735386473429952 1.4673733333333332 -0.445805152979066 -1.7108533333333331
2 0.22477455716586153 0.9566133333333333 -0.19162640901771338 -0.76816
3 0.32099436392914654 1.1696933333333333 -0.38129629629629636 -1.25832
2 0.2529790660225443 0.9833333333333333 -0.21726247987117556 -0.8642133333333331
2 0.2602012882447665 0.99776 -0.2427536231884058 -0.91632
3 0.31823671497584544 1.1325866666666666 -0.372012882447665 -1.2194133333333332
8 0.27895330112721417 1.04344 -0.2861352657004831 -1.0810133333333334
8 0.31124396135265703 1.08512 -0.3423268921095008 -1.1810133333333332
