2 0.07888083735909823 0.9018666666666666 0.15776167471819647 0.1909333333333334
2 0.12624798711755233 1.13 0.05632850241545894 -0.2653333333333333
2 0.33724235104669886 1.30048 -0.3866425120772947 -1.3410133333333332
2 0.38725845410628024 2.1533333333333333 -0.4720531400966183 -2.312
2 0.20438003220611917 1.03988 -0.10531400966183575 -0.5019466666666667
0 0.1831400966183575 0.8231333333333334 -0.09626409017713365 -0.08258666666666674
0 0.20507246376811594 0.8353866666666666 -0.13441223832528182 -0.24026666666666657
2 0.2839694041867955 1.0408 -0.2825603864734299 -0.94496
2 0.32853864734299515 1.2007733333333332 -0.37260064412238325 -1.2614933333333334
0 0.2081964573268921 0.85352 -0.13373590982286634 -0.23935999999999996
2 0.3225080515297907 1.1405733333333334 -0.3659661835748793 -1.2100533333333332
8 0.3192109500805153 1.0920666666666665 -0.34987117552334945 -1.1726666666666665
