2 0.16686795491143316 0.8963066666666667 -0.0211755233494364 -0.26183999999999996
2 0.07991143317230273 0.52876 0.15982286634460546 0.59848
2 0.10120772946859903 0.6891066666666665 0.11257648953301129 0.0872799999999999
2 0.16142512077294688 0.7726666666666666 -0.01900161030595813 -0.2540799999999999
2 0.3357729468599034 1.1910800000000001 -0.38776167471819645 -1.29704
2 0.31953703703703706 1.1389333333333334 -0.36280998389694036 -1.2219200000000001
8 0.41188808373590985 1.9242533333333334 -0.5956119162640902 -2.7648266666666665
8 0.3565338164251208 1.2476266666666667 -0.4463204508856683 -1.528213333333333
8 0.24121175523349433 0.8823333333333333 -0.19219806763285024 -0.7254666666666665
8 0.2961433172302737 1.0392666666666666 -0.3087761674718196 -1.0837599999999998
