2 0.35301529790660224 1.4557466666666665 -0.41216586151368756 -1.5953866666666665
2 0.4075684380032206 2.121853333333333 -0.5050080515297906 -2.3749599999999997
2 0.06448872785829307 0.6724533333333333 0.12897745571658614 0.2757866666666666
2 0.07371175523349437 0.7491466666666666 0.14742351046698873 -0.0013866666666666181
2 0.10564412238325283 0.7951466666666667 0.07045088566827698 -0.21728000000000003
2 0.16300322061191624 0.8477866666666666 -0.03967793880837359 -0.4259199999999999
2 0.34567230273752014 1.3912933333333333 -0.3903301127214171 -1.4947466666666664
2 0.2569363929146538 0.9269733333333333 -0.22504830917874397 -0.78072
8 0.24624396135265703 0.8628933333333334 -0.20393719806763286 -0.7087733333333334
8 0.20933977455716585 0.8226133333333333 -0.1418679549114332 -0.5781866666666666
