2 0.08261272141706924 0.8766933333333333 0.16522544283413848 0.24128000000000005
2 0.4562117552334944 2.1533333333333333 -0.6132930756843801 -2.312
3 0.11057568438003221 1.04568 -0.003164251207729474 -0.21456000000000008
2 0.38101851851851853 1.9245066666666664 -0.46496779388083737 -1.9154133333333332
2 0.3732326892109501 1.4776933333333333 -0.4542592592592592 -1.5467999999999997
3 0.05278985507246377 0.7346266666666667 0.10557971014492754 -0.14237333333333338
2 0.37075281803542676 1.4542000000000002 -0.47825281803542674 -1.6544799999999997
3 0.31010064412238325 1.1275733333333333 -0.3584943639291465 -1.1821333333333333
3 0.3822745571658615 1.5588399999999998 -0.5318599033816426 -2.02648
2 0.26405394524959747 0.9687466666666668 -0.24147342995169085 -0.8335466666666668
2 0.23403381642512078 0.8980133333333333 -0.20016103059581322 -0.6974133333333332
8 0.29278985507246374 1.03372 -0.312133655394525 -1.0448799999999998
8 0.33136876006441224 1.16844 -0.4110950080515298 -1.3698933333333334
8 0.35988325281803546 1.2739866666666666 -0.4446457326892109 -1.508773333333333
