2 0.06998792270531401 0.7357066666666666 0.13997584541062802 0.5232533333333333
2 0.43907809983896945 1.7949333333333333 -0.6456441223832527 -2.364266666666667
2 0.4823349436392914 1.8727333333333331 -0.7017713365539452 -2.5630666666666664
2 0.08824074074074074 0.8640666666666665 0.12355072463768114 -0.1690933333333334
2 0.1338647342995169 0.8490933333333334 0.020466988727858283 -0.292
2 0.14788244766505637 0.9134533333333332 -0.028663446054750397 -0.49549333333333334
2 0.20681561996779388 0.9555333333333332 -0.14277777777777775 -0.7032266666666668
2 0.21731884057971015 0.9596933333333333 -0.15249597423510466 -0.7498400000000002
2 0.33674718196457326 1.2721066666666665 -0.3964895330112722 -1.4614399999999999
8 0.2655314009661836 1.0156666666666667 -0.2609661835748792 -1.0032266666666667
8 0.4311755233494364 1.5128933333333334 -0.6023188405797101 -2.0476533333333333
8 0.4127254428341385 1.4434533333333335 -0.5670933977455715 -1.91432
8 0.31585346215780996 1.0948266666666666 -0.3683252818035427 -1.17824
