2 0.30623188405797097 1.1568800000000001 -0.32824476650563605 -1.1165866666666666
2 0.15583333333333335 0.9089066666666668 -0.01224637681159421 -0.3390400000000001
2 0.1931964573268921 0.9404533333333331 -0.08732689210950081 -0.5258666666666666
2 0.22404589371980674 0.9347066666666666 -0.16332528180354267 -0.6711733333333334
2 0.27193639291465377 1.05764 -0.2480273752012882 -0.8899466666666667
2 0.25291867954911434 0.9746666666666667 -0.21999194847020936 -0.8388266666666665
3 0.32494766505636075 1.80064 -0.5119243156199678 -1.8434666666666666
2 0.34570048309178747 1.3686533333333333 -0.40826086956521734 -1.435706666666667
2 0.34085346215781 1.2871333333333332 -0.3932367149758454 -1.36712
2 0.3347262479871176 1.2320133333333332 -0.39487922705314016 -1.32776
2 0.326658615136876 1.1506533333333333 -0.36890499194847015 -1.2391733333333335
2 0.07760869565217392 0.6402533333333333 0.15521739130434783 0.22637333333333337
3 0.11787439613526571 0.7588 0.011916264090177143 -0.17696000000000003
2 0.3077495974235105 1.1184133333333333 -0.3360305958132045 -1.1219999999999999
2 0.07478663446054751 0.5004266666666667 0.14957326892109502 0.2784
