2 0.08660225442834138 0.6887866666666667 0.17320450885668276 0.6170933333333333
2 0.3698510466988728 1.71576 -0.46049114331723034 -1.7564266666666668
2 0.12938808373590982 0.8643866666666666 0.06085346215780999 -0.10130666666666668
2 0.21008856682769728 0.9262666666666667 -0.13111111111111112 -0.52384
2 0.2914331723027375 1.0361066666666665 -0.2970531400966183 -1.00944
2 0.23572866344605473 0.9382666666666667 -0.18466183574879227 -0.6738133333333334
2 0.2616747181964573 0.9660133333333333 -0.23025764895330114 -0.8040266666666667
2 0.3271537842190016 1.1405866666666666 -0.37416264090177126 -1.24784
2 0.34803140096618357 1.273 -0.42619162640901764 -1.5375199999999998
8 0.28146940418679545 0.98372 -0.27103864734299515 -0.8949066666666667
8 0.30704911433172305 1.0573466666666667 -0.34232689210950085 -1.13656
8 0.31795088566827695 1.09484 -0.3624557165861514 -1.2060000000000002
8 0.37372785829307564 1.6309466666666668 -0.4890982286634461 -2.2671200000000002
8 0.33849838969404183 1.2212133333333333 -0.4136151368760065 -1.4643466666666667
