0 0.5384541062801932 2.1533333333333333 -0.9015942028985509 -2.312
1 0.18021739130434783 0.8427466666666665 -0.10088566827697264 -0.2317866666666667
1 0.1981803542673108 0.8534666666666665 -0.13157809983896943 -0.3612266666666666
3 0.250048309178744 1.0464133333333332 -0.26112721417069246 -0.9267999999999998
5 0.07702093397745571 0.42745333333333335 0.15404186795491143 0.5854133333333333
5 0.085841384863124 0.4904 0.13427536231884057 0.42144000000000004
0 0.08405394524959742 0.4583466666666666 0.10533816425120773 0.5117866666666665
0 0.49951690821256034 2.0138533333333335 -0.6447665056360709 -2.03304
0 0.5227858293075685 2.09668 -0.6901771336553946 -2.1986933333333334
5 0.16272544283413848 0.6724266666666667 -0.02772141706924316 -0.07098666666666675
1 0.3164895330112722 1.1691333333333331 -0.35829307568438 -1.1693066666666665
0 0.4416666666666667 1.5761733333333332 -0.617181964573269 -1.9406133333333333
5 0.39404991948470214 1.4129066666666668 -0.5047020933977456 -1.6712
5 0.3914694041867955 1.40016 -0.49632045088566823 -1.6581866666666667
2 0.23164251207729467 0.90628 -0.1798550724637681 -0.7316533333333333
8 0.41943639291465384 1.4865066666666669 -0.570450885668277 -1.8060266666666667
8 0.48778582930756836 2.1492533333333332 -0.692061191626409 -2.3148266666666664
8 0.3481441223832528 1.1864933333333332 -0.4278663446054751 -1.3893066666666667
