2 0.4673671497584541 1.9926 -0.701964573268921 -2.6334666666666666
2 0.5216264090177133 1.9776933333333333 -0.7672946859903381 -2.66328
2 0.0754549114331723 0.7874133333333334 0.1509098228663446 0.2933866666666667
2 0.07107487922705315 0.7886133333333334 0.1421497584541063 0.00042666666666673334
2 0.09351449275362318 0.8801066666666666 0.07174718196457326 -0.3112
2 0.18081723027375202 0.9307199999999999 -0.10089371980676332 -0.61824
2 0.19865539452495976 0.9449333333333334 -0.11402576489533015 -0.6722133333333332
2 0.14519323671497583 0.8801733333333333 -0.012254428341384863 -0.43703999999999993
2 0.25584943639291463 1.0077999999999998 -0.2373671497584541 -0.9539999999999998
2 0.45419082125603866 1.7549599999999996 -0.649476650563607 -2.34928
2 0.33752012882447663 1.2939466666666666 -0.4020933977455716 -1.4987733333333333
8 0.3141787439613527 1.0920533333333333 -0.3683252818035427 -1.17824
