2 0.32977455716586157 1.1961866666666665 -0.3647342995169082 -1.2430933333333332
2 0.21664653784219 0.9558133333333333 -0.14519323671497586 -0.70528
2 0.17165458937198066 0.9091733333333333 -0.04509661835748791 -0.46784000000000003
2 0.37724637681159423 1.5821733333333332 -0.46225442834138486 -1.839813333333333
2 0.14175523349436392 0.8754 0.01576489533011271 -0.34887999999999997
2 0.09385265700483093 0.8632 0.08541867954911433 -0.20533333333333334
2 0.0755072463768116 0.8610266666666666 0.1510144927536232 -0.043333333333333335
2 0.07838164251207728 0.84288 0.15676328502415457 0.2596266666666667
2 0.4743880837359098 2.118586666666667 -0.654927536231884 -2.3814933333333332
2 0.5415942028985508 2.1533333333333333 -0.7645571658615137 -2.312
8 0.25379227053140097 1.0476133333333333 -0.22742351046698875 -1.0004533333333334
8 0.3066304347826087 1.1184533333333333 -0.3330998389694042 -1.2088
