2 0.14586151368760064 0.8755866666666667 0.008856682769726247 -0.19016
2 0.544597423510467 2.1533333333333333 -0.7585507246376811 -2.312
2 0.39338566827697263 2.0565866666666666 -0.49136070853462155 -2.1185066666666668
2 0.19559581320450886 0.9195733333333334 -0.09737520128824474 -0.46602666666666676
2 0.3694162640901772 1.5576133333333333 -0.45050724637681155 -1.6313866666666665
2 0.2628985507246377 0.9744933333333331 -0.24262479871175527 -0.8893066666666665
0 0.3372584541062802 1.1847866666666667 -0.40190821256038656 -1.3017333333333332
4 0.32095813204508855 1.2155066666666665 -0.39999999999999997 -1.4229066666666668
8 0.30872785829307575 1.1031733333333333 -0.33896940418679555 -1.1948800000000002
8 0.23953301127214172 0.8753866666666665 -0.19388083735909822 -0.71712
