2 0.13497584541062801 0.7522533333333333 0.03497584541062804 -0.05544000000000005
2 0.27117954911433173 0.9885466666666666 -0.25137681159420294 -0.8662666666666667
2 0.1721779388083736 0.8032266666666665 -0.04424315619967793 -0.29594666666666664
2 0.20758856682769725 0.84036 -0.11417874396135268 -0.4678133333333334
2 0.22317230273752015 0.8791066666666667 -0.1508695652173913 -0.6004
2 0.33599436392914656 1.1806133333333333 -0.38971819645732697 -1.3059733333333332
8 0.4013244766505636 1.9276 -0.5850966183574878 -2.7581333333333333
8 0.32299919484702094 1.1386666666666667 -0.37345410628019327 -1.2430933333333336
8 0.08311191626409017 0.44205333333333324 0.14915458937198067 0.3273066666666666
8 0.3515016103059581 1.2226266666666668 -0.436256038647343 -1.4782133333333332
