2 0.24519726247987114 0.9836666666666667 -0.20272946859903382 -0.8287199999999999
2 0.33174718196457326 1.2184933333333332 -0.368743961352657 -1.2629066666666666
2 0.1993719806763285 0.94316 -0.1107085346215781 -0.63496
2 0.1292109500805153 0.87664 0.04130434782608694 -0.29029333333333335
2 0.3927012882447665 1.7367333333333335 -0.49353462157809985 -2.04488
2 0.07820048309178744 0.8327333333333332 0.1502657004830918 -0.07933333333333333
2 0.06760466988727859 0.8017199999999999 0.13520933977455718 0.18712000000000004
2 0.07931561996779389 0.72608 0.15863123993558778 0.5425066666666667
8 0.27937198067632846 1.0295466666666666 -0.2718679549114331 -1.0031999999999999
8 0.3162721417069243 1.1253733333333333 -0.3473590982286634 -1.2004533333333334
