2 0.4277133655394525 2.1533333333333333 -0.5899838969404186 -2.312
2 0.25553542673107893 1.19404 -0.2258856682769726 -0.9185866666666667
2 0.40179146537842186 1.8883866666666667 -0.5053864734299517 -1.83272
2 0.38884863123993557 1.6183333333333332 -0.5027053140096619 -1.7444000000000002
2 0.5130595813204508 1.9411333333333332 -0.7989049919484701 -2.7364
3 0.46989533011272133 1.8984666666666665 -0.7270209339774557 -2.6468533333333335
3 0.43318840579710144 1.7307733333333333 -0.6344927536231884 -2.299466666666667
2 0.30225442834138483 1.1410799999999999 -0.3303381642512077 -1.1481333333333332
2 0.4219927536231884 1.55732 -0.585950080515298 -2.062853333333333
2 0.3736916264090177 1.34328 -0.4795571658615136 -1.6034666666666666
2 0.32150161030595814 1.1637866666666667 -0.3710225442834139 -1.26096
4 0.34800724637681163 1.27148 -0.46780193236714973 -1.5517599999999998
8 0.11834138486312401 0.58928 0.05689210950080515 -0.011573333333333342
8 0.2189814814814815 0.7976000000000001 -0.14271336553945252 -0.53376
8 0.2374355877616747 0.8364933333333333 -0.1863204508856683 -0.64488
8 0.32801932367149755 1.1698533333333332 -0.3993558776167472 -1.34488
8 0.39091787439613523 1.4226133333333333 -0.5285185185185186 -1.8782399999999997
