2 0.30334541062801934 1.1276266666666666 -0.31917069243156204 -1.0871466666666667
2 0.14743558776167473 0.8445866666666667 0.005144927536231896 -0.23018666666666665
2 0.24037842190016104 1.0821066666666666 -0.1747020933977456 -0.6799466666666666
2 0.2619645732689211 1.0691733333333333 -0.23212560386473427 -0.8245866666666664
2 0.21199677938808376 0.9367999999999999 -0.14555555555555555 -0.6745599999999999
2 0.42706924315619965 2.1533333333333333 -0.51743961352657 -2.312
4 0.29912640901771337 1.6204266666666665 -0.5155152979066022 -1.7190933333333336
0 0.4404307568438003 1.7666933333333332 -0.6194766505636071 -1.84464
2 0.3320008051529791 1.2229066666666668 -0.3785909822866345 -1.2838933333333333
2 0.32716183574879226 1.17196 -0.3662882447665056 -1.2357066666666665
4 0.30702495974235106 1.1539333333333333 -0.38601449275362315 -1.24152
2 0.17054750402576488 0.7086933333333333 -0.05470209339774557 -0.2932266666666667
2 0.3008132045088567 1.0826533333333332 -0.31637681159420294 -1.0557066666666668
2 0.07035024154589371 0.4802266666666666 0.14070048309178743 0.29058666666666666
8 0.2726610305958132 0.9906666666666666 -0.2836151368760064 -0.9865600000000001
