2 0.09231078904991948 1.0166133333333334 0.11813204508856683 -0.03855999999999994
2 0.40135668276972625 2.068133333333333 -0.5094444444444445 -2.1415999999999995
2 0.21061996779388087 1.0142266666666668 -0.15128824476650565 -0.5978933333333333
2 0.26837761674718197 1.0837866666666665 -0.2564492753623188 -0.9187199999999999
2 0.3732085346215781 1.503453333333333 -0.4642753623188406 -1.6079733333333333
2 0.37248389694041867 1.3988666666666665 -0.45604669887278587 -1.522533333333333
2 0.3282407407407407 1.2286266666666668 -0.3748389694041869 -1.3252533333333334
4 0.3806521739130435 1.37392 -0.5373107890499195 -1.7971199999999998
8 0.3494041867954911 1.31984 -0.4421256038647343 -1.61152
8 0.4164975845410628 1.5851199999999999 -0.5897423510466989 -2.18656
