2 0.06795491143317231 0.8124133333333332 0.13590982286634462 0.09336000000000012
2 0.4235466988727858 1.6867466666666666 -0.6148389694041868 -2.208213333333333
2 0.46224235104669886 1.7600266666666666 -0.6664331723027376 -2.392
2 0.12925523349436394 0.8804533333333332 0.030861513687600633 -0.3518933333333333
2 0.16105877616747183 0.86912 -0.04057165861513686 -0.4269866666666667
2 0.16871980676328505 0.92028 -0.07616747181964575 -0.59128
2 0.21578099838969403 0.95568 -0.16711755233494363 -0.7576533333333333
2 0.22458937198067633 0.95912 -0.1754428341384863 -0.8013333333333333
2 0.3296658615136876 1.2375066666666668 -0.39867149758454107 -1.45736
8 0.2630152979066023 1.0101066666666667 -0.2659983896940419 -1.0143466666666667
8 0.31123993558776164 1.0864933333333333 -0.3691626409017713 -1.18376
8 0.3934380032206119 1.3670666666666667 -0.5301932367149759 -1.7837866666666669
