0 0.36889741518578356 1.6214171122994654 -0.4775525040387722 -1.2481818181818183
0 0.39762924071082395 1.7169786096256683 -0.5489579967689823 -1.4393048128342243
0 0.15319870759289178 0.9091577540106951 -0.04893376413570274 0.1583155080213903
0 0.39991518578352186 1.4828208556149733 -0.5262116316639742 -1.6059625668449198
0 0.436029886914378 1.5602807486631016 -0.6083602584814216 -1.8891711229946524
0 0.47665993537964463 1.8506283422459893 -0.693691437802908 -2.0631818181818184
2 0.2885016155088853 1.0912433155080212 -0.3052100161550889 -1.024625668449198
3 0.3196042003231018 1.1297994652406418 -0.3626332794830372 -1.1927540106951873
8 0.23532714054927306 0.9290641711229946 -0.18866720516962843 -0.5022994652406416
8 0.27393376413570275 0.9929812834224598 -0.2608400646203554 -0.7912032085561499
8 0.5038327948303715 1.8196122994652408 -0.7372455573505654 -2.392486631016043
8 0.3654038772213247 1.291590909090909 -0.44042003231017773 -1.4328609625668447
