1 0.04006038647342995 0.7013066666666666 0.0801207729468599 0.5920533333333333
0 0.27831320450885666 1.0336533333333333 -0.27276167471819646 -0.7906133333333334
0 0.2674074074074074 1.00488 -0.2579710144927536 -0.7362666666666667
0 0.4401046698872786 1.66132 -0.6167632850241546 -1.9255199999999997
0 0.3276811594202898 1.175093333333333 -0.3839613526570048 -1.1905066666666666
0 0.3360064412238325 1.2050266666666667 -0.40146537842190017 -1.2501066666666665
8 0.25085346215780996 0.9212133333333332 -0.22658615136876004 -0.6865866666666667
8 0.30788647342995173 1.0545466666666667 -0.3305877616747182 -1.0865866666666668
8 0.3670169082125604 1.2698399999999999 -0.4622624798711755 -1.47824
8 0.3510829307568438 1.2420666666666667 -0.41528985507246385 -1.38376
