2 0.08989130434782608 1.0986799999999999 0.10277777777777779 -0.2026933333333333
2 0.38456521739130434 2.1533333333333333 -0.5376006441223833 -2.312
2 0.20850241545893722 1.0857866666666667 -0.12877616747181964 -0.6162133333333334
2 0.33509259259259255 1.25844 -0.3914895330112721 -1.34152
2 0.36248389694041866 1.68988 -0.4401529790660225 -1.6785866666666667
0 0.21707326892109502 0.88064 -0.16960547504025766 -0.3792
0 0.22666264090177132 0.8779733333333334 -0.18754428341384863 -0.46485333333333323
2 0.2880877616747182 1.0431333333333332 -0.3008454106280193 -1.0043466666666667
2 0.3279911433172303 1.1838799999999998 -0.3810708534621578 -1.2822666666666667
0 0.23027777777777778 0.8876666666666666 -0.19316425120772945 -0.4711199999999999
2 0.3224436392914654 1.1358133333333333 -0.3757729468599034 -1.2444266666666666
8 0.3166908212560387 1.09344 -0.3599355877616747 -1.2031999999999998
