3 0.42495961227786755 2.1524064171122994 -0.6850888529886915 -2.3101604278074865
6 0.21004442649434577 1.055735294117647 -0.19963651050080777 -1.0472459893048127
5 0.2010864297253635 1.0440641711229945 -0.06616316639741517 -0.09347593582887695
5 0.169640549273021 0.9483556149732619 -0.001122778675282726 0.09794117647058821
5 0.20040387722132474 0.9686229946524063 -0.067156704361874 -0.07981283422459899
5 0.21775040387722133 0.9752807486631015 -0.11000807754442653 -0.22639037433155068
5 0.22683360258481422 0.9750133689839571 -0.1410339256865913 -0.33933155080213906
0 0.06645395799676898 0.6761497326203209 0.11689822294022617 0.6423529411764706
0 0.08142972536348951 0.6667379679144385 0.09292407108239098 0.570855614973262
8 0.34442245557350565 1.3360294117647058 -0.4118820678513732 -1.4161764705882351
