2 0.07636876006441223 0.5148266666666667 0.15273752012882447 0.29968
3 0.14243961352657006 0.6380133333333333 -0.0023027375201288354 -0.13384000000000007
7 0.17805958132045088 0.6715866666666667 -0.06114331723027375 -0.22823999999999992
2 0.2177012882447665 0.8175733333333334 -0.13620772946859905 -0.50112
2 0.2002818035426731 0.77312 -0.09991948470209341 -0.4141333333333333
2 0.24420289855072463 0.8839466666666667 -0.1934621578099839 -0.68016
2 0.2323389694041868 0.8434666666666667 -0.16991143317230273 -0.59968
8 0.2655314009661836 0.9253733333333333 -0.23581320450885668 -0.7949066666666668
8 0.3368236714975846 1.1559466666666667 -0.38509661835748793 -1.256
8 0.34437198067632846 1.2004 -0.4018679549114332 -1.3004266666666666
8 0.3519162640901771 1.3767599999999998 -0.41864734299516904 -1.6976799999999999
