2 0.40001207729468596 2.1533333333333333 -0.5562238325281804 -2.312
3 0.11190418679549113 1.1956799999999999 -0.030233494363929143 -0.3966933333333333
0 0.5296014492753623 2.0273333333333334 -0.8261755233494363 -2.474186666666667
0 0.37979468599033817 1.3806933333333333 -0.49261674718196463 -1.5334933333333332
2 0.09102657004830918 0.84796 0.12277777777777779 0.07858666666666674
2 0.34406199677938815 1.3121066666666668 -0.3989613526570049 -1.3562666666666667
2 0.33293478260869563 1.2521466666666667 -0.3875764895330113 -1.3061600000000002
0 0.31310789049919485 1.0797866666666667 -0.3523993558776168 -1.1136
0 0.31538244766505635 1.0917066666666666 -0.3550322061191626 -1.1348799999999997
2 0.28961352657004835 1.0167466666666665 -0.3013204508856683 -0.9959466666666666
