3 0.3575764895330113 1.2686266666666666 -0.450354267310789 -1.500293333333333
2 0.3357648953301127 1.193 -0.39450885668276975 -1.3310666666666666
3 0.2925925925925926 1.1681599999999999 -0.3559903381642512 -1.2206399999999997
2 0.0781159420289855 0.56796 0.156231884057971 0.3240266666666667
2 0.2663325281803543 1.1781066666666666 -0.2439855072463768 -0.9707199999999999
2 0.21028985507246378 0.8721733333333332 -0.12563607085346215 -0.5365066666666667
2 0.26080917874396137 0.9635733333333333 -0.23008856682769724 -0.8158399999999998
6 0.30337359098228667 1.1378 -0.3524959742351047 -1.2648266666666668
8 0.19466183574879228 0.7198266666666666 -0.08568438003220613 -0.3393333333333333
8 0.378756038647343 1.8950799999999999 -0.5142592592592593 -2.8231733333333335
