2 0.11823268921095008 1.0810666666666666 0.055628019323671486 -0.16746666666666668
2 0.37593397745571655 1.8267333333333333 -0.4605475040257649 -1.79656
2 0.23199275362318839 1.0022666666666666 -0.16841384863123995 -0.6606400000000001
2 0.34481078904991946 1.3619866666666667 -0.4047745571658615 -1.3993333333333333
2 0.33073268921095006 1.22328 -0.3796457326892109 -1.2871466666666669
2 0.2421900161030596 0.9671733333333333 -0.20381642512077297 -0.7935466666666667
7 0.31327294685990337 1.1979466666666667 -0.3950644122383252 -1.2792000000000001
2 0.28981884057971014 1.00676 -0.30044283413848627 -1.0017333333333331
8 0.2982850241545894 1.0415466666666666 -0.322109500805153 -1.07968
8 0.31753220611916266 1.1045466666666666 -0.35994363929146533 -1.1976799999999999
