2 0.11298711755233495 0.8727199999999999 0.033413848631239945 -0.26906666666666673
2 0.16413848631239936 0.9076533333333333 -0.055314009661835764 -0.5079466666666667
2 0.3935789049919485 1.4850533333333333 -0.5489774557165862 -1.9033866666666666
2 0.42282608695652174 1.54828 -0.590048309178744 -2.054906666666666
2 0.20095813204508856 0.9316133333333334 -0.12006441223832526 -0.6574666666666666
2 0.2131682769726248 0.9188666666666666 -0.14907407407407405 -0.6727199999999999
2 0.21459339774557165 0.9520266666666666 -0.1635024154589372 -0.7638400000000001
8 0.2563083735909823 1.0212266666666665 -0.252584541062802 -0.9976533333333333
8 0.3108212560386473 1.08232 -0.3683252818035427 -1.1921066666666664
8 0.32214170692431565 1.18232 -0.3892914653784219 -1.3754666666666664
8 0.36995169082125606 1.33512 -0.48826086956521747 -1.7088
