2 0.4820048309178744 2.1533333333333333 -0.617037037037037 -2.312
2 0.4048953301127214 1.9967066666666666 -0.5015458937198068 -2.0316000000000005
2 0.3559581320450886 1.5135333333333334 -0.4356521739130434 -1.5629066666666667
2 0.25455314009661834 1.0274533333333333 -0.24099033816425122 -0.8014666666666668
5 0.3526368760064412 1.3505333333333334 -0.4201368760064412 -1.2690133333333333
2 0.18976247987117553 1.03696 -0.06865539452495972 -0.36960000000000004
2 0.08616747181964574 0.9167333333333333 0.17233494363929147 0.16119999999999995
2 0.34169484702093395 1.26644 -0.3924557165861514 -1.34568
2 0.35009259259259257 1.33144 -0.4123590982286634 -1.4149333333333334
2 0.28722624798711754 1.0257466666666668 -0.29203703703703704 -0.97496
8 0.30117552334943637 1.1878799999999998 -0.33057971014492754 -1.2809866666666667
