1 0.4639910130718954 1.8119594594594597 -0.7038480392156863 -2.342027027027027
0 0.45416666666666666 1.6245405405405406 -0.668202614379085 -2.106810810810811
0 0.14902369281045752 0.9587162162162163 -0.07469771241830066 0.07716216216216219
0 0.08866013071895425 0.7677837837837838 0.032189542483660134 0.4590270270270271
0 0.1210171568627451 0.906891891891892 -0.060955882352941186 0.18081081081081077
0 0.372156862745098 1.3855810810810811 -0.4900490196078431 -1.451
1 0.440890522875817 1.6854729729729732 -0.6387745098039216 -2.146081081081081
0 0.48732434640522876 1.8194864864864866 -0.7442401960784314 -2.2815675675675675
0 0.492079248366013 1.865783783783784 -0.7729003267973856 -2.3260000000000005
0 0.4962254901960784 1.8258918918918918 -0.7482843137254901 -2.2797297297297296
3 0.3071037581699346 1.0702027027027028 -0.35515522875816996 -1.1682972972972974
8 0.2949346405228758 1.011864864864865 -0.3245098039215687 -1.0735135135135137
