2 0.09368760064412238 0.7560133333333333 0.18737520128824475 0.48264
2 0.3786111111111111 1.862706666666667 -0.4575442834138486 -1.7594933333333334
2 0.1756280193236715 0.9800666666666665 -0.05946859903381643 -0.38216
2 0.2521135265700483 0.9830399999999999 -0.2111513687600644 -0.7420799999999999
1 0.2940136876006441 1.0283866666666666 -0.3069806763285024 -0.9726133333333333
1 0.2994122383252818 1.04264 -0.31811594202898547 -1.0121066666666665
2 0.27433172302737524 0.99552 -0.254573268921095 -0.8749866666666667
2 0.3259983896940419 1.1323466666666666 -0.368341384863124 -1.2301866666666665
2 0.33645330112721417 1.2755333333333332 -0.39198872785829303 -1.3322933333333333
8 0.31753220611916266 1.1059333333333334 -0.35994363929146533 -1.1949066666666666
