2 0.31572463768115944 1.2227733333333333 -0.34782608695652173 -1.1625599999999998
2 0.5219605475040258 2.1533333333333333 -0.7640821256038648 -2.312
2 0.38556763285024154 1.6958533333333334 -0.4904106280193236 -1.8959733333333333
2 0.07111916264090178 0.4970666666666666 0.14223832528180355 0.568
2 0.15729468599033816 0.8958666666666666 -0.013236714975845432 -0.3357333333333333
2 0.2831481481481481 1.0430133333333333 -0.29061191626409016 -0.9944000000000001
2 0.15885265700483092 0.7862266666666666 -0.022069243156199674 -0.27421333333333336
2 0.2402536231884058 0.9372133333333335 -0.18714170692431562 -0.7274933333333333
2 0.334158615136876 1.20024 -0.3916988727858293 -1.34864
2 0.34961352657004835 1.21156 -0.4232689210950081 -1.4190666666666665
2 0.08648550724637681 0.6017600000000001 0.12868760064412238 0.11557333333333333
