2 0.08595813204508856 0.82536 0.17191626409017713 0.3439466666666666
2 0.17664653784219003 1.10228 -0.04192431561996779 -0.31432
3 0.22573268921095008 1.0571599999999999 -0.22499194847020934 -0.7517599999999999
2 0.37502415458937194 2.1120266666666665 -0.506779388083736 -2.3946133333333335
2 0.352938808373591 1.6660933333333332 -0.43504025764895327 -1.9330933333333336
2 0.1452657004830918 0.8890799999999999 0.030595813204508857 -0.11037333333333345
2 0.32765700483091786 1.3678666666666668 -0.38834138486312403 -1.5206933333333332
3 0.26979066022544285 1.0535066666666666 -0.27547504025764896 -0.9337866666666665
2 0.32541062801932363 1.16652 -0.367890499194847 -1.2296799999999999
0 0.29952495974235105 1.02724 -0.32330112721417065 -1.03768
0 0.30187198067632853 1.0324399999999998 -0.32743156199677936 -1.0493599999999998
