2 0.07194847020933977 0.6171599999999999 0.14389694041867954 0.7603466666666666
2 0.45041062801932363 1.8689066666666667 -0.6593880837359098 -2.4461866666666663
2 0.4972584541062801 1.95 -0.7202173913043477 -2.6563199999999996
2 0.07701288244766506 0.8547466666666665 0.15402576489533013 -0.043946666666666565
2 0.11838566827697262 0.8455866666666667 0.06422705314009661 -0.18978666666666671
2 0.1364009661835749 0.9143999999999999 0.001384863123993558 -0.43466666666666665
2 0.20200885668276974 0.9572266666666666 -0.12723832528180357 -0.6676266666666666
2 0.21438003220611915 0.9640133333333333 -0.13599033816425118 -0.7095200000000002
2 0.17225845410628018 0.9081866666666666 -0.05741545893719807 -0.5220266666666666
2 0.33752415458937196 1.2806133333333334 -0.39828502415458933 -1.4731733333333334
8 0.2651127214170692 1.03372 -0.2500644122383253 -0.9782133333333332
8 0.31921095008051525 1.09484 -0.36161030595813204 -1.1782133333333333
8 0.4374677938808374 1.5517733333333332 -0.6048389694041868 -2.0643466666666668
