2 0.4079186795491143 2.1533333333333333 -0.5222463768115942 -2.312
2 0.3673510466988728 1.54324 -0.4508051529790661 -1.5939466666666666
2 0.18419082125603864 0.8996799999999999 -0.05615942028985507 -0.32816
2 0.2653462157809984 0.9689733333333334 -0.23024154589371984 -0.7905333333333333
2 0.32897745571658615 1.1723333333333332 -0.3771014492753623 -1.2684
2 0.2722584541062802 0.9801733333333333 -0.24572463768115943 -0.8429066666666667
2 0.17925925925925926 0.7087733333333333 -0.04487922705314008 -0.2369066666666666
2 0.19807165861513687 0.7612800000000001 -0.08144122383252816 -0.3386666666666667
8 0.28188808373590984 1.11428 -0.28026570048309174 -1.1671200000000002
8 0.3355636070853462 1.1781733333333333 -0.40774557165861514 -1.3949066666666667
8 0.38127616747181964 1.3517866666666665 -0.504194847020934 -1.7532266666666667
