0 0.5194345718901454 2.122553475935829 -0.8246526655896608 -2.3726470588235293
1 0.1681583198707593 1.0184759358288769 -0.07922455573505659 -0.05588235294117656
0 0.39393376413570275 1.5366844919786096 -0.5548303715670436 -1.6670588235294117
0 0.298610662358643 1.1458823529411766 -0.3418255250403877 -0.9806417112299466
0 0.24730613893376416 0.9670187165775399 -0.23656704361873993 -0.6342513368983956
0 0.2771647819063005 1.0523395721925133 -0.29919224555735063 -0.8560695187165773
0 0.35142164781906304 1.3145454545454545 -0.4700646203554119 -1.4102673796791445
1 0.28581179321486266 1.0546791443850267 -0.307843295638126 -0.9345454545454546
8 0.25463247172859454 1.0138101604278076 -0.22391760904684976 -0.788422459893048
8 0.3288974151857835 1.1999197860962565 -0.3976171243941842 -1.29951871657754
