2 0.12786231884057972 0.6852266666666665 0.06414653784219 0.03797333333333328
2 0.26969404186795487 0.9859866666666667 -0.2614814814814815 -0.8776799999999998
3 0.2379106280193237 0.9017733333333332 -0.21479066022544283 -0.7378399999999999
2 0.22075281803542673 0.8768 -0.1456119162640902 -0.5481066666666666
2 0.1905314009661836 0.7867066666666666 -0.07884057971014494 -0.35490666666666665
1 0.16992351046698875 0.7324933333333333 -0.052697262479871186 -0.11639999999999993
0 0.2598389694041868 0.9020799999999999 -0.23376811594202895 -0.73216
2 0.49911030595813205 1.9958666666666667 -0.7643075684380032 -2.626933333333333
2 0.18503220611916263 0.72688 -0.07338164251207728 -0.3640533333333333
2 0.45005636070853466 1.5650533333333332 -0.6453623188405797 -2.183866666666667
8 0.2814694041867955 1.01012 -0.2827777777777778 -0.9698933333333333
8 0.4609500805152979 1.5809466666666667 -0.6752818035426732 -2.2504266666666664
