2 0.24213643790849673 1.019945945945946 -0.2057271241830065 -0.7632972972972976
1 0.41966503267973865 1.5594864864864866 -0.6056535947712419 -2.029081081081081
1 0.39408905228758173 1.4464864864864866 -0.5475735294117647 -1.821783783783784
0 0.281609477124183 1.0397432432432432 -0.2995424836601307 -0.9252702702702704
1 0.3426266339869281 1.2319594594594594 -0.4259885620915034 -1.4164054054054056
0 0.2345874183006536 0.8818648648648648 -0.2070016339869281 -0.5880540540540541
0 0.17535539215686274 0.6837702702702704 -0.06293300653594772 -0.1711621621621622
0 0.17258169934640524 0.6730810810810812 -0.05331699346405228 -0.1455675675675676
1 0.18980392156862746 0.7944324324324324 -0.10112745098039214 -0.3516756756756757
0 0.2131576797385621 0.7930675675675676 -0.1472630718954248 -0.4213783783783784
0 0.2087745098039216 0.7943378378378378 -0.14209150326797385 -0.385972972972973
0 0.24074754901960785 0.8906891891891893 -0.21773692810457515 -0.6073243243243245
2 0.4873406862745098 1.8160135135135138 -0.7370996732026144 -2.6619729729729733
8 0.4536356209150327 1.684081081081081 -0.6570261437908498 -2.351297297297297
8 0.32012663398692814 1.1146486486486487 -0.3732107843137255 -1.279081081081081
