0 0.29089256865912766 1.124331550802139 -0.3257592891760905 -0.9319251336898394
0 0.41646203554119554 1.906831550802139 -0.6059127625201939 -1.8190106951871656
0 0.281486268174475 1.1598663101604276 -0.3093537964458805 -0.8476470588235293
2 0.19254038772213247 1.1108957219251336 -0.17160743134087236 -0.6965508021390374
3 0.25809773828756055 1.1082620320855614 -0.27362681744749595 -0.9226737967914438
5 0.5071445880452343 2.018168449197861 -0.7110420032310178 -2.2614705882352943
5 0.4711187399030695 1.851697860962567 -0.6412681744749598 -2.0247860962566846
8 0.30876009693053313 1.111042780748663 -0.3556623586429725 -1.2050802139037433
8 0.33517770597738294 1.203970588235294 -0.41882067851373184 -1.3995454545454546
8 0.3306421647819063 1.1588770053475934 -0.39916801292407106 -1.374331550802139
