2 0.07309178743961353 0.7185199999999999 0.14618357487922706 0.5576266666666667
2 0.07051127214170692 0.7876533333333333 0.14102254428341385 0.2865066666666666
2 0.0689573268921095 0.8684133333333333 0.137914653784219 -0.12173333333333342
2 0.1100684380032206 0.8105066666666666 0.05889694041867955 -0.17381333333333318
2 0.15373590982286633 0.8998666666666666 -0.010289855072463768 -0.3893333333333333
2 0.16140499194847022 0.9004133333333332 -0.041666666666666664 -0.5007733333333334
2 0.19669484702093396 0.9187066666666666 -0.12023349436392913 -0.62456
2 0.20034219001610304 0.9403066666666666 -0.14361513687600644 -0.6837599999999999
1 0.29096618357487924 1.0223466666666665 -0.30088566827697266 -0.9477866666666668
2 0.3873470209339775 1.8643866666666666 -0.46316425120772947 -1.7795466666666664
2 0.4078381642512077 1.8478666666666668 -0.5369967793880838 -2.226933333333333
2 0.3979951690821257 1.6828933333333334 -0.5076650563607085 -1.9882933333333332
2 0.3852093397745572 1.5652000000000001 -0.4805152979066023 -1.8341333333333332
2 0.36563607085346217 1.4659733333333334 -0.445829307568438 -1.7074666666666665
2 0.3580112721417069 1.4153333333333333 -0.42774557165861515 -1.6489066666666663
2 0.35547906602254425 1.3841333333333332 -0.4366586151368759 -1.6066666666666667
2 0.2411231884057971 0.96832 -0.20356682769726248 -0.8443199999999998
2 0.25223027375201285 0.9841733333333333 -0.22104669887278586 -0.8738399999999998
2 0.32729066022544284 1.1651733333333332 -0.3685748792270531 -1.2439466666666665
3 0.3143599033816425 1.0836666666666666 -0.36116747181964576 -1.1902133333333331
8 0.29446859903381645 1.0462266666666666 -0.31549114331723027 -1.1310133333333332
