2 0.40601449275362317 2.12168 -0.5199838969404186 -2.248693333333333
2 0.1012842190016103 0.8598133333333333 0.12190821256038648 0.08224000000000008
2 0.25674718196457325 0.9593333333333333 -0.20990338164251213 -0.7321066666666666
2 0.33164653784219006 1.19512 -0.3798953301127215 -1.2821333333333336
2 0.2654186795491143 0.9716266666666666 -0.22956521739130434 -0.7969599999999999
2 0.1269524959742351 0.5612666666666667 0.07311594202898553 0.11640000000000002
2 0.14516908212560387 0.6105333333333333 0.03351046698872786 0.0032533333333333303
2 0.15904589371980676 0.66496 -0.0012640901771336498 -0.11696000000000004
2 0.18022544283413847 0.7232266666666667 -0.0425925925925926 -0.23018666666666665
8 0.2755958132045089 1.0615066666666666 -0.26600644122383255 -1.02824
8 0.31040257648953307 1.1226133333333332 -0.34568438003220614 -1.2060266666666666
8 0.34017713365539454 1.2462133333333332 -0.41697262479871183 -1.5143466666666665
