2 0.30529790660225437 1.1450266666666666 -0.32669887278582926 -1.10968
2 0.08279790660225442 0.9716666666666667 0.16559581320450883 0.051333333333333335
2 0.07890096618357488 0.7613599999999999 0.15780193236714976 0.34335999999999994
2 0.1813486312399356 0.8944533333333333 -0.0688486312399356 -0.43173333333333336
2 0.1985305958132045 0.9260133333333332 -0.11425925925925923 -0.5656266666666667
2 0.22938003220611916 0.9452933333333333 -0.16832528180354267 -0.7142133333333333
2 0.28125603864734305 1.05532 -0.2705314009661836 -0.9353866666666666
2 0.2509621578099839 0.9839066666666666 -0.22179549114331726 -0.8678133333333332
2 0.34792270531400965 1.3563066666666665 -0.40544283413848625 -1.4088799999999997
4 0.31227455716586155 1.2925866666666666 -0.44061996779388085 -1.42496
0 0.37747987117552334 1.3613866666666667 -0.49227053140096616 -1.53424
2 0.07498389694041868 0.4635066666666666 0.14996779388083736 0.38567999999999997
2 0.30846618357487926 1.11212 -0.33796296296296297 -1.1276533333333334
2 0.16812399355877616 0.7016133333333333 -0.050676328502415456 -0.27325333333333324
8 0.28230676328502413 1.0059466666666668 -0.29786634460547506 -1.0282133333333332
