0 0.11220920840064623 0.6927673796791444 0.03257673667205171 0.3797058823529412
0 0.2826777059773829 1.1126470588235293 -0.2702827140549273 -0.7600534759358288
0 0.4106017770597739 1.5008556149732617 -0.5474878836833602 -1.6696791443850265
0 0.24370759289176092 0.960735294117647 -0.20634894991922456 -0.4926470588235294
0 0.2777100161550889 1.0559893048128342 -0.276502423263328 -0.784385026737968
0 0.3805613893376414 1.3973529411764705 -0.5018497576736672 -1.5427807486631016
0 0.3129846526655897 1.1415106951871656 -0.3527544426494346 -1.061898395721925
0 0.3067164781906301 1.096657754010695 -0.33538772213247176 -1.0258823529411765
3 0.3329967689822294 2.1524064171122994 -0.6659935379644588 -2.3101604278074865
8 0.32260500807754444 1.2457620320855614 -0.3716074313408724 -1.3689572192513368
8 0.2923949919224556 1.0818582887700534 -0.30950726978998394 -0.9745187165775401
