2 0.30203703703703705 1.1367733333333334 -0.3085668276972625 -1.0509866666666667
2 0.07410225442834138 0.8957599999999999 0.14820450885668277 0.1950933333333334
2 0.21866344605475038 0.9700399999999999 -0.15697262479871177 -0.7242933333333333
2 0.2525 0.98912 -0.21841384863123992 -0.8604799999999998
7 0.2047061191626409 0.8765600000000001 -0.10214975845410629 -0.3840533333333334
7 0.16269726247987118 0.7716133333333334 -0.019855072463768112 -0.17544000000000004
2 0.37799919484702094 1.6849466666666666 -0.45053945249597416 -1.7174133333333332
3 0.3233695652173913 1.2375866666666666 -0.3977536231884058 -1.3264799999999999
2 0.30920692431561997 1.12392 -0.3301851851851852 -1.10272
8 0.2768558776167471 1.0337333333333332 -0.2769001610305958 -0.97264
