2 0.07434380032206118 0.8430799999999999 0.14868760064412237 0.29005333333333344
2 0.2705595813204509 1.0157466666666666 -0.24920289855072464 -0.8784266666666667
2 0.16134460547504026 0.8667066666666666 -0.024863123993558795 -0.27160000000000006
2 0.2297463768115942 0.91596 -0.15938003220611915 -0.6044
2 0.3232890499194847 1.1408266666666664 -0.3667552334943639 -1.2239999999999998
2 0.34952495974235104 1.3114666666666666 -0.43391304347826093 -1.5988266666666668
2 0.3455032206119163 1.2897866666666664 -0.4347906602254428 -1.55664
3 0.4132246376811594 1.5213733333333332 -0.5884621578099839 -2.0901066666666663
8 0.5003864734299517 1.8921199999999998 -0.7575201288244767 -2.695013333333333
8 0.3812721417069243 1.39204 -0.5125764895330113 -1.8448799999999999
8 0.3020169082125604 1.0378933333333333 -0.33058776167471815 -1.08656
8 0.26343397745571656 0.95732 -0.23161835748792267 -0.7921333333333331
8 0.2873389694041868 1.0017733333333332 -0.29116747181964575 -1.0032266666666665
8 0.31208132045088566 1.0837333333333332 -0.34735104669887273 -1.17264
8 0.33053140096618355 1.1767733333333332 -0.39768115942028986 -1.38656
