2 0.15646537842190014 0.7621066666666667 -0.00999999999999999 -0.2726400000000001
3 0.15651771336553943 0.7522666666666668 -0.039637681159420284 -0.33605333333333337
0 0.43349838969404186 1.6121466666666668 -0.6069967793880837 -1.8473866666666665
2 0.24553945249597423 0.9708533333333335 -0.2031078904991948 -0.7994133333333334
2 0.2670330112721417 0.9898933333333334 -0.2471417069243156 -0.89664
2 0.3091304347826087 1.09968 -0.3358776167471819 -1.1498133333333334
2 0.30124798711755235 1.1046799999999999 -0.3151207729468599 -1.1168799999999999
2 0.3681119162640902 1.2736933333333333 -0.45179549114331724 -1.5225333333333333
8 0.4169202898550725 1.8992533333333332 -0.577157809983897 -2.8148266666666664
8 0.3292753623188406 1.17956 -0.38173913043478264 -1.31432
8 0.376658615136876 1.3212133333333334 -0.4781964573268921 -1.6087733333333332
