2 0.07750402576489533 0.4168266666666667 0.15500805152979066 0.5177066666666666
3 0.1332648953301127 0.61932 0.018478260869565232 -0.07767999999999999
7 0.17196859903381642 0.6558933333333333 -0.046175523349436386 -0.18117333333333333
2 0.20691223832528183 0.7926533333333333 -0.1180595813204509 -0.45042666666666664
2 0.18927133655394526 0.7483733333333332 -0.07693236714975846 -0.3491733333333334
2 0.2380756843800322 0.8690666666666665 -0.1822061191626409 -0.6466666666666666
2 0.22635668276972623 0.8291733333333333 -0.1590740740740741 -0.5682666666666667
8 0.3338888888888889 1.1976133333333334 -0.38761674718196454 -1.3115466666666666
8 0.3531763285024155 1.3503866666666666 -0.42116747181964576 -1.6560266666666665
8 0.2609178743961353 0.9170533333333333 -0.22993558776167475 -0.7893066666666667
