2 0.2662037037037037 1.0733066666666666 -0.23311594202898547 -0.9048533333333332
2 0.3372383252818036 1.2275866666666666 -0.39067632850241546 -1.35016
3 0.21088566827697258 1.1630133333333332 -0.18766505636070852 -0.8593066666666667
2 0.20845813204508853 0.8715066666666667 -0.11946054750402575 -0.5120799999999999
3 0.28183977455716586 1.02256 -0.28910628019323675 -0.97232
2 0.3358816425120773 1.1970933333333333 -0.3843397745571659 -1.3103999999999998
8 0.3842069243156199 1.9034133333333332 -0.5150966183574879 -2.806506666666667
8 0.3548510466988728 1.2517733333333332 -0.43458132045088566 -1.5032266666666667
8 0.32256441223832527 1.1323333333333332 -0.35825281803542675 -1.2587466666666665
8 0.12379227053140096 0.5281733333333333 0.08289855072463767 0.15512000000000004
8 0.16908212560386474 0.6767733333333333 -0.0110305958132045 -0.17541333333333334
8 0.20640499194847023 0.724 -0.09239130434782611 -0.30879999999999996
