0 0.0709329563812601 0.6868048128342246 0.1418659127625202 0.6210427807486631
0 0.15187399030694668 0.888422459893048 -0.04332794830371568 0.18770053475935825
0 0.12708400646203555 0.7783422459893048 0.017689822294022623 0.3870588235294118
2 0.15737479806138935 0.945975935828877 -0.020355411954765767 -0.2549465240641712
1 0.23680936995153476 0.981283422459893 -0.2125525040387722 -0.5563636363636364
0 0.3289418416801293 1.2163770053475935 -0.405702746365105 -1.216229946524064
0 0.2724596122778675 0.985922459893048 -0.27238287560581587 -0.8173529411764707
0 0.2760864297253635 1.0003208556149732 -0.28359450726979 -0.8496256684491977
0 0.22368336025848146 0.8450534759358289 -0.17849757673667208 -0.5117112299465241
8 0.06588449111470113 0.7070989304812834 0.13176898222940225 0.5751069518716577
