0 0.46926328502415454 1.936173333333333 -0.7581239935587761 -2.1469599999999995
0 0.4968719806763285 2.046453333333333 -0.8173832528180355 -2.3553066666666664
2 0.5730595813204509 2.1533333333333333 -0.8007407407407408 -2.312
2 0.08405797101449276 0.4593333333333333 0.16811594202898553 0.41439999999999994
2 0.4042270531400966 1.5410533333333332 -0.5378260869565218 -1.9688266666666665
4 0.3309702093397746 1.4750533333333333 -0.48591787439613526 -1.9258933333333335
2 0.45105877616747175 1.7697066666666665 -0.6436634460547503 -2.4337066666666667
2 0.18973027375201287 0.7645866666666667 -0.07786634460547505 -0.3493866666666667
3 0.13892512077294686 0.7498133333333333 0.01566022544283415 -0.21317333333333324
8 0.11289049919484703 0.49761333333333335 0.09128824476650564 0.22178666666666663
8 0.2072463768115942 0.8170666666666666 -0.11755233494363927 -0.51712
