2 0.0725684380032206 0.6732133333333332 0.1451368760064412 0.64824
2 0.370426731078905 1.5997733333333333 -0.43249597423510466 -1.5868533333333334
2 0.07266505636070854 0.8208533333333334 0.14533011272141708 0.056480000000000016
3 0.10082125603864735 0.8553999999999999 0.07175523349436393 -0.14829333333333322
2 0.15965378421900162 0.8767733333333334 -0.04235104669887278 -0.40741333333333335
2 0.3881441223832528 1.5955733333333333 -0.47050724637681157 -1.8781866666666664
2 0.3527697262479871 1.390426666666667 -0.4301449275362319 -1.6209066666666667
2 0.19943236714975845 0.9260933333333332 -0.15338969404186795 -0.67848
3 0.3176489533011272 1.1766 -0.3850563607085346 -1.2713333333333332
2 0.23733896940418678 0.9579333333333334 -0.1946618357487923 -0.8166133333333333
2 0.2483574879227053 0.9794 -0.22571658615136878 -0.8776799999999999
3 0.3139935587761674 1.1272533333333334 -0.3737037037037037 -1.2240533333333332
3 0.2709863123993559 1.0087733333333333 -0.2804589371980677 -1.0047466666666665
8 0.300756843800322 1.0795466666666667 -0.32974235104669886 -1.1698666666666664
