2 0.30700080515297906 1.1622533333333334 -0.3291384863123994 -1.12024
2 0.07766908212560386 0.8216133333333333 0.15533816425120772 0.35144
2 0.16652173913043478 0.8618266666666666 -0.055362318840579704 -0.37543999999999994
2 0.23442431561996777 1.0805733333333334 -0.16762479871175523 -0.7046133333333333
2 0.2599154589371981 1.0520800000000001 -0.23413043478260867 -0.8096
2 0.22769726247987113 0.9381733333333333 -0.17276972624798712 -0.7139466666666667
3 0.40754428341384863 1.8566533333333333 -0.8150885668276973 -1.71864
0 0.45003220611916267 1.8768266666666664 -0.6071014492753622 -1.7589866666666663
2 0.37685587761674716 1.834853333333333 -0.4570772946859903 -1.79728
2 0.3582004830917874 1.4952533333333333 -0.41681964573268926 -1.52928
2 0.3434339774557166 1.3321599999999998 -0.41243961352657005 -1.4106666666666665
2 0.3290257648953301 1.1770266666666667 -0.37293075684380034 -1.2584266666666666
4 0.31041867954911434 1.1659866666666667 -0.39745571658615136 -1.2905866666666668
3 0.05296296296296296 0.48971999999999993 0.10592592592592592 0.5593866666666666
2 0.3064049919484702 1.1114533333333332 -0.33388888888888885 -1.1146933333333333
2 0.13651771336553944 0.63028 0.008752012882447669 -0.12050666666666665
8 0.2898550724637681 1.0434533333333333 -0.3062640901771337 -1.0310133333333333
