0 0.48390549273021 2.1524064171122994 -0.7641922455573505 -2.3101604278074865
0 0.34056946688206785 1.4470855614973261 -0.41409531502423275 -1.0850267379679144
0 0.05731825525040388 0.8474732620320856 0.11463651050080775 0.2997058823529411
1 0.1357633279483037 1.0517379679144385 0.001235864297253636 -0.10882352941176467
0 0.4324273021001616 1.6851604278074865 -0.6589418416801293 -1.8962566844919786
0 0.44575525040387726 1.7269518716577539 -0.6583602584814217 -1.9919786096256684
5 0.20136106623586428 0.9585561497326203 -0.0547092084006462 -0.07550802139037435
5 0.23892972536348953 0.9643850267379679 -0.15916801292407107 -0.5093582887700534
0 0.2691841680129241 1.0020053475935828 -0.2608400646203554 -0.7437433155080215
0 0.2635541195476575 0.9778074866310159 -0.2432956381260097 -0.6944919786096256
0 0.2962681744749596 1.0933422459893047 -0.3148626817447496 -0.9236363636363636
0 0.30177302100161557 1.0858689839572193 -0.329361873990307 -1.0003475935828874
0 0.30982229402261713 1.1313770053475936 -0.3433602584814217 -1.0189572192513365
0 0.27042810985460425 1.0034491978609623 -0.2652504038772213 -0.7680213903743315
8 0.2819063004846527 1.0041042780748664 -0.27342487883683364 -0.9300802139037433
8 0.3184087237479807 1.1818716577540107 -0.35985460420032317 -1.180053475935829
