2 0.3486473429951691 1.2023333333333333 -0.41818035426731076 -1.39192
4 0.028075684380032204 0.7110533333333333 0.05615136876006441 0.10050666666666666
2 0.34982286634460547 1.26048 -0.42492753623188406 -1.43616
2 0.30589774557165855 1.1508399999999999 -0.333341384863124 -1.1744266666666665
2 0.23436392914653784 0.8985066666666667 -0.17347826086956522 -0.6373333333333333
2 0.2780917874396135 0.9911199999999999 -0.26536231884057976 -0.9013333333333333
6 0.3027093397745572 1.1271466666666667 -0.35202093397745576 -1.2496
8 0.181243961352657 0.8003866666666666 -0.0940660225442834 -0.47266666666666657
8 0.2579871175523349 0.9337199999999999 -0.24755233494363926 -0.8337866666666667
8 0.2877616747181964 1.0142933333333333 -0.29871175523349436 -0.9893333333333333
8 0.3393357487922706 1.1656666666666666 -0.4052254428341385 -1.33656
8 0.36827294685990336 1.2642666666666666 -0.4647745571658615 -1.528213333333333
8 0.376658615136876 1.5753733333333333 -0.508389694041868 -2.1949066666666663
8 0.47731481481481486 1.8923333333333332 -0.7080112721417069 -2.8287733333333334
