2 0.07725040257648953 0.5754133333333333 0.15450080515297906 0.57776
2 0.1559259259259259 0.79176 -0.00644122383252818 -0.22240000000000001
6 0.3424315619967794 1.23296 -0.4380998389694042 -1.4609066666666664
2 0.20342190016103057 0.8615066666666666 -0.12148148148148145 -0.4840799999999999
2 0.22996376811594205 0.8887733333333333 -0.15997584541062798 -0.5870933333333334
2 0.2402576489533011 0.9247466666666666 -0.19204508856682773 -0.6908799999999999
2 0.2640579710144928 0.963 -0.23545893719806762 -0.81864
8 0.2751811594202898 1.03096 -0.27355072463768115 -0.9615466666666665
8 0.32004830917874394 1.1462266666666665 -0.3716747181964573 -1.31432
8 0.37121175523349437 1.3573466666666667 -0.47567632850241554 -1.7032266666666667
