2 0.12748389694041867 0.64204 0.020539452495974227 -0.17080000000000004
4 0.1235144927536232 0.5624 0.004307568438003239 -0.06880000000000003
2 0.33616747181964574 1.24568 -0.39996779388083736 -1.4436266666666664
0 0.40581723027375205 1.3974933333333335 -0.5490257648953301 -1.7808533333333334
2 0.37780193236714976 1.34568 -0.5000161030595813 -1.6815999999999998
2 0.39208937198067634 1.3825200000000002 -0.5213285024154589 -1.7680799999999999
2 0.40569645732689213 1.4445199999999998 -0.5470611916264091 -1.900453333333333
8 0.17495169082125606 0.83232 -0.08987117552334946 -0.6976533333333333
8 0.2684661835748792 0.9517733333333332 -0.2752254428341385 -0.8754399999999999
8 0.42069243156199676 1.9103599999999998 -0.6065217391304347 -2.792613333333333
