2 0.5366908212560387 2.1533333333333333 -0.7639291465378423 -2.312
2 0.09675925925925925 0.8601066666666666 0.10131239935587763 0.009173333333333327
2 0.27522141706924313 1.01788 -0.2596698872785829 -0.9058933333333331
2 0.1838123993558776 0.88296 -0.07454911433172301 -0.39178666666666667
2 0.23800724637681162 0.9274133333333332 -0.17644927536231886 -0.6496533333333332
2 0.3242632850241546 1.1407466666666668 -0.3667713365539452 -1.2237333333333333
2 0.34933574879227053 1.3025066666666667 -0.42981481481481476 -1.5762666666666667
2 0.34541062801932365 1.28196 -0.43186795491143326 -1.540773333333333
3 0.41051127214170696 1.5052 -0.5789613526570048 -2.0516266666666665
8 0.2609178743961353 0.95732 -0.23832528180354268 -0.7754399999999999
8 0.2911111111111111 1.0781733333333332 -0.310450885668277 -1.1448800000000001
8 0.379597423510467 1.3837333333333335 -0.5109017713365539 -1.79488
8 0.48276972624798703 1.8365466666666668 -0.72061191626409 -2.544986666666667
