2 0.40658615136876003 2.1533333333333333 -0.5143961352657005 -2.312
2 0.17323268921095009 0.9927866666666667 -0.01823671497584539 -0.27597333333333335
2 0.350426731078905 1.4095866666666668 -0.408341384863124 -1.4250399999999999
2 0.23441626409017713 0.9973866666666665 -0.17229468599033815 -0.6456533333333333
2 0.268731884057971 0.9993333333333333 -0.24152173913043481 -0.8224533333333335
1 0.30088164251207733 1.0392 -0.31424315619967796 -1.00496
1 0.3050684380032206 1.0506266666666666 -0.3250644122383253 -1.0428533333333332
2 0.2823993558776168 1.0074533333333333 -0.2673590982286634 -0.9088266666666668
2 0.3265418679549114 1.12864 -0.36619162640901776 -1.2220266666666666
2 0.3323993558776167 1.2197066666666665 -0.3823349436392915 -1.2893333333333332
8 0.31375603864734297 1.10316 -0.3540660225442834 -1.1448800000000001
