2 0.06912640901771337 0.6105066666666666 0.13825281803542674 0.5741866666666667
2 0.3381441223832528 1.3508933333333333 -0.4038888888888889 -1.5231199999999998
2 0.36977053140096616 1.7102133333333334 -0.46202093397745564 -1.9860266666666666
2 0.0806159420289855 0.75052 0.09015297906602256 -0.13298666666666667
2 0.12232286634460549 0.7956666666666666 0.0319243156199678 -0.29725333333333337
2 0.14635668276972624 0.8221733333333333 -0.027737520128824467 -0.4270666666666666
2 0.18162238325281804 0.8510133333333333 -0.0998792270531401 -0.56624
2 0.3330193236714976 1.30592 -0.3932689210950081 -1.47136
2 0.25263285024154586 0.9082133333333332 -0.23995169082125603 -0.8303466666666667
8 0.2328260869565217 0.86568 -0.21735909822866342 -0.7532266666666667
