2 0.17557165861513688 0.8461066666666667 -0.04510466988727857 -0.3886933333333334
2 0.20435587761674717 0.8855599999999999 -0.11259259259259262 -0.5413066666666666
2 0.2149557165861514 0.9018933333333332 -0.13620772946859905 -0.6095466666666667
2 0.2270088566827697 0.9277466666666667 -0.17016908212560386 -0.7150666666666666
2 0.2514251207729468 0.94736 -0.20624798711755235 -0.7628266666666668
2 0.2561755233494364 0.9611066666666666 -0.2184863123993559 -0.8306933333333333
8 0.1418236714975845 0.6128933333333333 -0.003486312399355888 0.06343999999999998
8 0.27601449275362316 1.1712133333333334 -0.2802576489533012 -1.27544
8 0.3640780998389694 1.3767733333333332 -0.47651368760064416 -1.7865600000000001
8 0.42236714975845413 1.5226133333333334 -0.6014814814814815 -1.9282133333333331
8 0.43285024154589374 1.8811866666666663 -0.6308373590982287 -2.85096
