2 0.08158212560386474 0.62344 0.16316425120772948 0.3996266666666667
2 0.5113969404186797 1.9900666666666667 -0.7797826086956523 -2.638533333333333
2 0.4502898550724638 1.8264666666666667 -0.643574879227053 -2.3078133333333333
2 0.2397101449275362 0.9183733333333333 -0.18578099838969403 -0.66336
2 0.3018075684380032 1.1875066666666667 -0.3376247987117552 -1.2670133333333333
2 0.1628743961352657 0.63816 -0.028840579710144924 -0.1309333333333334
2 0.22251610305958133 0.7976533333333333 -0.16309983896940417 -0.5441599999999999
3 0.3157085346215781 1.98984 -0.4239613526570048 -1.9850133333333335
2 0.28094202898550724 1.2240266666666666 -0.255780998389694 -1.0054933333333331
8 0.17914653784219 0.6684533333333333 -0.0764573268921095 -0.22543999999999997
8 0.1116304347826087 0.61844 0.2229549114331723 0.7301066666666667
8 0.19005233494363927 0.7420666666666665 -0.1016183574879227 -0.43933333333333324
