2 0.08882850241545893 0.8883066666666667 0.17765700483091787 0.21805333333333327
2 0.36822463768115943 1.6691333333333331 -0.43921900161030597 -1.6166666666666667
2 0.1972745571658615 0.9845733333333332 -0.10181159420289856 -0.47768
2 0.25756441223832527 0.9894133333333333 -0.22070048309178744 -0.7674666666666665
1 0.296682769726248 1.0335733333333335 -0.3101449275362319 -0.9853866666666666
1 0.301658615136876 1.0468533333333332 -0.3202898550724637 -1.0214933333333334
2 0.2771175523349436 1.0003466666666667 -0.25924315619967797 -0.8875733333333331
2 0.32678341384863124 1.13344 -0.3681078904991949 -1.2291199999999998
2 0.3355515297906602 1.2592666666666665 -0.3894283413848632 -1.3203466666666666
8 0.11037037037037035 0.5948266666666666 0.06444444444444444 0.02175999999999999
8 0.3154347826086956 1.0989866666666666 -0.35909822866344604 -1.1587733333333332
