2 0.4488043478260869 2.1533333333333333 -0.5965458937198067 -2.312
2 0.37821658615136877 1.6902933333333332 -0.4703301127214171 -1.7209066666666664
2 0.16070450885668278 0.8867733333333332 -0.0037922705314009496 -0.20026666666666657
2 0.2623671497584541 0.96596 -0.22265700483091785 -0.7684533333333332
2 0.3308132045088567 1.18348 -0.3769404186795492 -1.2695733333333334
2 0.26997987117552336 0.9778266666666666 -0.23912238325281804 -0.8236
2 0.15914251207729468 0.6430266666666666 0.004130434782608692 -0.07890666666666667
2 0.1721135265700483 0.69356 -0.028252818035426733 -0.19037333333333328
2 0.1915096618357488 0.7471333333333333 -0.06714170692431563 -0.2984799999999999
8 0.2810466988727858 1.1226133333333332 -0.2802576489533012 -1.1670933333333333
8 0.3347262479871176 1.224 -0.40607085346215777 -1.4754666666666665
8 0.3854669887278583 1.3462133333333333 -0.5092270531400966 -1.719893333333333
