2 0.3112520128824477 1.19184 -0.32508051529790666 -1.1076266666666668
3 0.3753180354267311 2.1533333333333333 -0.590072463768116 -2.312
3 0.06465378421900161 0.5560533333333333 0.12930756843800323 0.28453333333333336
2 0.11508051529790661 0.9383333333333334 0.04977455716586152 -0.08738666666666661
2 0.1656280193236715 0.9617199999999999 -0.033816425120772944 -0.4099466666666667
2 0.19780193236714977 1.0020533333333332 -0.09561996779388085 -0.6014400000000001
2 0.2439412238325282 1.0205733333333333 -0.19648148148148148 -0.7953333333333333
2 0.2710265700483092 1.03472 -0.25324476650563604 -0.9542933333333333
2 0.3670410628019324 1.4447466666666666 -0.43272946859903383 -1.53968
2 0.3505233494363929 1.3277866666666667 -0.41885668276972626 -1.4370666666666665
0 0.34567230273752014 1.22936 -0.4057407407407407 -1.2725866666666668
2 0.31221819645732685 1.1330533333333335 -0.3365136876006441 -1.1236
2 0.1413647342995169 0.6668933333333333 -0.0015700483091787578 -0.17906666666666676
3 0.37923510466988725 1.4211599999999998 -0.4964573268921094 -1.7870133333333333
8 0.28775764895330114 1.1351066666666665 -0.32052334943639293 -1.3087733333333331
