0 0.3532487922705314 1.2214 -0.423438003220612 -1.35288
3 0.07170692431561997 0.5018 0.14341384863123993 0.23592
7 0.13173107890499197 0.55316 0.032318840579710156 0.05501333333333332
2 0.11265297906602253 0.61024 0.08065217391304348 0.08613333333333337
2 0.0917512077294686 0.55784 0.12483896940418678 0.1686933333333333
2 0.19780998389694043 0.7810266666666666 -0.10394524959742353 -0.42173333333333324
2 0.18314814814814812 0.73164 -0.07537842190016102 -0.3308533333333332
2 0.2424838969404187 0.8750266666666666 -0.1944524959742351 -0.6819466666666666
8 0.2870088566827697 1.1891466666666666 -0.3002173913043478 -1.3237866666666664
8 0.3601046698872786 1.5166666666666666 -0.44014492753623197 -1.9057600000000001
