2 0.31404186795491146 1.1127200000000002 -0.3426731078904992 -1.1362666666666668
1 0.4023510466988728 2.03952 -0.6123027375201289 -2.0843733333333336
0 0.4117512077294686 1.6669066666666668 -0.5644524959742351 -1.53328
0 0.3831119162640902 1.4917999999999998 -0.4918760064412238 -1.3912266666666666
2 0.08525764895330112 0.5475333333333333 0.17051529790660225 0.5535733333333334
2 0.22690016103059582 0.8715733333333332 -0.14752012882447668 -0.5566399999999999
1 0.38397745571658615 1.7108933333333334 -0.5414009661835749 -1.7594933333333331
8 0.06920289855072465 0.3001466666666666 0.1384057971014493 0.4889333333333333
8 0.12455716586151368 0.5431999999999999 0.24911433172302735 0.8583999999999999
8 0.11959742351046698 0.5545466666666666 0.06611916264090176 0.16343999999999997
8 0.2705636070853462 1.01288 -0.25929146537842185 -0.9698666666666664
