2 0.3648872785829308 1.2556933333333333 -0.4543317230273752 -1.5097333333333336
2 0.34555555555555556 1.2027466666666666 -0.4151368760064412 -1.3871466666666667
2 0.07699677938808373 0.5955199999999999 0.15399355877616747 0.22597333333333336
2 0.24551529790660226 1.2016 -0.22479871175523344 -0.9141866666666666
2 0.23414653784219003 0.9025466666666666 -0.17491143317230273 -0.64904
2 0.27514090177133654 0.99328 -0.25975040257648957 -0.9068799999999999
6 0.303329307568438 1.13444 -0.35433977455716587 -1.2640799999999999
8 0.18417874396135267 0.7989999999999999 -0.09491143317230273 -0.46989333333333333
8 0.375402576489533 1.5184399999999998 -0.5092270531400966 -2.07544
8 0.47479066022544286 1.8936933333333332 -0.7096779388083736 -2.825946666666667
8 0.1539855072463768 0.6531733333333333 0.0007085346215780962 -0.12266666666666666
