0 0.49999194847020934 2.1533333333333333 -0.778035426731079 -2.312
1 0.19282608695652176 0.9649333333333333 -0.11436392914653784 -0.23935999999999996
1 0.23761272141706924 1.0014933333333333 -0.2161111111111111 -0.5617066666666666
0 0.28780998389694046 1.0397866666666664 -0.2896296296296296 -0.87984
0 0.2801489533011272 1.0173866666666667 -0.2804589371980677 -0.8404266666666667
0 0.31728663446054756 1.12268 -0.36170692431562 -1.13976
0 0.32257648953301127 1.1419733333333333 -0.370402576489533 -1.1700799999999998
8 0.3854669887278583 1.4323333333333332 -0.5025120772946859 -1.6032266666666668
8 0.3020169082125604 1.0670666666666666 -0.32387278582930756 -1.0837866666666667
8 0.3389170692431562 1.24204 -0.4043880837359098 -1.406
