3 0.3897940226171244 2.1524064171122994 -0.623642972536349 -2.3101604278074865
6 0.2037479806138934 1.0283155080213904 -0.18626817447495964 -0.9972727272727273
5 0.22258077544426497 1.0425267379679144 -0.12233441033925684 -0.27687165775401074
5 0.19629644588045234 0.9593716577540107 -0.06845718901453958 -0.11810160427807476
5 0.21960823909531504 0.9755213903743316 -0.11445072697899841 -0.2545187165775401
5 0.23212439418416803 0.981283422459893 -0.14389337641357028 -0.3549197860962567
5 0.23901857835218093 0.9828475935828878 -0.1676978998384491 -0.4416844919786096
0 0.11761712439418419 0.7174064171122995 0.018029079159935398 0.3754010695187165
0 0.12069063004846527 0.7208288770053475 0.016550888529886922 0.28401069518716576
8 0.3372899838449112 1.3402005347593582 -0.3925928917609047 -1.4078877005347592
