2 0.08493961352657005 1.0504 0.14582125603864735 -0.10613333333333336
0 0.39694444444444443 1.45192 -0.5402334943639292 -1.6564799999999997
2 0.3858856682769726 1.6031599999999997 -0.47726247987117554 -1.7095200000000002
2 0.3705072463768116 1.4375466666666668 -0.45536231884057976 -1.5886933333333333
2 0.25457729468599033 1.0567066666666667 -0.21226247987117552 -0.7833333333333333
2 0.27615539452495974 1.058 -0.2602818035426731 -0.8972266666666667
2 0.3605676328502415 1.34808 -0.4310386473429952 -1.4789866666666667
2 0.28723832528180354 1.0728266666666666 -0.28777777777777785 -0.9722133333333334
2 0.30465378421900163 1.11568 -0.32212560386473427 -1.1106133333333335
2 0.3383896940418679 1.218 -0.3937359098228663 -1.3723733333333334
8 0.20137278582930757 0.8545466666666668 -0.12425925925925925 -0.6421066666666667
8 0.36240338164251207 1.35316 -0.47651368760064405 -1.7504266666666666
