2 0.07777375201288245 1.02884 0.1555475040257649 -0.06301333333333332
2 0.22223832528180354 1.0638933333333331 -0.13871175523349438 -0.5533333333333333
3 0.24408212560386472 1.0497866666666666 -0.24578099838969403 -0.81488
2 0.08461352657004831 0.7678533333333333 0.16922705314009662 0.45896000000000003
2 0.35719001610305956 1.78636 -0.4504830917874396 -2.0358666666666663
2 0.3476046698872786 1.5357333333333332 -0.41097423510466996 -1.7378666666666667
2 0.1887962962962963 0.9127599999999999 -0.05975040257648952 -0.3214133333333334
2 0.32505233494363933 1.31696 -0.37826892109500804 -1.4517333333333333
3 0.2764210950080515 1.04988 -0.28298711755233485 -0.9523999999999999
7 0.5301851851851852 2.1533333333333333 -0.7484702093397745 -2.312
7 0.482512077294686 2.1181066666666664 -0.6719323671497585 -2.3824533333333333
2 0.32441223832528177 1.1554666666666664 -0.3621095008051529 -1.20928
