2 0.5120974235104669 2.0326 -0.7692995169082126 -2.5534666666666666
2 0.4588486312399356 1.90952 -0.6648148148148149 -2.4767466666666667
2 0.41010869565217395 2.1533333333333333 -0.5050644122383252 -2.312
2 0.07638083735909823 0.8457466666666665 0.15276167471819646 0.3031733333333333
3 0.11370772946859903 1.03988 0.00509661835748791 -0.2303733333333333
2 0.4353542673107891 1.7517466666666666 -0.6024798711755234 -2.2203466666666665
2 0.38533413848631237 1.5927733333333332 -0.5202495974235104 -1.9829333333333334
3 0.3751409017713365 1.5963333333333334 -0.5003623188405798 -2.0056800000000004
2 0.20865539452495974 1.0094400000000001 -0.13565217391304346 -0.5666666666666667
2 0.2438003220611916 1.0121733333333334 -0.1941062801932367 -0.7073333333333335
4 0.2842753623188406 1.1921733333333333 -0.3638325281803543 -1.2395466666666668
