2 0.10434380032206118 0.6510266666666666 0.20868760064412237 0.6926133333333334
2 0.08391304347826087 0.9652133333333334 0.16782608695652174 0.06423999999999994
2 0.19304347826086957 1.0228933333333334 -0.06475040257648955 -0.39506666666666673
2 0.39021336553945246 2.13252 -0.4839049919484702 -2.2703733333333336
2 0.3656843800322061 1.5422399999999998 -0.4411433172302737 -1.5798399999999997
2 0.4556964573268921 1.8734400000000002 -0.680378421900161 -2.5526933333333335
2 0.33088566827697263 1.2075733333333332 -0.37365539452495977 -1.27696
2 0.3109581320450886 1.1107200000000002 -0.3253301127214171 -1.1229333333333333
2 0.2946376811594203 1.0573866666666665 -0.29761674718196457 -1.0498666666666667
1 0.2694082125603865 0.9435999999999999 -0.24865539452495972 -0.7982933333333333
8 0.34646537842190017 1.22816 -0.4211594202898551 -1.4226666666666665
