2 0.38047504025764894 1.8708799999999997 -0.47167471819645734 -1.7904533333333332
2 0.23548711755233495 1.0669066666666667 -0.17108695652173916 -0.6870933333333332
2 0.3576449275362319 1.4524133333333331 -0.4140338164251207 -1.4664800000000002
2 0.2582165861513687 1.0423866666666666 -0.22603059581320453 -0.8071200000000001
2 0.34546698872785836 1.3281866666666668 -0.39592592592592596 -1.3686933333333333
2 0.28219806763285027 1.0426 -0.2738808373590983 -0.9212000000000001
2 0.3402294685990338 1.2219466666666667 -0.38934782608695656 -1.3149333333333333
2 0.33474235104669886 1.1673733333333332 -0.38273752012882445 -1.2738933333333333
3 0.32823268921095006 1.15416 -0.38448470209339775 -1.2637866666666666
8 0.29446859903381645 1.1003866666666666 -0.31716586151368764 -1.0726666666666667
