2 0.3127012882447665 1.0973600000000001 -0.3383333333333334 -1.1236266666666668
2 0.46573671497584546 2.1533333333333333 -0.5926650563607085 -2.312
2 0.3839170692431562 1.9555466666666668 -0.47118357487922696 -1.9164266666666667
2 0.2919847020933977 1.0424533333333332 -0.29359903381642516 -0.9869333333333333
2 0.3526610305958132 1.37856 -0.41417874396135274 -1.43056
2 0.3400805152979066 1.3030933333333334 -0.3978904991948471 -1.3576
2 0.3370933977455717 1.2522133333333334 -0.393816425120773 -1.3106666666666666
2 0.33243961352657003 1.19872 -0.37698872785829307 -1.2715733333333334
2 0.24512479871175522 0.9121333333333331 -0.19543478260869565 -0.7381866666666667
2 0.2152053140096618 0.8233466666666667 -0.13372785829307565 -0.5496266666666667
0 0.362536231884058 1.2945866666666666 -0.45977455716586146 -1.4310399999999999
