2 0.4730515297906602 2.1533333333333333 -0.6517874396135266 -2.312
2 0.12152979066022544 0.8673599999999999 0.04830917874396135 -0.10607999999999992
2 0.2775563607085346 1.0195733333333334 -0.26553140096618355 -0.9218666666666667
2 0.19342592592592595 0.89196 -0.09461352657004833 -0.4407733333333333
2 0.24180354267310789 0.9333466666666667 -0.18505636070853462 -0.6738933333333333
2 0.32460547504025766 1.1404400000000001 -0.36703703703703705 -1.2244533333333332
2 0.3486916264090177 1.2965600000000002 -0.42799516908212565 -1.5661866666666664
3 0.40909017713365536 1.49728 -0.5760225442834138 -2.0386666666666664
8 0.2634380032206119 0.9753866666666666 -0.2467149758454106 -0.8171200000000001
8 0.29320853462157814 1.0906666666666667 -0.3112962962962963 -1.1421333333333332
8 0.3766626409017714 1.3851066666666665 -0.5050322061191627 -1.8032266666666668
8 0.33724235104669886 1.1962266666666665 -0.4144524959742351 -1.3476533333333334
8 0.4786392914653784 1.900426666666667 -0.7261352657004831 -2.8122666666666665
