2 0.31746779388083735 1.2370133333333333 -0.34764090177133655 -1.1748266666666665
2 0.27611111111111114 1.0875599999999999 -0.28033816425120767 -0.9689333333333333
2 0.3209541062801932 1.1925333333333334 -0.3713446054750403 -1.23872
2 0.5203220611916264 1.92272 -0.8265056360708535 -2.7732266666666665
2 0.48173913043478256 1.88592 -0.7435426731078905 -2.72928
8 0.07514895330112721 0.6462266666666666 0.13825281803542674 -0.11986666666666664
8 0.1749557165861514 0.7420666666666665 -0.07309983896940418 -0.38376000000000005
8 0.2391143317230274 0.8865066666666667 -0.20980676328502415 -0.7337599999999999
8 0.34520933977455714 1.2656666666666667 -0.4421256038647342 -1.5698933333333334
8 0.45340177133655396 1.6823333333333332 -0.6820048309178743 -2.386586666666666
