0 0.22092592592592591 0.8065066666666666 -0.18190016103059584 -0.5346133333333334
2 0.2025925925925926 0.8143466666666667 -0.15772946859903383 -0.5608
2 0.22340982286634462 0.86552 -0.18400161030595813 -0.6779733333333333
2 0.24463365539452495 0.9428666666666667 -0.22723832528180354 -0.8606133333333333
3 0.3052294685990338 1.1487733333333334 -0.3623268921095008 -1.2810133333333333
2 0.3222584541062802 1.1678933333333334 -0.38385668276972623 -1.34208
2 0.3380314009661836 1.2254666666666667 -0.41973429951690816 -1.4636266666666666
2 0.3522946859903382 1.2729066666666666 -0.43892109500805154 -1.5573866666666665
2 0.36712560386473425 1.3010666666666666 -0.4681159420289855 -1.6118400000000002
2 0.37571658615136877 1.3356933333333332 -0.4840418679549115 -1.6830133333333335
2 0.38394524959742354 1.3749733333333334 -0.5036070853462158 -1.7679733333333334
3 0.3969041867954911 1.4321599999999999 -0.5459500805152979 -1.8953066666666667
2 0.4094082125603865 1.4521866666666665 -0.560829307568438 -1.9496533333333332
2 0.4204669887278583 1.4776799999999999 -0.5784863123993559 -1.994773333333333
8 0.14979468599033818 0.6865066666666666 -0.0630354267310789 -0.49488000000000004
8 0.2772745571658615 0.999 -0.3146457326892109 -1.0643466666666668
8 0.4328542673107891 1.618453333333333 -0.6291545893719807 -2.2698666666666667
8 0.5196457326892109 1.8880933333333332 -0.8144927536231884 -2.8369866666666668
