3 0.0 0.873 0.0 0.24866666666666665
2 0.3780837359098229 2.1533333333333333 -0.506634460547504 -2.312
3 0.1652979066022544 1.1628266666666667 -0.11660225442834138 -0.5357866666666665
0 0.512133655394525 1.9219466666666667 -0.7844766505636072 -2.3511466666666663
0 0.37727858293075683 1.3596 -0.485829307568438 -1.5098666666666667
2 0.34321658615136874 1.2957466666666666 -0.39712560386473433 -1.3466933333333333
2 0.33341384863123996 1.2435333333333332 -0.38727858293075684 -1.3012533333333332
0 0.3131843800322061 1.0828933333333335 -0.3511996779388084 -1.11992
0 0.3158333333333333 1.09208 -0.35446859903381644 -1.1352533333333334
2 0.29097423510466985 1.0195733333333334 -0.30452495974235105 -1.0061866666666666
