2 0.30219806763285023 1.13788 -0.3191787439613526 -1.0854133333333333
2 0.07750402576489533 0.8340133333333333 0.15500805152979066 0.32664
2 0.10862721417069245 0.9195866666666667 0.0744524959742351 -0.09517333333333332
2 0.20107890499194847 0.9479200000000001 -0.1118035426731079 -0.5796800000000001
2 0.2318840579710145 0.98848 -0.18101449275362322 -0.7698666666666665
2 0.2636030595813204 1.0174400000000001 -0.25074879227053143 -0.9489066666666667
2 0.39740338164251204 1.9367333333333334 -0.4933252818035426 -2.00856
2 0.34492351046698877 1.2797999999999998 -0.4010386473429952 -1.3786933333333333
3 0.32287037037037036 1.1741333333333333 -0.38892914653784216 -1.2864
2 0.182902576489533 0.7881466666666667 -0.07807568438003218 -0.3817866666666666
2 0.30846215780998393 1.1172399999999998 -0.33644122383252817 -1.1230666666666667
2 0.07324476650563606 0.4317066666666667 0.14648953301127213 0.4046933333333333
2 0.14216988727858293 0.6475733333333332 0.00042673107890499285 -0.15562666666666664
8 0.3921779388083736 2.1506666666666665 -0.7759339774557166 -2.312
