2 0.30311996779388084 1.2759066666666667 -0.31285829307568436 -1.0494133333333333
2 0.189597423510467 0.7619466666666667 -0.05864734299516906 -0.29519999999999996
2 0.1574355877616747 0.6653733333333334 0.012181964573268917 -0.07714666666666668
2 0.23328502415458938 0.8731733333333332 -0.15619967793880837 -0.5798933333333334
2 0.48158615136876004 1.892453333333333 -0.6666183574879228 -2.5235733333333332
8 0.21143719806763286 0.7976133333333334 -0.12258454106280195 -0.4337866666666666
8 0.24876006441223836 0.9337199999999999 -0.2089694041867955 -0.7393333333333333
8 0.27853059581320444 0.9934399999999999 -0.28361513687600637 -0.9865599999999999
8 0.29153381642512083 1.0628933333333332 -0.3330998389694042 -1.1643466666666666
8 0.1380515297906602 0.5323333333333333 0.04264090177133656 0.09677333333333338
8 0.567890499194847 1.9631599999999998 -0.8371658615136875 -2.6870666666666665
