2 0.30201450443190975 1.0802393617021278 -0.3149879129734085 -1.047340425531915
2 0.07752618855761483 0.6914494680851064 0.15505237711522965 0.3425265957446808
2 0.14585817888799354 0.750811170212766 0.014923448831587437 -0.1389627659574468
2 0.19863013698630136 0.946502659574468 -0.09037872683319903 -0.4722074468085107
2 0.23179290894439963 0.8882845744680851 -0.16874294923448832 -0.6162500000000001
3 0.24112409347300565 0.9928324468085107 -0.24245769540692988 -0.7936436170212765
2 0.2766720386784851 0.9955851063829788 -0.25758259468170824 -0.8709574468085106
2 0.07368654311039484 0.47162234042553186 0.14737308622078968 0.4753191489361702
2 0.16732070910556002 0.7437499999999999 -0.042070910556003226 -0.26420212765957446
8 0.28073730862207896 1.0308643617021276 -0.2971716357775987 -0.9669414893617021
