2 0.08140096618357487 0.8916799999999999 0.16280193236714974 0.21130666666666667
2 0.3380515297906602 1.3805066666666668 -0.39104669887278587 -1.3938133333333331
2 0.0752536231884058 1.0215333333333332 0.1505072463768116 -0.048399999999999936
0 0.0783937198067633 0.6320133333333333 0.08781803542673108 0.69304
0 0.1339170692431562 0.6917866666666665 -0.008623188405797108 0.28352
2 0.2733333333333334 1.027 -0.2675845410628019 -0.9021066666666665
2 0.32546296296296295 1.2159066666666667 -0.36983091787439615 -1.2645600000000001
0 0.15367954911433174 0.75924 -0.03410628019323673 0.2033866666666667
2 0.2862399355877617 1.0259466666666668 -0.2841545893719807 -0.95936
2 0.31873188405797104 1.1365733333333334 -0.36187600644122386 -1.1953866666666666
8 0.2990821256038647 1.08096 -0.3364573268921095 -1.1171200000000001
8 0.07347020933977455 0.6434666666666666 0.08289855072463767 0.7023999999999999
