2 0.388341384863124 2.0368266666666663 -0.5558615136876006 -2.5450133333333333
2 0.5408695652173913 1.9041066666666666 -0.856876006441224 -2.8104533333333332
2 0.5218438003220612 1.9053733333333331 -0.8119967793880838 -2.80792
2 0.21773752012882447 0.9383733333333333 -0.14653784219001612 -0.5577066666666666
2 0.25111513687600645 1.0565866666666668 -0.22150563607085347 -0.8034133333333332
2 0.3814855072463768 1.5182933333333333 -0.5301046698872786 -1.9883733333333333
2 0.4414694041867954 1.6049866666666666 -0.6460789049919484 -2.229653333333333
3 0.4831763285024154 1.7684399999999998 -0.7483977455716585 -2.5844
2 0.4578381642512077 1.6637199999999999 -0.676207729468599 -2.3567199999999997
2 0.23929549114331722 0.9573866666666666 -0.18897745571658617 -0.6939200000000001
2 0.33097020933977456 1.19588 -0.38818840579710145 -1.3185866666666668
2 0.31092190016103055 1.10436 -0.34015297906602254 -1.1442933333333334
2 0.2894041867954911 1.0225333333333335 -0.30663446054750404 -1.06144
