3 0.03946859903381643 0.9372933333333333 0.07893719806763286 0.12007999999999992
2 0.4116545893719807 2.1533333333333333 -0.520877616747182 -2.312
2 0.3844444444444444 1.6390933333333335 -0.4779710144927536 -1.6828800000000002
3 0.04791062801932367 0.6403466666666666 0.09582125603864734 0.17514666666666676
2 0.3775925925925926 1.5261333333333331 -0.5006441223832527 -1.72624
3 0.3050161030595814 1.1222666666666665 -0.34925925925925927 -1.1510933333333333
3 0.38481884057971016 1.6048133333333334 -0.5449838969404187 -2.10488
2 0.2506642512077295 0.9403066666666666 -0.21773752012882447 -0.7682933333333334
2 0.21873188405797103 0.8646933333333333 -0.17364734299516907 -0.6187199999999999
2 0.3566908212560386 1.2979466666666666 -0.442061191626409 -1.5264533333333334
3 0.32483494363929144 1.1585466666666666 -0.40873590982286634 -1.3451999999999997
4 0.30488727858293074 1.1083466666666666 -0.38743961352657 -1.2394666666666665
2 0.1761392914653784 0.7269466666666667 -0.07086151368760063 -0.34466666666666673
8 0.2806320450885668 1.0267866666666665 -0.29451690821256044 -1.0198666666666667
