2 0.09903381642512077 0.9013333333333333 0.09608695652173913 -0.20602666666666664
2 0.3722302737520129 1.52196 -0.44450885668276974 -1.5739466666666666
2 0.17503623188405798 0.9263733333333333 -0.05424315619967794 -0.5308266666666667
2 0.21595008051529788 0.9516666666666667 -0.1415780998389694 -0.6780533333333333
2 0.22855877616747183 0.9940399999999999 -0.16363929146537842 -0.7712266666666667
2 0.23264492753623187 0.9834666666666667 -0.17606280193236712 -0.7837866666666665
2 0.35840177133655393 1.39804 -0.42941223832528175 -1.4705866666666667
2 0.34844202898550725 1.26068 -0.3998148148148148 -1.3562399999999997
2 0.2539371980676328 1.01028 -0.21457326892109502 -0.84792
3 0.331231884057971 1.1738133333333332 -0.3931723027375201 -1.2959466666666666
8 0.28314814814814815 1.1392799999999998 -0.2995491143317231 -1.2004266666666665
