2 0.1943438003220612 0.7961466666666667 -0.09028180354267311 -0.33890666666666674
3 0.16831723027375203 0.7095333333333335 -0.055314009661835764 -0.23544000000000004
2 0.08503623188405797 0.481 0.17007246376811594 0.7073333333333333
2 0.08822463768115942 0.4629466666666667 0.1483977455716586 0.29906666666666665
2 0.3900805152979066 1.3874666666666664 -0.4927375201288245 -1.6838933333333335
7 0.42668679549114324 1.4595866666666666 -0.5770450885668277 -1.8974133333333332
8 0.07968599033816424 0.47237333333333337 0.1593719806763285 0.6945066666666666
8 0.13175925925925927 0.5920533333333333 0.04851046698872786 -0.00042666666666665756
8 0.21814814814814815 0.8781733333333333 -0.1460708534621578 -0.5393333333333333
8 0.4118840579710145 1.4392666666666667 -0.5519967793880838 -1.8448799999999999
8 0.45088566827697263 1.7184399999999997 -0.6434138486312398 -2.403226666666667
