2 0.37939210950080515 1.9238799999999998 -0.528671497584541 -2.3950666666666667
2 0.5278743961352657 1.9043066666666666 -0.8275362318840579 -2.8100533333333333
2 0.510841384863124 1.9055866666666668 -0.7866103059581321 -2.807493333333333
2 0.22408212560386473 0.9442933333333333 -0.15438003220611918 -0.5768533333333333
2 0.26137278582930756 1.05552 -0.234597423510467 -0.8306133333333331
2 0.377866344605475 1.4934666666666665 -0.5187439613526571 -1.93792
2 0.43613123993558783 1.5815733333333333 -0.6318921095008052 -2.1786133333333333
3 0.47687198067632847 1.7379333333333333 -0.7319082125603864 -2.51992
2 0.45336956521739136 1.6413466666666665 -0.6604750402576489 -2.2960266666666667
2 0.24332528180354265 0.9627599999999998 -0.1907890499194847 -0.69416
2 0.32993156199677937 1.1898799999999998 -0.38248792270531395 -1.3004533333333332
2 0.3108574879227053 1.1016000000000001 -0.3350966183574879 -1.12608
2 0.2886513687600644 1.0160133333333332 -0.29857487922705306 -1.0271200000000003
