0 0.4778554119547657 2.078181818181818 -0.7528352180936995 -2.161711229946524
0 0.3273869143780291 1.3783288770053475 -0.3898949919224555 -1.0441443850267378
0 0.14755250403877224 0.9512299465240641 -0.044216478190630036 0.092192513368984
0 0.4357310177705977 2.1524064171122994 -0.7155977382875606 -2.3101604278074865
1 0.20327948303715668 1.1179411764705882 -0.13145395799676898 -0.24122994652406424
0 0.4227221324717286 1.6448663101604275 -0.6312277867528271 -1.862994652406417
5 0.2166155088852989 0.9613903743315507 -0.09904684975767368 -0.2359893048128342
5 0.24385702746365104 0.9682887700534758 -0.16388529886914377 -0.525614973262032
0 0.2664903069466882 0.9874465240641711 -0.25571082390953154 -0.7408288770053474
0 0.26203150242326334 0.966163101604278 -0.24050888529886916 -0.6974598930481284
0 0.29419628432956385 1.0884358288770053 -0.31039579967689823 -0.9235026737967914
0 0.30861470113085626 1.1204679144385026 -0.33905492730210024 -1.0017379679144385
0 0.2748465266558966 1.0151336898395722 -0.2742003231017771 -0.8032085561497325
8 0.11113085621970921 0.7179679144385026 0.08993537964458806 0.29770053475935826
8 0.31127625201938613 1.172139037433155 -0.35399030694668826 -1.0828877005347592
