2 0.37169082125603864 1.6402266666666667 -0.4417874396135266 -1.7940533333333333
2 0.07468196457326892 0.7088133333333333 0.14936392914653784 0.2684
2 0.11300322061191626 0.8061866666666666 0.06900161030595812 -0.19424000000000008
2 0.35953703703703704 1.5239333333333334 -0.4123429951690821 -1.6387466666666666
2 0.14754025764895332 0.8118533333333333 -0.011795491143317235 -0.3195466666666667
2 0.18289855072463765 0.8130266666666666 -0.08130434782608695 -0.42456
2 0.2566062801932367 0.9321466666666667 -0.21551529790660226 -0.7497333333333333
8 0.24330917874396135 0.8767866666666667 -0.1963929146537842 -0.6643466666666668
8 0.46220611916264087 1.7476133333333332 -0.6308373590982287 -2.278213333333333
8 0.5796095008051529 2.1506 -0.7515700483091787 -2.3118666666666665
