2 0.3590901771336554 1.5926266666666666 -0.43434782608695655 -1.59512
2 0.07792270531400966 0.6902133333333335 0.15584541062801932 0.12810666666666673
2 0.45210144927536233 2.1533333333333333 -0.5981964573268921 -2.312
2 0.3475644122383253 1.37328 -0.4173349436392915 -1.4358933333333335
2 0.2262157809983897 0.9793866666666666 -0.15091787439613527 -0.592
2 0.24557165861513688 0.98964 -0.20834138486312398 -0.7274399999999999
2 0.33649355877616743 1.2550666666666666 -0.39089371980676324 -1.3260266666666667
2 0.2647181964573269 1.0088266666666665 -0.24679549114331722 -0.8381333333333335
2 0.3341062801932367 1.22776 -0.3873590982286635 -1.33472
3 0.31738727858293075 1.1974399999999998 -0.39739935587761677 -1.3091733333333333
2 0.2873993558776168 1.0057466666666666 -0.2856360708534622 -0.9692533333333334
8 0.29488727858293073 1.10316 -0.3196779388083736 -1.16712
