2 0.32988325281803543 1.19032 -0.3635185185185185 -1.2361599999999997
2 0.22511272141706926 0.9662933333333333 -0.1593719806763285 -0.7349333333333333
2 0.18662640901771335 0.9221333333333334 -0.07542673107890499 -0.5321066666666666
2 0.3719122383252818 1.5293333333333332 -0.4511352657004831 -1.7689599999999996
2 0.12562801932367149 0.88384 0.02365539452495974 -0.3282666666666667
2 0.09662640901771335 0.8858800000000001 0.10447665056360708 -0.23021333333333327
2 0.07712962962962963 0.8742 0.15425925925925926 -0.022746666666666592
2 0.07686795491143317 0.7529333333333333 0.15373590982286633 0.45541333333333334
2 0.44617149758454105 2.0725333333333333 -0.5978824476650563 -2.4736
2 0.49009661835748797 2.1295466666666667 -0.6685507246376812 -2.359573333333333
8 0.2709863123993559 1.1239999999999999 -0.2634863123993559 -1.1254399999999998
