2 0.3768196457326892 1.69784 -0.4533655394524959 -1.8676266666666665
2 0.07432769726247987 0.6764133333333334 0.14865539452495974 0.42168000000000005
2 0.09621578099838969 0.7906666666666666 0.10181964573268919 -0.12864000000000003
2 0.3632206119162641 1.5629333333333333 -0.4208212560386474 -1.6899733333333333
2 0.1384621578099839 0.8037733333333332 0.007584541062801945 -0.27687999999999996
2 0.1665257648953301 0.8322933333333333 -0.054629629629629625 -0.3684799999999999
2 0.1778502415458937 0.8055866666666666 -0.07185185185185183 -0.40162666666666663
2 0.25657004830917873 0.9335199999999999 -0.21516908212560387 -0.7488533333333335
8 0.22737117552334943 0.8767733333333334 -0.16619162640901775 -0.66432
8 0.46514492753623193 1.7948266666666666 -0.6400644122383253 -2.356
