2 0.3141867954911433 1.1954 -0.329951690821256 -1.1223733333333332
2 0.07401771336553946 0.86848 0.14803542673107892 0.25770666666666664
2 0.1284380032206119 0.9972933333333334 0.0505636070853462 -0.2470133333333333
2 0.22040660225442835 1.0150666666666666 -0.15213365539452497 -0.6831466666666667
2 0.232463768115942 0.9990666666666665 -0.16887278582930756 -0.7101866666666666
2 0.2623510466988728 1.03704 -0.23576489533011272 -0.9254933333333332
3 0.28651771336553944 1.0556133333333333 -0.3073510466988728 -1.0888266666666666
2 0.3930998389694042 1.7038133333333334 -0.4703703703703704 -1.7783466666666665
2 0.36335346215780995 1.4397999999999997 -0.438768115942029 -1.5400266666666667
0 0.3577938808373591 1.2957733333333334 -0.4218518518518519 -1.3089866666666667
2 0.3455112721417069 1.2587866666666667 -0.40670692431562 -1.3744266666666665
2 0.3151409017713366 1.1399466666666667 -0.3439049919484702 -1.14928
2 0.09320048309178745 0.5829733333333333 0.09060386473429952 0.040346666666666656
3 0.39008856682769727 1.47976 -0.5109661835748791 -1.8561066666666666
8 0.177890499194847 0.7226133333333333 -0.0856843800322061 -0.41711999999999994
