2 0.07527375201288244 0.7153066666666666 0.1505475040257649 0.5640533333333333
2 0.0735950080515298 0.8195333333333334 0.1394766505636071 -0.06455999999999994
2 0.100841384863124 0.85592 0.04479066022544283 -0.26986666666666664
1 0.2699355877616747 0.9965733333333334 -0.2553301127214171 -0.7698933333333334
2 0.4661755233494364 2.1182 -0.6332528180354268 -2.3822666666666668
2 0.4386835748792271 1.9687066666666668 -0.5788808373590982 -2.307386666666667
2 0.40088566827697264 1.8233599999999999 -0.5087600644122383 -2.143626666666667
2 0.3813244766505636 1.6639466666666667 -0.46524154589371974 -1.9482133333333331
2 0.3731521739130435 1.57496 -0.4714090177133655 -1.8306133333333334
2 0.20648953301127218 0.9325866666666667 -0.12130434782608697 -0.6546666666666667
2 0.2227576489533011 0.9483466666666667 -0.1555797101449275 -0.7187733333333333
2 0.32643317230273755 1.1930666666666665 -0.3640901771336553 -1.2395199999999997
2 0.3206280193236715 1.1302266666666665 -0.35624798711755234 -1.1910666666666665
3 0.3110748792270532 1.0771866666666667 -0.35124798711755234 -1.1553866666666668
8 0.27601851851851855 1.0573466666666667 -0.2836151368760065 -1.07544
