2 0.3102173913043478 1.1401999999999999 -0.338341384863124 -1.1268533333333335
2 0.454951690821256 2.1533333333333333 -0.6414814814814815 -2.312
2 0.39256038647342995 1.79464 -0.5003703703703704 -1.9507199999999998
2 0.36531400966183575 1.5875199999999998 -0.4585668276972624 -1.7352533333333333
2 0.35805152979066024 1.49372 -0.43652173913043474 -1.6799733333333333
2 0.3484339774557166 1.4191333333333334 -0.4248228663446056 -1.6021066666666668
2 0.3447584541062802 1.3312533333333332 -0.4085829307568437 -1.5210666666666666
2 0.27392109500805156 0.9759733333333334 -0.2563929146537842 -0.8711466666666668
2 0.3356159420289855 1.2513333333333332 -0.39219806763285026 -1.4212266666666666
2 0.3304307568438003 1.2078266666666664 -0.379975845410628 -1.3606666666666665
3 0.3251851851851852 1.1773733333333332 -0.3784057971014493 -1.32792
2 0.262487922705314 0.93196 -0.24214170692431564 -0.82488
2 0.25429146537842195 0.8864799999999999 -0.223365539452496 -0.7493333333333333
8 0.2814694041867955 1.03928 -0.29284219001610307 -1.0615466666666666
