0 0.2498792270531401 0.9684933333333333 -0.20838969404186794 -0.5777866666666666
0 0.16061996779388085 0.8787733333333332 -0.050096618357487924 0.09418666666666664
0 0.21950885668276973 0.94928 -0.15966183574879225 -0.3173866666666666
0 0.1995893719806763 0.8661333333333332 -0.12177133655394523 -0.17482666666666666
0 0.36174315619967795 1.3650133333333332 -0.4567713365539453 -1.3589866666666668
0 0.3725925925925926 1.3952666666666667 -0.4747987117552335 -1.4328266666666665
0 0.23045893719806765 0.9323333333333333 -0.17441223832528183 -0.4463733333333333
8 0.2667914653784219 0.95456 -0.24000805152979063 -0.78656
8 0.2927898550724638 1.0726 -0.3003945249597424 -0.9949066666666666
8 0.28146537842190017 1.0045466666666667 -0.2794202898550725 -0.9365599999999997
