2 0.0673671497584541 0.92528 0.1347342995169082 0.14410666666666672
2 0.4090660225442834 2.1533333333333333 -0.5208373590982287 -2.312
2 0.2846175523349436 1.2160266666666666 -0.2853381642512078 -1.0801599999999998
2 0.3983212560386474 1.67464 -0.5024718196457326 -1.733493333333333
2 0.39569645732689207 1.5620533333333333 -0.5135507246376811 -1.7547199999999998
2 0.5093478260869565 1.9298666666666666 -0.7960225442834139 -2.758933333333333
3 0.4707890499194847 1.8566 -0.7253301127214171 -2.6017333333333332
3 0.4374677938808374 1.7045866666666667 -0.6397020933977455 -2.282186666666667
2 0.3206360708534622 1.1898133333333334 -0.36721417069243156 -1.2696533333333333
2 0.3883252818035427 1.38748 -0.49808373590982286 -1.6713866666666668
2 0.33717793880837355 1.2095466666666665 -0.405402576489533 -1.3745599999999998
4 0.3624194847020934 1.3179066666666666 -0.4990096618357488 -1.6590133333333332
8 0.22024557165861514 0.98096 -0.16367954911433172 -0.8837866666666668
8 0.3439533011272142 1.2489999999999999 -0.43793880837359095 -1.4587999999999999
8 0.38714573268921093 1.4781733333333333 -0.5427777777777778 -1.9393333333333334
