2 0.447085346215781 2.1533333333333333 -0.633671497584541 -2.312
2 0.2606723027375201 1.0137466666666666 -0.22243961352657005 -0.7966133333333334
2 0.4016867954911433 1.8101466666666668 -0.4914734299516909 -1.8873866666666665
2 0.3728945249597424 1.5056666666666667 -0.455 -1.60776
2 0.364170692431562 1.38376 -0.43331723027375196 -1.4881600000000001
2 0.2738244766505636 1.0276933333333333 -0.2513848631239936 -0.8848266666666665
2 0.35663446054750403 1.3189066666666664 -0.42125603864734296 -1.4344
2 0.2830032206119163 1.0366133333333332 -0.2693236714975845 -0.9337599999999999
2 0.35150161030595817 1.27624 -0.4126650563607085 -1.3934399999999998
2 0.300390499194847 1.05932 -0.30907407407407406 -1.0418933333333333
8 0.33221014492753626 1.1837333333333333 -0.38593397745571656 -1.3282133333333335
