2 0.08760466988727858 0.8578 0.15063607085346217 0.14498666666666668
2 0.22924315619967792 1.0374933333333334 -0.14995169082125603 -0.5857066666666666
2 0.1675281803542673 0.8963066666666667 -0.017085346215781 -0.23784
1 0.38816022544283413 1.5749866666666665 -0.4872061191626409 -1.6618133333333334
2 0.5107045088566827 1.9955466666666668 -0.7757568438003221 -2.6275733333333333
1 0.4010346215780999 1.6575866666666668 -0.5151449275362319 -1.7395466666666664
0 0.15691223832528178 0.6685733333333332 -0.020475040257648958 0.09127999999999997
2 0.27404589371980675 1.03264 -0.25055555555555553 -0.8478933333333334
2 0.2922222222222222 1.02608 -0.28930756843800326 -0.9635200000000002
3 0.2927495974235105 1.02748 -0.30715780998389697 -1.0075466666666668
2 0.32691223832528177 1.2538399999999998 -0.3641626409017713 -1.3547733333333334
2 0.3186272141706924 1.1756533333333332 -0.3515700483091787 -1.2633066666666666
3 0.25126811594202897 1.036 -0.22367954911433177 -0.7610133333333334
8 0.30537037037037035 1.0823333333333334 -0.3389694041867955 -1.1032266666666668
