2 0.3009830781627719 1.0885771276595744 -0.32253021756647865 -1.0733244680851064
2 0.08124093473005639 0.8275265957446808 0.16248186946011278 0.33962765957446805
2 0.07574133763094279 0.6910771276595745 0.13317485898468975 0.11837765957446814
2 0.19234488315874296 0.944188829787234 -0.08556003223207091 -0.45348404255319147
2 0.18156728444802578 0.8116356382978723 -0.0677115229653505 -0.37199468085106385
2 0.2480096696212732 0.9709175531914893 -0.20014504431909752 -0.7273670212765958
2 0.25616035455277997 0.9612898936170212 -0.22495568090249798 -0.7831117021276597
7 0.2683118452860596 0.9957446808510637 -0.27037066881547134 -0.8847340425531915
2 0.13719983883964543 0.6805585106382979 0.011901692183722811 -0.12223404255319151
8 0.28326349717969374 1.0239228723404254 -0.3022240128928283 -0.9697074468085105
