2 0.29569243156199676 1.0943999999999998 -0.30581320450885663 -1.0365333333333333
2 0.07703301127214171 0.6626133333333334 0.15406602254428342 0.5860799999999999
2 0.14834541062801931 1.1323466666666666 0.02917069243156201 -0.27002666666666664
2 0.22689210950080516 1.0878800000000002 -0.15790660225442835 -0.6340000000000001
2 0.17841787439613527 0.90172 -0.07132850241545892 -0.47495999999999994
7 0.27864331723027375 0.9903466666666666 -0.26527375201288245 -0.864
2 0.2231561996779388 0.9306 -0.15940418679549115 -0.7091466666666667
2 0.25105475040257647 0.9665466666666668 -0.21805152979066025 -0.8461066666666667
3 0.26113526570048307 0.9833866666666667 -0.2520772946859904 -0.9189333333333334
4 0.2905193236714976 2.093933333333333 -0.5810386473429952 -2.1932
2 0.3330273752012882 1.26264 -0.383365539452496 -1.3081599999999998
2 0.325024154589372 1.1836266666666666 -0.36822866344605476 -1.2485333333333335
4 0.3000925925925926 1.1578133333333334 -0.38493558776167475 -1.2414933333333336
2 0.13313607085346219 0.6327866666666667 0.02295491143317232 -0.09026666666666665
2 0.2952495974235105 1.0636133333333333 -0.31032206119162636 -1.0372000000000001
