0 0.36328352180936996 1.577139037433155 -0.4673586429725363 -1.159625668449198
0 0.38233844911147014 1.687874331550802 -0.522124394184168 -1.3810962566844918
0 0.14802504038772213 0.9059090909090909 -0.041865912762520184 0.13
0 0.38979806138933765 1.4746122994652406 -0.5158804523424879 -1.6384759358288767
0 0.4177665589660743 1.5037700534759357 -0.5760823909531503 -1.8148663101604277
0 0.45214054927302105 1.7251336898395722 -0.6469466882067852 -1.9358823529411764
2 0.2886873990306947 1.0862032085561497 -0.30608239095315026 -1.0273262032085562
8 0.23994345718901455 1.004077540106952 -0.2113247172859451 -0.7856417112299466
8 0.31211227786752826 1.1707486631016042 -0.3573424878836834 -1.2189839572192511
8 0.36162358642972536 1.2818582887700534 -0.44294022617124396 -1.4023262032085562
