2 0.03335346215780998 0.8708133333333333 0.06670692431561996 0.25303999999999993
2 0.3942914653784219 2.092413333333333 -0.48307568438003223 -2.1901599999999997
2 0.2482890499194847 0.9724133333333334 -0.23182769726247984 -0.8030666666666666
2 0.12617149758454105 1.0172133333333333 0.021199677938808385 -0.18808000000000008
2 0.362073268921095 1.54368 -0.4426811594202899 -1.5919999999999999
2 0.33948872785829304 1.3233066666666666 -0.405402576489533 -1.4061866666666665
2 0.3274194847020934 1.2375333333333332 -0.3865458937198068 -1.3196533333333333
2 0.32283816425120776 1.18648 -0.37379227053140096 -1.2741333333333336
2 0.26905797101449275 0.9717466666666665 -0.2705152979066023 -0.9160799999999999
8 0.2793719806763285 1.10316 -0.30542673107890494 -1.1949066666666668
8 0.36324476650563603 1.3184533333333333 -0.47987117552334946 -1.6810133333333332
