2 0.07001610305958131 0.7560133333333333 0.14003220611916262 0.48264
2 0.06716183574879228 0.84864 0.13432367149758456 -0.025439999999999904
2 0.09061594202898551 0.7894666666666666 0.09503220611916265 -0.0949333333333334
2 0.14147745571658613 0.8913333333333333 0.016223832528180358 -0.3326933333333333
2 0.14991545893719807 0.8863466666666666 -0.02559581320450885 -0.47242666666666655
2 0.19008051529790662 0.9107466666666666 -0.10932367149758457 -0.6013333333333333
2 0.1950040257648953 0.9349466666666667 -0.1358856682769726 -0.66808
1 0.28882447665056366 1.0176266666666667 -0.29969404186795495 -0.9422399999999999
2 0.39596618357487917 1.9842533333333334 -0.47441223832528184 -1.97384
2 0.4145330112721417 1.9176 -0.55085346215781 -2.3204266666666666
2 0.4036231884057971 1.7300133333333332 -0.5164251207729469 -2.0441333333333334
2 0.38807165861513687 1.59288 -0.4882045088566827 -1.8762133333333333
2 0.38356682769726247 1.5133866666666667 -0.4847504025764895 -1.7786133333333334
2 0.3661996779388084 1.47976 -0.45128824476650564 -1.7368
2 0.35866747181964576 1.4268266666666665 -0.4307648953301127 -1.6685333333333332
2 0.3559138486312399 1.39312 -0.43965378421900164 -1.62272
2 0.23845410628019326 0.9642533333333332 -0.19967793880837362 -0.8363999999999999
2 0.24910225442834139 0.97788 -0.21905797101449279 -0.8712266666666665
2 0.3258695652173913 1.1625866666666667 -0.37069243156199677 -1.25168
3 0.31293880837359095 1.0793066666666666 -0.3627375201288245 -1.1952533333333333
8 0.2911151368760065 1.0573466666666667 -0.3238727858293076 -1.13656
