2 0.07563204508856683 0.70484 0.15126409017713366 0.13239999999999993
2 0.11421497584541061 0.7612533333333333 0.06364734299516908 -0.1310933333333334
2 0.14214573268921096 0.8055733333333334 0.01387278582930756 -0.2838933333333333
2 0.16405394524959743 0.8459066666666667 -0.04667471819645733 -0.42450666666666664
2 0.19143317230273754 0.8688266666666666 -0.08930756843800323 -0.5056
2 0.2036392914653784 0.8726533333333333 -0.11499194847020934 -0.5686666666666667
2 0.2161231884057971 0.8863599999999999 -0.1419404186795491 -0.5948533333333333
2 0.22870370370370371 0.9186666666666666 -0.16117552334943638 -0.6897066666666666
2 0.23304347826086957 0.9211333333333334 -0.18563607085346218 -0.7286666666666667
2 0.2419363929146538 0.9441333333333334 -0.19665861513687602 -0.7733333333333333
2 0.2483816425120773 0.9535466666666668 -0.20993558776167473 -0.8104533333333334
8 0.2747584541062802 1.0170533333333331 -0.2760708534621579 -0.96712
8 0.3087278582930757 1.1615066666666667 -0.33729468599033813 -1.2782133333333334
8 0.36743558776167473 1.9075866666666668 -0.4832286634460548 -2.7981599999999998
8 0.5490136876006442 1.9812 -0.8111513687600643 -2.650933333333333
