2 0.0952827140549273 0.7617513368983956 0.1905654281098546 0.47114973262032084
0 0.3744103392568659 1.4734625668449197 -0.48258481421647825 -1.3985828877005344
1 0.24631260096930535 0.9524598930481284 -0.22629240710823909 -0.6832085561497326
0 0.3261833602584815 1.199398395721925 -0.3913812600969306 -1.1964438502673793
1 0.22594911147011312 0.9067112299465241 -0.18742326332794831 -0.5366310160427807
3 0.2748990306946688 1.0493449197860962 -0.3227867528271406 -1.0390641711229947
8 0.09273424878836835 0.7182085561497327 0.1854684975767367 0.5528877005347593
8 0.2605048465266559 0.972139037433155 -0.26587237479806136 -0.9106417112299465
8 0.21644588045234253 0.815187165775401 -0.16600969305331184 -0.48005347593582876
8 0.2986873990306947 1.098529411764706 -0.35062197092084 -1.1022994652406417
