2 0.08801127214170693 0.7340399999999999 0.17602254428341385 0.5265866666666666
2 0.482512077294686 2.0277066666666665 -0.721755233494364 -2.5632533333333334
2 0.16196457326892108 0.9106933333333332 -0.006956521739130424 -0.2703466666666666
2 0.3917995169082126 1.9509466666666666 -0.48912238325281804 -1.9731466666666664
2 0.36275362318840576 1.5195199999999998 -0.4406119162640902 -1.5666133333333334
2 0.21797101449275363 0.9309199999999999 -0.12913043478260872 -0.5116533333333333
2 0.34813607085346215 1.3156533333333333 -0.40553140096618356 -1.4046933333333333
2 0.25074074074074076 0.9733333333333333 -0.2018035426731079 -0.7341866666666668
2 0.3412520128824477 1.2608 -0.38973429951690824 -1.3411199999999999
2 0.2740418679549114 0.9893599999999999 -0.25579710144927537 -0.8656533333333335
2 0.33423510466988726 1.20228 -0.3798228663446055 -1.2846666666666666
2 0.2944001610305958 1.0552533333333332 -0.30675523349436395 -1.0877333333333332
8 0.06885668276972624 0.61428 0.13238325281803542 0.08290666666666667
8 0.17243961352657006 0.9503999999999999 -0.06806763285024153 -0.8004266666666667
