0 0.3993214862681745 1.781163101604278 -0.5788045234248789 -1.5676737967914436
0 0.4535420032310178 1.872754010695187 -0.7206542810985461 -2.032941176470588
0 0.5419184168012924 2.083114973262032 -0.8842568659127626 -2.448743315508021
5 0.11939822294022617 0.8166577540106952 0.1457108239095315 0.36133689839572186
5 0.16278675282714056 0.8984090909090908 0.05418416801292406 0.1978342245989305
5 0.2201009693053312 0.9667647058823529 -0.116437802907916 -0.3624064171122994
5 0.1762237479806139 0.944879679144385 0.02800484652665589 0.10489304812834228
0 0.2729765751211632 1.0487700534759359 -0.2839660743134088 -0.7761497326203207
0 0.26149838449111473 1.0102139037433153 -0.2576978998384491 -0.7117112299465241
0 0.2984168012924071 1.1152673796791444 -0.3356542810985461 -0.9880213903743315
0 0.31096526655896606 1.1217379679144384 -0.3630129240710824 -1.1050802139037432
0 0.31979806138933764 1.1739572192513368 -0.3775605815831987 -1.1171122994652407
0 0.34508481421647824 1.2495454545454545 -0.43847334410339256 -1.3474331550802137
2 0.28632471728594505 1.0213235294117646 -0.3026009693053312 -1.0197058823529412
0 0.2533441033925687 0.9845187165775402 -0.24353796445880455 -0.7337967914438502
0 0.33212439418416806 1.2035026737967913 -0.4020032310177706 -1.213368983957219
8 0.09189822294022618 0.6001336898395722 0.18379644588045235 0.7889304812834225
8 0.15518982229402262 0.9249197860962567 0.020282714054927313 -0.13839572192513366
8 0.2495961227786753 0.9652005347593583 -0.20042003231017771 -0.5800802139037432
