2 0.08910628019323671 0.8781199999999999 0.17821256038647343 0.23842666666666673
2 0.33655797101449275 1.2558266666666666 -0.383743961352657 -1.3034933333333334
2 0.17884057971014494 1.00416 -0.03930756843800322 -0.32671999999999995
2 0.3972624798711755 1.6677466666666665 -0.5259420289855072 -2.1254133333333334
2 0.3817914653784219 1.57144 -0.5181884057971015 -1.9761600000000001
7 0.24361916264090175 0.91532 -0.16387278582930753 -0.6080266666666666
2 0.24539452495974232 0.94668 -0.19521739130434781 -0.6885066666666668
2 0.20548309178743962 0.8992933333333334 -0.10046698872785832 -0.4427999999999999
2 0.369633655394525 1.4461466666666665 -0.471231884057971 -1.7699466666666666
2 0.2661916264090177 0.9720666666666665 -0.2338003220611916 -0.8031733333333333
3 0.49572061191626404 1.9095333333333333 -0.7727294685990338 -2.7996
8 0.27433977455716585 1.1503866666666667 -0.2785829307568438 -1.2004533333333334
8 0.3414331723027375 1.2614933333333334 -0.4211594202898551 -1.49488
8 0.4529830917874396 1.724 -0.6643880837359099 -2.414346666666667
