2 0.41171900161030595 2.1533333333333333 -0.5009581320450887 -2.312
2 0.08198067632850241 0.6641466666666667 0.16396135265700482 0.6663733333333333
2 0.0768719806763285 0.7937466666666666 0.153743961352657 0.1989066666666666
2 0.08056763285024154 0.8242666666666667 0.14116747181964573 -0.06965333333333334
2 0.12454911433172303 0.8555866666666667 0.03644122383252817 -0.2607200000000001
2 0.34875603864734295 1.42524 -0.4043719806763285 -1.4552266666666667
2 0.1945813204508857 0.9603466666666666 -0.09106280193236717 -0.6153599999999999
2 0.33995169082125604 1.26668 -0.3896940418679549 -1.3515466666666665
2 0.20352657004830915 0.9275333333333333 -0.11864734299516908 -0.6088266666666667
2 0.21448872785829307 0.9278799999999999 -0.15427536231884056 -0.6597066666666667
2 0.32795088566827696 1.17116 -0.3797342995169082 -1.2698399999999999
8 0.25588969404186795 1.13512 -0.255096618357488 -1.1532266666666666
