2 0.23837359098228664 0.9395333333333334 -0.16726247987117554 -0.6127733333333334
2 0.3350684380032206 1.2347333333333332 -0.3872061191626409 -1.3161333333333332
2 0.2526489533011272 0.95864 -0.1991143317230274 -0.7124799999999999
2 0.2648188405797101 0.97912 -0.23651368760064412 -0.8049066666666668
2 0.2730998389694042 0.9870666666666665 -0.2507568438003221 -0.8521599999999998
3 0.46436392914653785 1.7315733333333334 -0.7157971014492753 -2.5116799999999997
2 0.08472624798711756 0.46186666666666665 0.16945249597423512 0.3971733333333333
2 0.10494363929146538 0.5233599999999999 0.12639291465378424 0.26037333333333335
2 0.12078502415458936 0.5881866666666666 0.08619162640901772 0.11877333333333331
8 0.28566022544283415 1.1309333333333333 -0.29619967793880836 -1.2060266666666666
8 0.3514975845410628 1.4212133333333334 -0.45135265700483096 -1.8421066666666666
